> -L"antarctic_islands_coastlines"
-62.850236028	-64.8061023759
-62.847885147	-64.808056006
-62.846709565	-64.8090328111
-62.849001733	-64.8095337937
-62.847826124	-64.8105106139
-62.850118454	-64.8110115802
-62.852410877	-64.8115125084
-62.854703394	-64.8120133985
-62.856996006	-64.8125142504
-62.859288711	-64.8130150641
-62.860463982	-64.8120381345
-62.862756714	-64.8125388882
-62.863931822	-64.81156193
-62.86622458	-64.8120626237
-62.86504954	-64.8130396038
-62.86734246	-64.8135402812
-62.866167393	-64.8145172765
-62.868460474	-64.8150179376
-62.867285381	-64.8159949481
-62.869578624	-64.816495593
-62.871871962	-64.8169961996
-62.874165393	-64.8174967682
-62.876458919	-64.8179972985
-62.878752539	-64.8184977907
-62.881046253	-64.8189982447
-62.883340061	-64.8194986605
-62.885633963	-64.8199990382
-62.884459317	-64.820976217
-62.886753381	-64.8214765783
-62.885578708	-64.8224537723
-62.887872934	-64.8229541173
-62.886698235	-64.8239313265
-62.885523443	-64.824908529
-62.887817898	-64.8254088796
-62.886643079	-64.8263860973
-62.888937696	-64.8268864315
-62.887762851	-64.8278636644
-62.886587912	-64.8288408907
-62.888882759	-64.8293412305
-62.8911777	-64.8298415321
-62.892352503	-64.8288642621
-62.894647471	-64.8293645036
-62.896942532	-64.829864707
-62.898117106	-64.8288873866
-62.900412194	-64.8293875298
-62.902707375	-64.8298876348
-62.90388172	-64.828910264
-62.905055969	-64.8279328866
-62.90735111	-64.8284329097
-62.908525198	-64.8274555037
-62.909699192	-64.826478091
-62.907404187	-64.8259781117
-62.908578155	-64.8250007142
-62.909752029	-64.8240233101
-62.907457254	-64.8235233363
-62.908631102	-64.8225459474
-62.909804855	-64.8215685519
-62.910978515	-64.8205911497
-62.913273086	-64.8210910579
-62.914446583	-64.8201136273
-62.915619987	-64.8191361899
-62.917914516	-64.8196360163
-62.919087758	-64.8186585504
-62.921382313	-64.8191583167
-62.922555393	-64.8181808224
-62.924849975	-64.8186805286
-62.926022893	-64.8177030058
-62.928317501	-64.818202652
-62.930612202	-64.81870226
-62.931784891	-64.8177246868
-62.934079618	-64.8182242347
-62.932906998	-64.8192018297
-62.935201887	-64.8197013613
-62.93749687	-64.8202008546
-62.936324292	-64.8211784866
-62.938619437	-64.8216779636
-62.937446832	-64.8226556108
-62.939742139	-64.8231550714
-62.938569508	-64.8241327338
-62.940864977	-64.824632178
-62.939692321	-64.8256098557
-62.941987952	-64.8261092835
-62.944283677	-64.826608673
-62.946579495	-64.8271080243
-62.945406949	-64.8280857609
-62.94770293	-64.8285850958
-62.949999004	-64.8290843925
-62.952295173	-64.8295836509
-62.954591436	-64.8300828711
-62.95576371	-64.8291050471
-62.956935891	-64.8281272165
-62.959232112	-64.8286263548
-62.96040413	-64.8276484957
-62.962700377	-64.8281475739
-62.963872233	-64.8271696864
-62.966168505	-64.8276687045
-62.9673402	-64.8266907885
-62.969636498	-64.8271897465
-62.970808031	-64.8262118021
-62.97197947	-64.8252338512
-62.973150815	-64.8242558936
-62.974322066	-64.8232779294
-62.97202604	-64.8227790587
-62.969730108	-64.8222801498
-62.967434269	-64.8217812027
-62.966262814	-64.8227591014
-62.963967002	-64.8222600941
-62.962795385	-64.8232379644
-62.960499598	-64.8227388971
-62.958203906	-64.8222397915
-62.955908307	-64.8217406477
-62.957080128	-64.820762843
-62.954784691	-64.8202636828
-62.955956487	-64.8192858932
-62.958251855	-64.8197850316
-62.959423489	-64.8188072136
-62.960595028	-64.8178293889
-62.962890355	-64.8183284454
-62.964061732	-64.8173505924
-62.966357085	-64.8178495888
-62.967528301	-64.8168717073
-62.969823679	-64.8173706437
-62.970994733	-64.8163927337
-62.974461029	-64.8159136717
-62.975631827	-64.8149357268
-62.977927189	-64.8154345212
-62.979097826	-64.8144565478
-62.981393213	-64.8149552822
-62.982563688	-64.8139772804
-62.984859101	-64.8144759547
-62.986029414	-64.8134979246
-62.988324853	-64.8139965388
-62.989495004	-64.8130184802
-62.991790469	-64.8135170344
-62.995255948	-64.8130374416
-62.997551532	-64.8135358975
-62.998721292	-64.8125577603
-63.001016901	-64.8130561561
-63.003312605	-64.8135545137
-63.005608402	-64.814052833
-63.007904293	-64.814551114
-63.010200278	-64.8150493568
-63.011369603	-64.8140711041
-63.013665613	-64.8145692868
-63.014834776	-64.8135910057
-63.017130812	-64.8140891283
-63.018299813	-64.8131108189
-63.020595875	-64.8136088814
-63.021764714	-64.8126305437
-63.02293346	-64.8116521993
-63.024102111	-64.8106738484
-63.02527067	-64.8096954909
-63.026439134	-64.8087171269
-63.024143414	-64.8082191733
-63.025311853	-64.8072408245
-63.023016294	-64.8067428543
-63.024184708	-64.8057645208
-63.025353028	-64.8047861806
-63.023057699	-64.8042882158
-63.020762464	-64.8037902128
-63.018467322	-64.8032921714
-63.016172274	-64.8027940918
-63.013877319	-64.802295974
-63.011582459	-64.8017978179
-63.009287691	-64.8012996236
-63.006993018	-64.800801391
-63.008161789	-64.7998232186
-63.005867277	-64.7993249695
-63.007036023	-64.7983468123
-63.004741672	-64.7978485469
-63.005910392	-64.7968704049
-63.003616203	-64.796372123
-63.001322108	-64.7958738028
-62.999028107	-64.7953754444
-62.996734199	-64.7948770478
-62.995565207	-64.7958551026
-62.993271325	-64.795356646
-62.990977536	-64.7948581512
-62.989808314	-64.7958361558
-62.987514551	-64.795337601
-62.986345168	-64.7963155773
-62.98405143	-64.7958169624
-62.981757787	-64.7953183093
-62.979464237	-64.794819618
-62.97717078	-64.7943208885
-62.974877417	-64.7938221208
-62.972584148	-64.7933233149
-62.971414264	-64.7943011539
-62.96912102	-64.7938022879
-62.96682787	-64.7933033838
-62.965657756	-64.7942811726
-62.963364632	-64.7937822085
-62.962194357	-64.7947599688
-62.959901259	-64.7942609447
-62.958730822	-64.7952386766
-62.956437749	-64.7947395925
-62.955267151	-64.795717296
-62.952974104	-64.7952181519
-62.951803344	-64.796195827
-62.949510324	-64.7956966229
-62.948339402	-64.7966742696
-62.946046407	-64.7961750055
-62.944875324	-64.7971526237
-62.943704147	-64.7981302354
-62.94141111	-64.7976308894
-62.940239771	-64.7986084726
-62.937946761	-64.7981090667
-62.936775261	-64.7990866215
-62.934482276	-64.7985871555
-62.933310614	-64.7995646818
-62.931017655	-64.7990651559
-62.929845832	-64.8000426538
-62.927552899	-64.7995430678
-62.92526006	-64.7990434436
-62.924088007	-64.8000208912
-62.921795194	-64.799521207
-62.92062298	-64.8004986262
-62.918330193	-64.799998882
-62.9160375	-64.7994990996
-62.914865056	-64.8004764685
-62.912572389	-64.7999766261
-62.910279816	-64.7994767456
-62.909107143	-64.8004540641
-62.906814596	-64.7999541236
-62.905641762	-64.8009314136
-62.903349241	-64.8004314131
-62.902176244	-64.8014086746
-62.89988375	-64.8009086141
-62.898710592	-64.8018858472
-62.896418123	-64.8013857266
-62.895244804	-64.8023629312
-62.892952362	-64.8018627506
-62.891778881	-64.8028399267
-62.889486464	-64.8023396861
-62.888312822	-64.8033168337
-62.886020432	-64.8028165331
-62.883728136	-64.8023161943
-62.882554264	-64.8032932915
-62.880261994	-64.8027928928
-62.879087961	-64.8037699615
-62.876795718	-64.8032695027
-62.875621523	-64.8042465428
-62.873329306	-64.8037460241
-62.872154949	-64.8047230357
-62.869862758	-64.8042224569
-62.86868824	-64.80519944
-62.866396076	-64.8046988012
-62.865221396	-64.8056757558
-62.862929258	-64.805175057
-62.861754416	-64.8061519829
-62.859462305	-64.8056512242
-62.857170287	-64.8051504272
-62.855995216	-64.8061273028
-62.853703225	-64.8056264458
-62.852527993	-64.8066032928
-62.850236028	-64.8061023759
