> -L"antarctic_islands_coastlines"
-62.169306265	-64.1192450893
-62.160445413	-64.1172001227
-62.158230427	-64.11668879
-62.157060511	-64.1176569385
-62.154845553	-64.1171455477
-62.152630685	-64.1166341205
-62.151460556	-64.1176022187
-62.149245717	-64.1170907334
-62.150415908	-64.1161226569
-62.148201222	-64.1156111568
-62.145986625	-64.1150996204
-62.14377212	-64.1145880476
-62.141557705	-64.1140764383
-62.140387266	-64.1150444281
-62.13700229	-64.1155007221
-62.135831609	-64.1164686765
-62.13361719	-64.1159569294
-62.132446357	-64.1169248553
-62.130231966	-64.1164130501
-62.128017666	-64.1159012086
-62.126846619	-64.1168690842
-62.125675482	-64.1178369531
-62.12346115	-64.1173250317
-62.12228986	-64.118292872
-62.120075556	-64.1177808925
-62.118904115	-64.1187487043
-62.11668984	-64.1182366667
-62.115518246	-64.1192044499
-62.113304	-64.1186923543
-62.111089845	-64.1181802222
-62.109918037	-64.1191479552
-62.107703911	-64.118635765
-62.105489875	-64.1181235385
-62.104317854	-64.1190912212
-62.102103847	-64.1185789366
-62.100931673	-64.1195465907
-62.099759409	-64.1205142379
-62.09754537	-64.1200018735
-62.096372954	-64.1209694921
-62.095200447	-64.1219371039
-62.094027849	-64.1229047089
-62.092855161	-64.1238723069
-62.095069447	-64.1243847582
-62.09389673	-64.1253523711
-62.092723922	-64.1263199771
-62.091551023	-64.1272875763
-62.090378034	-64.1282551686
-62.089204954	-64.129222754
-62.086990361	-64.1287101941
-62.085817129	-64.1296777509
-62.084643806	-64.1306453008
-62.08242918	-64.1301326611
-62.081255705	-64.1311001824
-62.080082139	-64.1320676968
-62.078908482	-64.1330352044
-62.077734735	-64.1340027051
-62.075519954	-64.133489942
-62.074346054	-64.134457414
-62.073172064	-64.1354248792
-62.07095725	-64.1349120362
-62.069783107	-64.1358794728
-62.068608874	-64.1368469024
-62.066394027	-64.1363339796
-62.064179272	-64.1358210204
-62.061964607	-64.1353080248
-62.059750034	-64.1347949929
-62.058575463	-64.1357623287
-62.056360919	-64.1352492386
-62.054146465	-64.1347361122
-62.052971681	-64.1357033975
-62.050757256	-64.135190213
-62.04958232	-64.1361574697
-62.047367925	-64.135644227
-62.046192836	-64.136611455
-62.045017656	-64.1375786761
-62.042803229	-64.1370653536
-62.041627897	-64.138032546
-62.040452474	-64.1389997315
-62.038238015	-64.1384863291
-62.036023646	-64.1379728903
-62.037199192	-64.1370057483
-62.034984976	-64.136492295
-62.036160492	-64.1355251678
-62.033946429	-64.1350116998
-62.031732456	-64.1344981955
-62.029518573	-64.1339846549
-62.027304782	-64.1334710778
-62.02612902	-64.1344381179
-62.024953167	-64.1354051511
-62.023777223	-64.1363721773
-62.021563339	-64.1358584987
-62.020387243	-64.1368254962
-62.019211056	-64.1377924869
-62.016997139	-64.1372787283
-62.0158208	-64.1382456902
-62.013606913	-64.1377318736
-62.014783313	-64.1367649334
-62.012569579	-64.1362511022
-62.010355935	-64.1357372346
-62.009179411	-64.1367041312
-62.006965797	-64.1361902056
-62.004752274	-64.1356762435
-62.003575537	-64.1366430896
-62.002398709	-64.1376099288
-62.00122179	-64.138576761
-62.00004478	-64.1395435862
-61.998867679	-64.1405104046
-61.99665394	-64.1399962973
-61.995476687	-64.1409630869
-61.994299343	-64.1419298695
-61.996513204	-64.1424440203
-61.995335831	-64.1434108178
-61.997549845	-64.143924954
-61.99976395	-64.1444390539
-61.998586608	-64.145405888
-62.000800866	-64.1459199734
-62.003015214	-64.1464340224
-62.005229654	-64.1469480351
-62.007444184	-64.1474620114
-62.009658806	-64.1479759514
-62.011873519	-64.148489855
-62.014088322	-64.1490037222
-62.016303217	-64.1495175531
-62.018518202	-64.1500313477
-62.020733279	-64.1505451058
-62.022948446	-64.1510588276
-62.025163705	-64.1515725131
-62.02634031	-64.1506054176
-62.028555598	-64.1511190449
-62.02973205	-64.1501519207
-62.031947368	-64.1506654898
-62.034162776	-64.1511790226
-62.036378275	-64.151692519
-62.035202008	-64.1526597085
-62.03741766	-64.1531731902
-62.036241362	-64.1541403946
-62.035064974	-64.155107592
-62.033888495	-64.1560747825
-62.032711925	-64.157041966
-62.041576427	-64.1590958776
-62.04379278	-64.1596092645
-62.046009224	-64.160122615
-62.048225759	-64.1606359291
-62.050442385	-64.1611492068
-62.049266217	-64.1621165577
-62.051482996	-64.1626298207
-62.053699865	-64.1631430474
-62.055916826	-64.1636562376
-62.058133878	-64.1641693914
-62.0593098	-64.1632019535
-62.060485631	-64.1622345087
-62.062702651	-64.1627475825
-62.063878329	-64.161780109
-62.066095378	-64.1622931247
-62.067270904	-64.1613256225
-62.065053916	-64.1608126286
-62.066229413	-64.1598451412
-62.067404818	-64.158877647
-62.068580133	-64.1579101458
-62.070796935	-64.1584230744
-62.071972097	-64.1574555446
-62.074188929	-64.157968415
-62.075363938	-64.1570008565
-62.076538856	-64.1560332911
-62.077713684	-64.1550657188
-62.078888421	-64.1540981396
-62.080063066	-64.1531305535
-62.08227968	-64.1536432787
-62.084496385	-64.1541559675
-62.086713181	-64.1546686199
-62.088930067	-64.1551812359
-62.091147045	-64.1556938155
-62.093364113	-64.1562063586
-62.094538298	-64.1552386351
-62.096755395	-64.15575112
-62.098972584	-64.1562635685
-62.100146554	-64.1552957946
-62.102363772	-64.155808185
-62.10458108	-64.1563205389
-62.105754836	-64.1553527146
-62.107972173	-64.1558650103
-62.110189601	-64.1563772696
-62.112407121	-64.1568894924
-62.11462473	-64.1574016788
-62.116842431	-64.1579138287
-62.119060223	-64.1584259421
-62.121278105	-64.1589380191
-62.120104782	-64.1599059955
-62.122322817	-64.1604180578
-62.124540943	-64.1609300836
-62.12675916	-64.161442073
-62.128977468	-64.1619540259
-62.13236888	-64.1614978572
-62.134587307	-64.1620097154
-62.135760169	-64.1610416018
-62.137978625	-64.1615534018
-62.139151334	-64.1605852595
-62.141369819	-64.1610970013
-62.143588395	-64.1616087067
-62.144760889	-64.1606405141
-62.146979494	-64.1611521612
-62.14919819	-64.1616637719
-62.15037047	-64.160695529
-62.152589194	-64.1612070814
-62.15480801	-64.1617185974
-62.157026916	-64.1622300769
-62.159245913	-64.1627415198
-62.161465001	-64.1632529263
-62.163684179	-64.1637642963
-62.165903449	-64.1642756298
-62.164731603	-64.1652440247
-62.166951025	-64.1657553434
-62.169170538	-64.1662666256
-62.167998726	-64.1672350571
-62.170218391	-64.1677463245
-62.172438148	-64.1682575554
-62.171266369	-64.1692260235
-62.173486278	-64.1697372396
-62.174657995	-64.1687687498
-62.176877933	-64.1692799076
-62.179097962	-64.169791029
-62.181318082	-64.1703021138
-62.183538292	-64.1708131621
-62.185758593	-64.1713241739
-62.187978985	-64.1718351492
-62.189150239	-64.1708665222
-62.19137066	-64.1713774393
-62.193591171	-64.1718883197
-62.195811774	-64.1723991637
-62.198032467	-64.1729099711
-62.20025325	-64.173420742
-62.199082307	-64.1743894774
-62.201303244	-64.1749002335
-62.200132272	-64.1758689838
-62.198961209	-64.1768377274
-62.201182361	-64.1773484903
-62.203403604	-64.1778592166
-62.205624937	-64.1783699064
-62.206795813	-64.1774010977
-62.209017175	-64.1779117293
-62.207846362	-64.1788805597
-62.210067877	-64.1793911763
-62.208897034	-64.1803600216
-62.207726101	-64.1813288601
-62.206555077	-64.1822976917
-62.205383962	-64.1832665165
-62.204212756	-64.1842353345
-62.20304146	-64.1852041457
-62.201870072	-64.18617295
-62.199648121	-64.1856621814
-62.198476581	-64.1866309572
-62.19730495	-64.1875997262
-62.196133227	-64.1885684883
-62.194961414	-64.1895372437
-62.19378951	-64.1905059922
-62.191567339	-64.1899950783
-62.190395282	-64.1909637983
-62.189223134	-64.1919325114
-62.18700093	-64.1914215176
-62.185828629	-64.1923902021
-62.183606453	-64.19187915
-62.181384369	-64.1913680613
-62.179162375	-64.190856936
-62.176940473	-64.1903457742
-62.175767832	-64.191314365
-62.173545958	-64.1908031449
-62.171324175	-64.1902918882
-62.169102483	-64.1897805951
-62.167929565	-64.1907491138
-62.165707902	-64.1902377623
-62.163486329	-64.1897263743
-62.162313196	-64.1906948427
-62.160091653	-64.1901833964
-62.1578702	-64.1896719135
-62.156696851	-64.1906403316
-62.155523412	-64.1916087428
-62.153301926	-64.1910971799
-62.152128334	-64.1920655625
-62.154349881	-64.1925771472
-62.153176259	-64.1935455446
-62.152002547	-64.1945139353
-62.149780875	-64.1940023071
-62.148607009	-64.1949706692
-62.146385366	-64.1944589828
-62.145211347	-64.1954273161
-62.142989733	-64.1949155714
-62.144163814	-64.1939472598
-62.141942353	-64.1934355003
-62.139720984	-64.1929237043
-62.137499705	-64.1924118718
-62.136325438	-64.1933801182
-62.134104188	-64.1928682274
-62.131883029	-64.1923563
-62.129661962	-64.1918443362
-62.127440985	-64.1913323358
-62.1252201	-64.1908202989
-62.122999305	-64.1903082255
-62.120778602	-64.1897961155
-62.11855799	-64.1892839691
-62.119732753	-64.1883158968
-62.117512294	-64.1878037356
-62.115291925	-64.1872915379
-62.113071648	-64.1867793037
-62.110851462	-64.186267033
-62.108631367	-64.1857547259
-62.106411363	-64.1852423822
-62.105236228	-64.1862103239
-62.103016253	-64.185697922
-62.101840965	-64.1866658351
-62.09962102	-64.1861533749
-62.097401165	-64.1856408782
-62.095181401	-64.185128345
-62.094005837	-64.1860961859
-62.092830181	-64.1870640198
-62.091654434	-64.1880318469
-62.093874383	-64.1885444454
-62.092698607	-64.1895122873
-62.094918709	-64.1900248711
-62.093742904	-64.1909927278
-62.095963159	-64.1915052969
-62.094787324	-64.1924731685
-62.097007733	-64.1929857229
-62.095831869	-64.1939536094
-62.09805243	-64.194466149
-62.096876537	-64.1954340504
-62.095700553	-64.1964019449
-62.093479868	-64.1958893617
-62.09230373	-64.1968572275
-62.090083075	-64.1963445861
-62.088906784	-64.1973124232
-62.086686158	-64.1967997234
-62.085509714	-64.1977675318
-62.084333179	-64.1987353333
-62.08211252	-64.1982225535
-62.080935832	-64.1991903263
-62.078715202	-64.1986774882
-62.076494664	-64.1981646136
-62.075317761	-64.1991323359
-62.074140767	-64.2001000513
-62.076361429	-64.2006129694
-62.078582183	-64.2011258511
-62.080803028	-64.2016386962
-62.083023964	-64.2021515049
-62.081847127	-64.2031193005
-62.084068216	-64.2036320944
-62.086289397	-64.2041448519
-62.085112592	-64.2051126841
-62.087333925	-64.2056254268
-62.086157091	-64.2065932739
-62.084980166	-64.2075611141
-62.087201715	-64.2080738639
-62.08602476	-64.209041719
-62.088246462	-64.2095544541
-62.087069478	-64.210522324
-62.089291333	-64.2110350444
-62.08811432	-64.2120029292
-62.086937215	-64.212970807
-62.084715235	-64.2124580431
-62.083537977	-64.2134258922
-62.082360628	-64.2143937345
-62.080138616	-64.2138808904
-62.078961113	-64.2148487039
-62.076739131	-64.2143358015
-62.075561475	-64.2153035863
-62.073339521	-64.2147906256
-62.071117659	-64.2142776283
-62.068895888	-64.2137645946
-62.066674209	-64.2132515244
-62.064452621	-64.2127384176
-62.062231125	-64.2122252743
-62.060009719	-64.2117120946
-62.057788405	-64.2111988783
-62.056610163	-64.2121664817
-62.054388878	-64.2116532071
-62.053210482	-64.2126207817
-62.052031995	-64.2135883493
-62.049810678	-64.2130749946
-62.048632037	-64.2140425335
-62.047453305	-64.2150100654
-62.046274482	-64.2159775904
-62.048495984	-64.2164910105
-62.050717578	-64.2170043942
-62.052939264	-64.2175177413
-62.05516104	-64.218031052
-62.057382908	-64.2185443261
-62.059604868	-64.2190575637
-62.058426324	-64.2200252127
-62.060648437	-64.2205384356
-62.059469864	-64.2215060994
-62.061692131	-64.2220193076
-62.060513528	-64.2229869862
-62.062735948	-64.2235001798
-62.061557316	-64.2244678733
-62.063779889	-64.2249810521
-62.062601228	-64.2259487605
-62.064823954	-64.2264619246
-62.063645264	-64.2274296479
-62.065868143	-64.2279427973
-62.066912456	-64.2294236701
-62.069135581	-64.2299367682
-62.067956894	-64.2309045431
-62.070180172	-64.2314176265
-62.069001455	-64.2323854162
-62.067822646	-64.2333531989
-62.07004614	-64.2338662895
-62.068867302	-64.2348340871
-62.071090949	-64.2353471629
-62.069912082	-64.2363149753
-62.072135882	-64.2368280364
-62.074359775	-64.237341061
-62.07318094	-64.2383089102
-62.075404986	-64.23882192
-62.077629124	-64.2393348932
-62.078807834	-64.2383670004
-62.081032001	-64.2388799153
-62.08325626	-64.2393927936
-62.08548061	-64.2399056354
-62.087705051	-64.2404184405
-62.089929584	-64.2409312091
-62.088751184	-64.2418992111
-62.090975871	-64.2424119649
-62.089797441	-64.2433799817
-62.092022281	-64.2438927208
-62.090843822	-64.2448607525
-62.093068816	-64.2453734768
-62.091890328	-64.2463415234
-62.090711748	-64.247309563
-62.092936958	-64.2478222944
-62.091758349	-64.2487903489
-62.093983713	-64.2493030655
-62.092805074	-64.2502711349
-62.095030591	-64.2507838368
-62.0972562	-64.2512965021
-62.096077594	-64.2522646081
-62.098303357	-64.2527772586
-62.097124722	-64.2537453796
-62.099350639	-64.2542580153
-62.101576647	-64.2547706145
-62.102624206	-64.2562513565
-62.10485046	-64.2567639042
-62.105898298	-64.2582446315
-62.104719699	-64.2592128408
-62.10694626	-64.259725359
-62.105767632	-64.2606935831
-62.107994348	-64.2612060865
-62.10681569	-64.2621743255
-62.109042559	-64.2626868141
-62.107863873	-64.263655068
-62.110090896	-64.2641675418
-62.11231801	-64.264679979
-62.115723716	-64.2642240601
-62.117950952	-64.2647364021
-62.120178279	-64.2652487076
-62.122405697	-64.2657609764
-62.121227385	-64.2667293612
-62.123454958	-64.2672416152
-62.125682622	-64.2677538325
-62.130138225	-64.2687781573
-62.132366165	-64.2692902647
-62.134594195	-64.2698023354
-62.133416166	-64.2707708443
-62.135644351	-64.2712829002
-62.137872627	-64.2717949194
-62.140100995	-64.272306902
-62.138923061	-64.2732754694
-62.141151583	-64.2737874372
-62.143380197	-64.2742993682
-62.142202296	-64.2752679723
-62.144431064	-64.2757798886
-62.146659924	-64.2762917681
-62.145482056	-64.2772604089
-62.14771107	-64.2777722736
-62.149940175	-64.2782841016
-62.148762341	-64.2792527792
-62.150991601	-64.2797645924
-62.152043151	-64.2812450831
-62.154272657	-64.2817568447
-62.153094827	-64.2827255739
-62.155324487	-64.2832373206
-62.154146628	-64.2842060647
-62.156376442	-64.2847177965
-62.158606347	-64.2852294917
-62.160836344	-64.2857411501
-62.162014015	-64.2847723406
-62.164244042	-64.2852839405
-62.165421559	-64.2843151022
-62.167651614	-64.2848266437
-62.169881761	-64.2853381484
-62.168704369	-64.2863070303
-62.170934671	-64.2868185201
-62.173165063	-64.2873299732
-62.175395548	-64.2878413896
-62.177626124	-64.2883527692
-62.179856792	-64.2888641122
-62.182087552	-64.2893754184
-62.183264568	-64.2884064057
-62.185495356	-64.2889176533
-62.187726236	-64.2894288643
-62.188903035	-64.2884598011
-62.191133944	-64.2889709535
-62.193364945	-64.2894820692
-62.194541527	-64.2885129554
-62.196772557	-64.2890240126
-62.199003678	-64.289535033
-62.201234891	-64.2900460167
-62.203466196	-64.2905569637
-62.202289865	-64.2915261647
-62.204521324	-64.2920370967
-62.206752874	-64.2925479919
-62.208984517	-64.2930588505
-62.210040079	-64.2945389535
-62.212271967	-64.2950497603
-62.211095767	-64.2960190565
-62.21332781	-64.2965298484
-62.212151581	-64.2974991595
-62.214383778	-64.2980099364
-62.21320752	-64.2989792625
-62.215439871	-64.2994900244
-62.214263585	-64.3004593654
-62.216496091	-64.3009701123
-62.215319775	-64.3019394682
-62.214143368	-64.3029088172
-62.212966869	-64.3038781593
-62.210734174	-64.303367347
-62.20955752	-64.3043366604
-62.208380775	-64.305305967
-62.206148047	-64.3047950742
-62.204971147	-64.3057643521
-62.202738447	-64.3052534007
-62.201561393	-64.3062226499
-62.200384247	-64.3071918921
-62.198151513	-64.3066808604
-62.195918871	-64.3061697919
-62.194741508	-64.3071389837
-62.192508895	-64.3066278566
-62.191331377	-64.3075970196
-62.189098793	-64.3070858339
-62.18792112	-64.3080549682
-62.186743356	-64.3090240956
-62.1855655	-64.3099932161
-62.184387552	-64.3109623297
-62.183209512	-64.3119314364
-62.18544241	-64.3124427311
-62.184264341	-64.3134118527
-62.183086181	-64.3143809674
-62.185319296	-64.3148922691
-62.184141106	-64.3158613987
-62.182962825	-64.3168305214
-62.185196158	-64.3173418299
-62.184017847	-64.3183109675
-62.182839445	-64.3192800982
-62.185072995	-64.3197914137
-62.183894564	-64.3207605593
-62.186128269	-64.3212718598
-62.184949808	-64.3222410203
-62.187183668	-64.3227523059
-62.186005179	-64.3237214813
-62.188239193	-64.3242327519
-62.1904733	-64.3247439857
-62.189294844	-64.3257131979
-62.191529105	-64.3262244168
-62.19035062	-64.3271936439
-62.192585037	-64.3277048478
-62.191406523	-64.3286740899
-62.193641094	-64.3291852788
-62.192462551	-64.3301545358
-62.194697277	-64.3306657098
-62.196932094	-64.3311768469
-62.195753586	-64.3321461407
-62.197988558	-64.3326572629
-62.19681002	-64.3336265715
-62.199045148	-64.3341376787
-62.197866581	-64.3351070023
-62.200101863	-64.3356180946
-62.198923267	-64.3365874331
-62.19774458	-64.3375567647
-62.1965658	-64.3385260894
-62.195386928	-64.3394954072
-62.197622554	-64.34000655
-62.196443654	-64.3409758827
-62.198679435	-64.3414870105
-62.199736441	-64.3429674709
-62.198557482	-64.3439368335
-62.200793573	-64.3444479313
-62.199614586	-64.3454173088
-62.201850832	-64.3459283917
-62.200671815	-64.3468977841
-62.202908216	-64.347408852
-62.20514471	-64.347919883
-62.207381295	-64.3484308772
-62.209617972	-64.3489418345
-62.208439116	-64.3499113074
-62.210675948	-64.3504222498
-62.209497063	-64.3513917376
-62.21173405	-64.3519026649
-62.210555136	-64.3528721677
-62.212792278	-64.35338308
-62.211613335	-64.3543525977
-62.210434299	-64.3553221084
-62.209255171	-64.3562916123
-62.208075951	-64.3572611092
-62.205838556	-64.3567501095
-62.203601253	-64.3562390729
-62.202421815	-64.3572085192
-62.200184541	-64.3566974239
-62.197947359	-64.3561862918
-62.196767702	-64.3571556875
-62.19453055	-64.3566444966
-62.193350738	-64.3576138635
-62.191113614	-64.357102614
-62.188876583	-64.3565913276
-62.187696553	-64.3575606438
-62.18545955	-64.3570492987
-62.184279365	-64.3580185861
-62.183099088	-64.3589878666
-62.180862051	-64.358476441
-62.179681619	-64.3594456927
-62.177444612	-64.3589342083
-62.176264024	-64.3599034312
-62.174027046	-64.3593918881
-62.17179016	-64.3588803081
-62.170609354	-64.3598494804
-62.168372497	-64.3593378417
-62.167191536	-64.3603069851
-62.166010483	-64.3612761215
-62.164829338	-64.362245251
-62.1636481	-64.3632143736
-62.165885209	-64.3637260997
-62.164703942	-64.3646952372
-62.166941206	-64.3652069484
-62.169178562	-64.3657186227
-62.171416011	-64.3662302602
-62.173653551	-64.3667418609
-62.174834566	-64.3657726359
-62.177072136	-64.3662841778
-62.179309798	-64.3667956829
-62.181547552	-64.3673071511
-62.183785399	-64.3678185825
-62.186023338	-64.368329977
-62.188261369	-64.3688413347
-62.187080733	-64.3698106909
-62.189318919	-64.3703220335
-62.191557198	-64.3708333393
-62.193795569	-64.3713446083
-62.196034032	-64.3718558403
-62.197214416	-64.3708863966
-62.199452908	-64.3713975699
-62.200633137	-64.3704280974
-62.202871658	-64.370939212
-62.204051731	-64.3699697107
-62.206290282	-64.3704807665
-62.208528924	-64.3709917854
-62.210767659	-64.3715027675
-62.213006486	-64.3720137127
-62.211826665	-64.3729833014
-62.214065648	-64.3734942315
-62.212885798	-64.3744638352
-62.211705856	-64.375433432
-62.210525823	-64.3764030218
-62.209345696	-64.3773726047
-62.211585024	-64.3778835854
-62.210404868	-64.3788531833
-62.209224621	-64.3798227742
-62.211464167	-64.3803337617
-62.210283891	-64.3813033676
-62.209103522	-64.3822729665
-62.211343286	-64.3827839609
-62.213583144	-64.3832949184
-62.215823093	-64.3838058389
-62.217003272	-64.3828361744
-62.219243251	-64.3833470362
-62.221483321	-64.3838578611
-62.222663282	-64.3828881459
-62.224903381	-64.383398912
-62.227143573	-64.3839096412
-62.22596374	-64.3848794001
-62.228204087	-64.3853901142
-62.227024224	-64.3863598881
-62.229264728	-64.3868705871
-62.228084836	-64.3878403759
-62.22584427	-64.387329655
-62.224664222	-64.388299415
-62.223484083	-64.3892691682
-62.221243482	-64.3887583666
-62.223484083	-64.3892691682
-62.222303851	-64.3902389143
-62.224544607	-64.3907497009
-62.226785456	-64.3912604505
-62.229026397	-64.3917711631
-62.230206439	-64.3908013514
-62.232447409	-64.3913120052
-62.234688471	-64.3918226222
-62.235868294	-64.3908527597
-62.238109385	-64.3913633179
-62.239289052	-64.3903934266
-62.240468627	-64.3894235285
-62.242709684	-64.389934006
-62.243889103	-64.3889640791
-62.24506843	-64.3879941453
-62.247309453	-64.3885045421
-62.249550567	-64.3890149019
-62.251791774	-64.3895252249
-62.254033073	-64.3900355108
-62.256274464	-64.3905457599
-62.258515948	-64.3910559719
-62.257337001	-64.3920260369
-62.264062195	-64.3935565169
-62.266304111	-64.394066603
-62.267482804	-64.3930964506
-62.269724749	-64.3936064779
-62.270903286	-64.3926362968
-62.273145259	-64.3931462653
-62.27432364	-64.3921760554
-62.27208173	-64.3916661088
-62.273260083	-64.3906959139
-62.271018329	-64.3901859522
-62.272196652	-64.3892157723
-62.269955054	-64.3887057955
-62.271133349	-64.3877356305
-62.268891906	-64.3872256385
-62.270070173	-64.3862554885
-62.267828885	-64.3857454815
-62.269007123	-64.3847753464
-62.266765991	-64.3842653242
-62.2679442	-64.3832952041
-62.265703224	-64.3827851668
-62.266881404	-64.3818150617
-62.268059492	-64.3808449497
-62.269237488	-64.3798748308
-62.270415392	-64.378904705
-62.272656114	-64.3794146549
-62.273833862	-64.3784445004
-62.275011518	-64.377474339
-62.277252206	-64.3779842083
-62.279492986	-64.3784940407
-62.281733858	-64.3790038361
-62.283974822	-64.3795135946
-62.286215878	-64.3800233161
-62.287393124	-64.3790530387
-62.289634209	-64.3795627014
-62.291875386	-64.3800723272
-62.294116655	-64.380581916
-62.296358016	-64.3810914678
-62.298599469	-64.3816009827
-62.297422539	-64.3825713693
-62.299664148	-64.383080869
-62.301905849	-64.3835903318
-62.304147642	-64.3840997575
-62.302970811	-64.3850702027
-62.305212759	-64.3855796133
-62.3074548	-64.386088987
-62.309696933	-64.3865983236
-62.3085202	-64.3875688274
-62.310762489	-64.3880781489
-62.313004869	-64.3885874334
-62.311828172	-64.389557974
-62.314070708	-64.3900672433
-62.312893983	-64.3910377988
-62.315136675	-64.391547053
-62.317379458	-64.3920562702
-62.319622335	-64.3925654503
-62.321865303	-64.3930745935
-62.324108363	-64.3935836996
-62.326351516	-64.3940927688
-62.32859476	-64.3946018009
-62.330838097	-64.395110796
-62.333081526	-64.3956197541
-62.331905281	-64.3965904991
-62.334148866	-64.397099442
-62.332972592	-64.3980702021
-62.335216333	-64.3985791298
-62.334040031	-64.3995499048
-62.332863637	-64.4005206729
-62.331687151	-64.4014914343
-62.330510573	-64.4024621887
-62.329333903	-64.4034329363
-62.327089844	-64.4029238995
-62.325913018	-64.4038946185
-62.323668987	-64.4033855228
-62.322492005	-64.4043562131
-62.320248003	-64.4038470586
-62.319070865	-64.4048177202
-62.317893635	-64.4057883749
-62.316716313	-64.4067590227
-62.315538898	-64.4077296637
-62.317783155	-64.4082389055
-62.316605712	-64.4092095615
-62.315428177	-64.4101802106
-62.314250549	-64.4111508528
-62.316495089	-64.4116601231
-62.315317433	-64.4126307803
-62.317562129	-64.4131400354
-62.316384445	-64.4141107076
-62.315206668	-64.4150813729
-62.317451584	-64.4155906347
-62.319696592	-64.4160998594
-62.31851885	-64.4170705615
-62.320764015	-64.417579771
-62.323009272	-64.4180889435
-62.321831565	-64.4190596824
-62.324076978	-64.4195688397
-62.322899243	-64.4205395936
-62.321721416	-64.4215103406
-62.320543496	-64.4224810808
-62.318297891	-64.421971858
-62.317119816	-64.4229425695
-62.31487424	-64.4224332878
-62.313696008	-64.4234039705
-62.312517684	-64.4243746464
-62.311339267	-64.4253453153
-62.313585034	-64.4258546626
-62.312406589	-64.4268253466
-62.314652512	-64.4273346786
-62.313474038	-64.4283053775
-62.315720117	-64.4288146944
-62.314541615	-64.4297854083
-62.316787851	-64.4302947099
-62.319034178	-64.4308039745
-62.317855711	-64.4317747252
-62.320102196	-64.4322839745
-62.322348772	-64.4327931868
-62.32117034	-64.4337639744
-62.323417073	-64.4342731714
-62.322238613	-64.435243974
-62.324485502	-64.4357531558
-62.323307013	-64.4367239733
-62.325554059	-64.4372331399
-62.324375541	-64.4382039724
-62.326622743	-64.4387131238
-62.325444197	-64.4396839713
-62.324265558	-64.4406548119
-62.32651298	-64.4411639699
-62.328760495	-64.4416730908
-62.331008102	-64.4421821746
-62.332186549	-64.4412112684
-62.334434184	-64.4417202932
-62.336681912	-64.442229281
-62.337860139	-64.4412583242
-62.340107896	-64.441767253
-62.341285966	-64.4407962675
-62.342463943	-64.4398252752
-62.344711664	-64.4403341232
-62.345889486	-64.4393631021
-62.348137235	-64.4398718911
-62.3493149	-64.4389008414
-62.350492473	-64.4379297848
-62.352740187	-64.438438493
-62.353917603	-64.4374674077
-62.356165345	-64.437976057
-62.357342605	-64.437004943
-62.358519773	-64.4360338221
-62.360767479	-64.4365423906
-62.36194449	-64.4355712411
-62.364192226	-64.4360797506
-62.366440053	-64.4365882231
-62.368687973	-64.4370966584
-62.367511154	-64.4380678734
-62.36975923	-64.4385762935
-62.372007398	-64.4390846764
-62.374255659	-64.4395930222
-62.376504012	-64.4401013309
-62.378752458	-64.4406096024
-62.377575867	-64.4415809198
-62.379824469	-64.442089176
-62.378647849	-64.4430605084
-62.380896608	-64.4435687493
-62.37971996	-64.4445400967
-62.381968875	-64.4450483223
-62.380792199	-64.4460196846
-62.38304127	-64.446527895
-62.381864566	-64.4474992723
-62.384113794	-64.4480074673
-62.382937062	-64.4489788596
-62.381760237	-64.4499502452
-62.384009685	-64.4504584467
-62.382832832	-64.4514298472
-62.381655887	-64.4524012408
-62.380478849	-64.4533726277
-62.378229208	-64.4528643606
-62.377052013	-64.4538357188
-62.375874726	-64.4548070701
-62.373625049	-64.4542987222
-62.372447606	-64.4552700448
-62.37127007	-64.4562413606
-62.370092441	-64.4572126695
-62.36891472	-64.4581839715
-62.371164653	-64.4586924068
-62.372236994	-64.4601721438
-62.371059216	-64.4611434758
-62.373309463	-64.4616518805
-62.375559802	-64.4621602479
-62.37438206	-64.4631316168
-62.376632556	-64.463639969
-62.378883145	-64.464148284
-62.381133826	-64.4646565618
-62.383384599	-64.4651648024
-62.382207021	-64.4661362519
-62.384457952	-64.4666444772
-62.386708974	-64.4671526653
-62.38896009	-64.4676608162
-62.391211297	-64.46816893
-62.393462598	-64.4686770065
-62.39571399	-64.4691850459
-62.397965476	-64.4696930481
-62.400217054	-64.4702010131
-62.402468724	-64.4707089409
-62.404720487	-64.4712168314
-62.406972342	-64.4717246848
-62.405795379	-64.4726963677
-62.408047392	-64.4732042057
-62.410299496	-64.4737120065
-62.412551694	-64.4742197701
-62.414803984	-64.4747274965
-62.417056366	-64.4752351856
-62.415879632	-64.4762069709
-62.418132171	-64.4767146447
-62.420384803	-64.4772222812
-62.422637527	-64.4777298805
-62.420384803	-64.4772222812
-62.418132171	-64.4767146447
-62.415879632	-64.4762069709
-62.418132171	-64.4767146447
-62.420384803	-64.4772222812
-62.422637527	-64.4777298805
-62.424890344	-64.4782374426
-62.42606682	-64.47726557
-62.428319665	-64.477773073
-62.429495985	-64.4768011718
-62.431748857	-64.4773086157
-62.43292502	-64.4763366858
-62.43410109	-64.4753647491
-62.435277067	-64.4743928055
-62.437529839	-64.4749001468
-62.43870566	-64.4739281746
-62.439881388	-64.4729561956
-62.442134123	-64.4734634559
-62.443309694	-64.4724914483
-62.445562458	-64.4729986496
-62.446737872	-64.4720266134
-62.447913194	-64.4710545703
-62.450165921	-64.4715616907
-62.452418741	-64.4720687739
-62.454671653	-64.4725758198
-62.456924657	-64.4730828285
-62.455749594	-64.4740549588
-62.454574437	-64.4750270823
-62.453399189	-64.4759991991
-62.452223847	-64.476971309
-62.454477202	-64.4774783677
-62.453301833	-64.4784504926
-62.452126372	-64.4794226108
-62.450950818	-64.4803947221
-62.449775171	-64.4813668267
-62.448599432	-64.4823389244
-62.447423601	-64.4833110153
-62.446247677	-64.4842830994
-62.44507166	-64.4852551768
-62.447325624	-64.4857623728
-62.446149579	-64.4867344651
-62.444973442	-64.4877065507
-62.447227627	-64.4882137531
-62.446051462	-64.4891858536
-62.444875205	-64.4901579474
-62.447129611	-64.4906651562
-62.449384111	-64.4911723278
-62.44820789	-64.4921444584
-62.450462546	-64.4926516145
-62.449286297	-64.4936237601
-62.451541111	-64.4941309008
-62.450364834	-64.4951030615
-62.452619805	-64.4956101867
-62.454874868	-64.4961172747
-62.457130024	-64.4966243254
-62.458306107	-64.4956520993
-62.460561291	-64.4961590908
-62.462816568	-64.4966660451
-62.463992429	-64.4956937685
-62.466247734	-64.4962006637
-62.467423438	-64.4952283584
-62.468599049	-64.4942560464
-62.470854317	-64.4947628606
-62.472029772	-64.4937905199
-62.473205134	-64.4928181725
-62.470949995	-64.4923114019
-62.472125329	-64.4913390695
-62.469870348	-64.4908322835
-62.471045654	-64.4898599661
-62.46879083	-64.4893531646
-62.469966108	-64.4883808622
-62.471141294	-64.4874085531
-62.472316387	-64.4864362371
-62.473491388	-64.4854639143
-62.475745954	-64.4859706286
-62.478000612	-64.4864773055
-62.479175391	-64.4855049323
-62.481430077	-64.4860115502
-62.483684855	-64.4865181307
-62.485939726	-64.487024674
-62.488194689	-64.4875311799
-62.490449745	-64.4880376486
-62.492704893	-64.4885440799
-62.493879192	-64.4875715691
-62.496134368	-64.4880779414
-62.497308509	-64.487105402
-62.498482558	-64.4861328558
-62.499656515	-64.4851603029
-62.497401533	-64.484653996
-62.498575462	-64.4836814581
-62.496320637	-64.4831751358
-62.497494539	-64.4822026129
-62.498668347	-64.4812300832
-62.496413744	-64.4807237672
-62.497587526	-64.4797512526
-62.499842064	-64.4802575468
-62.501015688	-64.4792850037
-62.50218922	-64.4783124537
-62.503362659	-64.477339897
-62.504536006	-64.4763673335
-62.505709261	-64.4753947633
-62.506882423	-64.4744221863
-62.504628273	-64.4739160228
-62.505801408	-64.4729434609
-62.503547414	-64.4724372819
-62.501293513	-64.4719310657
-62.502466685	-64.4709585405
-62.500212941	-64.4704523088
-62.497959289	-64.4699460398
-62.499132498	-64.4689735515
-62.496879003	-64.468467267
-62.498052184	-64.4674947937
-62.495798846	-64.4669884937
-62.494718818	-64.46550972
-62.492465729	-64.4650033673
-62.49363892	-64.4640309458
-62.491385988	-64.4635245777
-62.489133148	-64.4630181722
-62.490306375	-64.4620457876
-62.488053692	-64.4615393667
-62.489226891	-64.4605669971
-62.486974365	-64.4600605607
-62.488147537	-64.4590882061
-62.489320616	-64.4581158448
-62.490493604	-64.4571434766
-62.492745936	-64.4576498476
-62.494998361	-64.4581561814
-62.496171127	-64.457183763
-62.49842358	-64.4576900377
-62.500676124	-64.4581962752
-62.501848669	-64.4572238064
-62.503021121	-64.4562513309
-62.505273629	-64.4567574876
-62.506445925	-64.4557849835
-62.50869846	-64.4562910812
-62.509870599	-64.4553185486
-62.512123162	-64.4558245872
-62.514375817	-64.4563305886
-62.516628564	-64.4568365526
-62.518881404	-64.4573424795
-62.519962519	-64.4588210104
-62.522215608	-64.4593268845
-62.524468788	-64.4598327212
-62.525640475	-64.4588600363
-62.526812069	-64.4578873446
-62.529065213	-64.4583931006
-62.530236651	-64.4574203804
-62.531407996	-64.4564476535
-62.529154982	-64.4559419411
-62.5303263	-64.4549692292
-62.53257925	-64.4554749199
-62.533750411	-64.4545021795
-62.53492148	-64.4535294324
-62.537174392	-64.4540350423
-62.539427397	-64.4545406149
-62.541680493	-64.4550461502
-62.540509618	-64.4560189626
-62.542762871	-64.4565244824
-62.545016216	-64.4570299649
-62.543845378	-64.4580028141
-62.54609888	-64.458508281
-62.544928015	-64.4594811452
-62.547181674	-64.4599865967
-62.546010781	-64.4609594759
-62.544839796	-64.4619323484
-62.547093677	-64.4624378061
-62.545922664	-64.4634106936
-62.548176701	-64.4639161358
-62.547005662	-64.4648890384
-62.549259856	-64.465394465
-62.548088789	-64.4663673826
-62.54691763	-64.4673402935
-62.549172045	-64.4678457263
-62.548000859	-64.4688186522
-62.550255432	-64.4693240695
-62.552510096	-64.4698294494
-62.551338947	-64.4708024122
-62.553593769	-64.4713077766
-62.552422593	-64.4722807544
-62.554677572	-64.4727861032
-62.553506367	-64.473759096
-62.552335071	-64.4747320821
-62.551163683	-64.4757050615
-62.549992202	-64.4766780342
-62.548820629	-64.4776510001
-62.547648964	-64.4786239593
-62.545393596	-64.4781184798
-62.543138321	-64.4776129631
-62.541966434	-64.478585872
-62.540794454	-64.4795587742
-62.539622383	-64.4805316696
-62.541877853	-64.4810372517
-62.544133415	-64.4815427965
-62.5452171	-64.483021258
-62.547472912	-64.4835267499
-62.549728816	-64.4840322044
-62.550900656	-64.4830592068
-62.553156587	-64.4835646023
-62.555412611	-64.4840699604
-62.556584228	-64.4830969125
-62.558840279	-64.4836022115
-62.561096422	-64.4841074731
-62.563352658	-64.4846126974
-62.562181235	-64.4855858106
-62.564437628	-64.4860910193
-62.563266177	-64.4870641475
-62.562094635	-64.488037269
-62.560923	-64.4890103838
-62.558666412	-64.4885051098
-62.556409917	-64.4879997984
-62.55523806	-64.4889728629
-62.554066111	-64.4899459207
-62.551809578	-64.4894405284
-62.550637472	-64.4904135577
-62.549465273	-64.4913865802
-62.548292982	-64.492359596
-62.547120598	-64.4933326051
-62.545948122	-64.4943056074
-62.548204979	-64.4948111086
-62.550461929	-64.4953165724
-62.552718971	-64.4958219989
-62.551546597	-64.4967950598
-62.553803797	-64.4973004707
-62.554976105	-64.496327388
-62.557233332	-64.4968327398
-62.559490651	-64.4973380542
-62.561748062	-64.4978433312
-62.564005566	-64.4983485708
-62.562833517	-64.4993217407
-62.565091178	-64.4998269647
-62.567348931	-64.5003321514
-62.569606777	-64.5008373007
-62.571864715	-64.5013424126
-62.574122746	-64.5018474872
-62.575294469	-64.5008742084
-62.577552527	-64.5013792238
-62.579810677	-64.5018842018
-62.58206892	-64.5023891424
-62.580897391	-64.5033624865
-62.583155791	-64.5038674114
-62.585414283	-64.504372299
-62.584242792	-64.5053456799
-62.586501442	-64.5058505519
-62.588760184	-64.5063553864
-62.587588731	-64.5073288041
-62.586417186	-64.5083022151
-62.58867615	-64.5088070558
-62.587504578	-64.5097804819
-62.586332913	-64.5107539012
-62.5885921	-64.511258748
-62.587420408	-64.5122321824
-62.586248623	-64.5132056101
-62.588508033	-64.5137104631
-62.587336221	-64.5146839058
-62.586164316	-64.5156573418
-62.588423949	-64.5161622009
-62.587252017	-64.517135652
-62.586079993	-64.5181090964
-62.588339848	-64.5186139616
-62.587167797	-64.519587421
-62.58942781	-64.5200922706
-62.588255731	-64.5210657451
-62.590515902	-64.5215705791
-62.589343796	-64.5225440686
-62.591604124	-64.5230488869
-62.590431991	-64.5240223915
-62.592692477	-64.5245271942
-62.594953055	-64.5250319594
-62.59378096	-64.5260055009
-62.596041696	-64.5265102504
-62.598302524	-64.5270149625
-62.600563446	-64.5275196372
-62.601735345	-64.5265460304
-62.603996294	-64.5270506458
-62.605168036	-64.5260770105
-62.607429011	-64.5265815667
-62.609690079	-64.5270860855
-62.610861598	-64.5261123999
-62.613122694	-64.5266168594
-62.614294055	-64.5256431454
-62.615465324	-64.5246694246
-62.617726381	-64.5251738031
-62.618897492	-64.5242000539
-62.621158576	-64.5247043732
-62.62232953	-64.5237305955
-62.62350039	-64.5227568111
-62.625761437	-64.5232610494
-62.62693214	-64.5222872365
-62.628102751	-64.5213134169
-62.629273269	-64.5203395907
-62.630443695	-64.5193657578
-62.62818291	-64.5188616065
-62.625922218	-64.5183574179
-62.627092682	-64.5173836217
-62.624832147	-64.5168794174
-62.622571705	-64.5163751755
-62.623742207	-64.5154014163
-62.621481922	-64.5148971588
-62.622652398	-64.5139234145
-62.62039227	-64.5134191413
-62.622652398	-64.5139234145
-62.623822781	-64.5129496636
-62.626082935	-64.5134538776
-62.628343182	-64.5139580542
-62.629513342	-64.5129842531
-62.631773616	-64.5134883704
-62.632943619	-64.5125145409
-62.634113529	-64.5115407046
-62.636373764	-64.512044741
-62.637543517	-64.5110708763
-62.638713178	-64.510097005
-62.639882746	-64.509123127
-62.641052222	-64.5081492422
-62.638792247	-64.5076452929
-62.639961696	-64.5066714232
-62.641131053	-64.5056975469
-62.642300317	-64.5047236639
-62.643469489	-64.5037497743
-62.645729203	-64.5042536367
-62.647989009	-64.5047574617
-62.649157958	-64.5037835219
-62.65141779	-64.5042872876
-62.652586583	-64.5033133194
-62.654846442	-64.503817026
-62.656015076	-64.5028430294
-62.658274963	-64.5033466768
-62.65944344	-64.5023726518
-62.660611825	-64.5013986202
-62.661780117	-64.5004245819
-62.662948318	-64.4994505369
-62.660688693	-64.4989469764
-62.65842916	-64.4984433785
-62.659597399	-64.4974693703
-62.657338023	-64.4969657566
-62.65507874	-64.4964621055
-62.656247017	-64.4954881341
-62.653987891	-64.4949844673
-62.655156141	-64.494010511
-62.6563243	-64.4930365481
-62.654065396	-64.4925328873
-62.655233528	-64.4915589394
-62.657492366	-64.4920625784
-62.65866034	-64.4910886022
-62.660919205	-64.4915921821
-62.662087022	-64.4906181775
-62.664345914	-64.4911216982
-62.665513573	-64.4901476652
-62.667772492	-64.4906511268
-62.668939994	-64.4896770654
-62.67119894	-64.4901804679
-62.673457977	-64.4906838329
-62.675717107	-64.4911871605
-62.677976328	-64.4916904506
-62.680235642	-64.4921937033
-62.681402726	-64.4912195267
-62.683662066	-64.4917227202
-62.685921499	-64.4922258763
-62.688181023	-64.4927289949
-62.689347819	-64.4917547466
-62.69160737	-64.492257806
-62.693867013	-64.492760828
-62.695033586	-64.4917865296
-62.697293256	-64.4922894925
-62.699553018	-64.4927924178
-62.701812871	-64.4932953057
-62.704072817	-64.4937981562
-62.702906506	-64.4947725413
-62.705166609	-64.495275376
-62.707426804	-64.4957781732
-62.709687092	-64.4962809329
-62.711947471	-64.4967836551
-62.714207942	-64.4972863398
-62.715373926	-64.4963118462
-62.721060775	-64.4963425161
-62.723321392	-64.496845045
-62.7255821	-64.4973475364
-62.726747638	-64.4963729428
-62.729008373	-64.496875375
-62.730173754	-64.495900753
-62.732434515	-64.496403126
-62.733599739	-64.4954284758
-62.735860526	-64.4959307897
-62.737025592	-64.4949561111
-62.739286407	-64.4954583658
-62.741547313	-64.495960583
-62.743808311	-64.4964627626
-62.746069401	-64.4969649048
-62.747165844	-64.4984417964
-62.749427184	-64.4989438852
-62.751688615	-64.4994459365
-62.753950138	-64.4999479503
-62.756211754	-64.5004499266
-62.758473461	-64.5009518653
-62.759637871	-64.49997697
-62.761899605	-64.5004788495
-62.763063857	-64.4995039259
-62.765325617	-64.5000057463
-62.766489712	-64.4990307945
-62.768751498	-64.4995325556
-62.769915436	-64.4985575755
-62.772177248	-64.4990592775
-62.773341028	-64.4980842692
-62.775602867	-64.4985859119
-62.776766489	-64.4976108754
-62.77793002	-64.4966358323
-62.780191819	-64.4971373942
-62.781355192	-64.4961623228
-62.782518474	-64.4951872449
-62.780256806	-64.4946857263
-62.781420061	-64.4937106635
-62.782583224	-64.4927355942
-62.783746296	-64.4917605182
-62.784909276	-64.4907854358
-62.786072163	-64.4898103467
-62.787234959	-64.4888352511
-62.788397664	-64.487860149
-62.789560276	-64.4868850403
-62.790722797	-64.485909925
-62.791885226	-64.4849348032
-62.789624307	-64.4844334636
-62.787363479	-64.4839320865
-62.786200919	-64.484907165
-62.783940117	-64.4844057288
-62.781679407	-64.483904255
-62.779418789	-64.4834027437
-62.777158263	-64.4829011949
-62.775995348	-64.4838761803
-62.773734848	-64.4833745723
-62.772571776	-64.4843495295
-62.770311302	-64.4838478623
-62.769148073	-64.4848227913
-62.766887625	-64.484321065
-62.764627269	-64.4838193012
-62.762367005	-64.4833174999
-62.760106833	-64.4828156612
-62.761270324	-64.4818408189
-62.759010309	-64.4813389643
-62.756750386	-64.4808370721
-62.757913916	-64.4798622666
-62.759077355	-64.4788874545
-62.756817654	-64.4783855682
-62.757981067	-64.4774107712
-62.759144388	-64.4764359676
-62.760307617	-64.4754611574
-62.761470754	-64.4744863407
-62.763730193	-64.4749881404
-62.764893173	-64.4740132954
-62.766056061	-64.4730384439
-62.767218858	-64.4720635859
-62.768381563	-64.4710887212
-62.769544176	-64.47011385
-62.770706698	-64.4691389723
-62.768447652	-64.4686373026
-62.769610147	-64.4676624399
-62.767351259	-64.4671607543
-62.768513728	-64.4661859067
-62.766254997	-64.4656842053
-62.763996357	-64.4651824664
-62.761737809	-64.4646806901
-62.759479353	-64.4641788763
-62.758316622	-64.4651536372
-62.756058191	-64.4646517643
-62.753799853	-64.4641498539
-62.752636899	-64.465124565
-62.750378587	-64.4646225955
-62.748120367	-64.4641205886
-62.746957191	-64.4650952498
-62.744698997	-64.4645931838
-62.743535663	-64.4655678168
-62.741277496	-64.4650656916
-62.740114006	-64.4660402964
-62.737855864	-64.4655381122
-62.735597814	-64.4650358905
-62.733339856	-64.4645336313
-62.73108199	-64.4640313347
-62.728824215	-64.4635290006
-62.726566532	-64.4630266291
-62.727730414	-64.4620521543
-62.725472888	-64.461549767
-62.723215454	-64.4610473424
-62.720958111	-64.4605448802
-62.718700861	-64.4600423807
-62.717536717	-64.4610167689
-62.715279493	-64.4605142102
-62.714115193	-64.4614885702
-62.711857995	-64.4609859525
-62.710693537	-64.4619602841
-62.709528988	-64.4629346092
-62.707271752	-64.4624319107
-62.706107046	-64.4634062075
-62.704942248	-64.4643804977
-62.703777358	-64.4653547813
-62.702612376	-64.4663290583
-62.700354971	-64.4658262357
-62.699189832	-64.4668004844
-62.698024602	-64.4677747265
-62.69685928	-64.468748962
-62.699116881	-64.4692518497
-62.697951532	-64.4702261002
-62.696786092	-64.4712003442
-62.699043916	-64.4717032378
-62.697878448	-64.4726774968
-62.70013643	-64.4731803747
-62.698970936	-64.4741546488
-62.69780535	-64.4751289163
-62.700063554	-64.4756318
-62.702321849	-64.4761346464
-62.701156302	-64.4771089507
-62.699990663	-64.4780832483
-62.698824933	-64.4790575393
-62.69765911	-64.4800318237
-62.696493196	-64.4810061015
-62.694234574	-64.4805031467
-62.693068502	-64.4814773962
-62.691902338	-64.4824516391
-62.689643677	-64.4819486035
-62.688477357	-64.482922818
-62.686218723	-64.4824197232
-62.685052244	-64.4833939095
-62.682793637	-64.4828907555
-62.681627002	-64.4838649134
-62.679368421	-64.4833617004
-62.677109933	-64.4828584499
-62.675943074	-64.4838325577
-62.673684613	-64.4833292481
-62.671426243	-64.4828259011
-62.669167965	-64.4823225166
-62.670335019	-64.4813484739
-62.668076898	-64.4808450737
-62.665818869	-64.480341636
-62.66472809	-64.4788641768
-62.662470311	-64.478360686
-62.663637441	-64.4773867168
-62.661379819	-64.4768832104
-62.659122289	-64.4763796665
-62.660289458	-64.4754057341
-62.658032085	-64.4749021746
-62.659199227	-64.4739282573
-62.656942011	-64.473424682
-62.658109126	-64.4724507797
-62.655852067	-64.4719471888
-62.657019156	-64.4709733016
-62.659353057	-64.4690255073
-62.657096285	-64.468521944
-62.658263163	-64.4675480586
-62.656006549	-64.4670444797
-62.6571734	-64.4660706094
-62.654916942	-64.4655670148
-62.656083766	-64.4645931595
-62.653827466	-64.4640895492
-62.654994263	-64.463115709
-62.65273812	-64.462612083
-62.650482068	-64.4621084197
-62.648226108	-64.461604719
-62.64597024	-64.4611009809
-62.643714464	-64.4605972054
-62.64145878	-64.4600933926
-62.640291592	-64.4610671026
-62.638035935	-64.4605632307
-62.63578037	-64.4600593215
-62.633524896	-64.4595553749
-62.632357422	-64.4605290131
-62.630101975	-64.4600250074
-62.627846621	-64.4595209644
-62.625591358	-64.459016884
-62.624423596	-64.4599904504
-62.62216836	-64.4594863109
-62.619913217	-64.4589821341
-62.617658165	-64.45847792
-62.616490117	-64.4594514146
-62.614235092	-64.4589471414
-62.611980159	-64.4584428308
-62.609725318	-64.4579384829
-62.607470569	-64.4574340976
-62.605215912	-64.4569296751
-62.604047447	-64.4579030544
-62.601792817	-64.4573985728
-62.600624195	-64.4583719237
-62.598369592	-64.457867383
-62.596115081	-64.457362805
-62.594946238	-64.4583361058
-62.592691754	-64.4578314688
-62.590437362	-64.4573267944
-62.588183063	-64.4568220826
-62.585928855	-64.4563173336
-62.587097958	-64.4553441197
-62.584843907	-64.4548393551
-62.586012982	-64.4538661562
-62.587181966	-64.4528929507
-62.588350858	-64.4519197385
-62.590604715	-64.4524244379
-62.59177345	-64.4514511973
-62.594027333	-64.4519558377
-62.595195912	-64.4509825686
-62.597449822	-64.45148715
-62.598618244	-64.4505138526
-62.600872182	-64.4510183749
-62.602040446	-64.450045049
-62.603208619	-64.4490717165
-62.605462519	-64.4495761581
-62.606630535	-64.4486027972
-62.60779846	-64.4476294297
-62.610052322	-64.4481337905
-62.611220089	-64.4471603946
-62.613473979	-64.4476646963
-62.614641589	-64.446691272
-62.615809108	-64.4457178411
-62.618062959	-64.4462220621
-62.619230322	-64.4452486028
-62.6214842	-64.4457527648
-62.622651405	-64.4447792771
-62.624905311	-64.4452833801
-62.627159308	-64.4457874457
-62.628326292	-64.444813908
-62.630580316	-64.4453179146
-62.632834431	-64.4458218839
-62.634001194	-64.4448482961
-62.636255336	-64.4453522064
-62.639676111	-64.4448824415
-62.64084256	-64.443908797
-62.643096757	-64.4444125892
-62.644263049	-64.4434389164
-62.646517272	-64.4439426496
-62.647683407	-64.4429689484
-62.648849451	-64.4419952407
-62.650015402	-64.4410215263
-62.651181263	-64.4400478052
-62.653435318	-64.4405514143
-62.654601021	-64.439577665
-62.655766633	-64.438603909
-62.653512707	-64.4381003433
-62.654678292	-64.4371266024
-62.655843785	-64.4361528549
-62.653590082	-64.4356492952
-62.654755548	-64.4346755627
-62.655920923	-64.4337018236
-62.657086206	-64.4327280779
-62.658251398	-64.4317543256
-62.659416497	-64.4307805666
-62.660581506	-64.429806801
-62.661746422	-64.4288330288
-62.662911247	-64.42785925
-62.66407598	-64.4268854646
-62.665240622	-64.4259116726
-62.666405172	-64.4249378739
-62.667569631	-64.4239640687
-62.669822555	-64.4244673683
-62.670986857	-64.4234935348
-62.672151068	-64.4225196947
-62.673315187	-64.421545848
-62.674479214	-64.4205719947
-62.67564315	-64.4195981347
-62.67339055	-64.4190949434
-62.674554459	-64.4181210985
-62.675718277	-64.4171472471
-62.676882003	-64.416173389
-62.67462969	-64.4156702253
-62.675793389	-64.4146963823
-62.676956997	-64.4137225327
-62.678120514	-64.4127486765
-62.675868487	-64.4122455404
-62.677031977	-64.4112716993
-62.678195376	-64.4102978515
-62.679358683	-64.4093239972
-62.680521899	-64.4083501363
-62.681685023	-64.4073762688
-62.679433411	-64.4068732036
-62.680596509	-64.4058993512
-62.681759516	-64.4049254921
-62.679508125	-64.404422433
-62.680671105	-64.403448589
-62.678419871	-64.4029455141
-62.679582824	-64.4019716852
-62.677331746	-64.4014685947
-62.675080759	-64.400965467
-62.676243751	-64.3999916747
-62.673992921	-64.3994885313
-62.671742182	-64.3989853506
-62.672905211	-64.398011595
-62.670654629	-64.3975083987
-62.668404137	-64.397005165
-62.669567205	-64.3960314462
-62.66731687	-64.3955281969
-62.665066626	-64.3950249104
-62.666229732	-64.3940512282
-62.663979644	-64.393547926
-62.661729648	-64.3930445866
-62.662892792	-64.3920709411
-62.660642951	-64.391567586
-62.658393202	-64.3910641937
-62.659556385	-64.3900905849
-62.657306792	-64.3895871769
-62.65505729	-64.3890837317
-62.656220511	-64.3881101596
-62.653971165	-64.3876066988
-62.655134359	-64.3866331417
-62.656297462	-64.385659578
-62.654048337	-64.3851561233
-62.655211413	-64.3841825746
-62.652962444	-64.3836791042
-62.650713566	-64.3831755966
-62.648464779	-64.3826720517
-62.647301509	-64.3836455354
-62.646138148	-64.3846190125
-62.643889324	-64.3841153871
-62.642725807	-64.385088836
-62.640477009	-64.3845851517
-62.639313336	-64.3855585723
-62.638149571	-64.3865319863
-62.635900736	-64.3860282215
-62.633651991	-64.3855244195
-62.631403338	-64.3850205802
-62.629154777	-64.3845167037
-62.626906307	-64.38401279
-62.624657928	-64.383508839
-62.622409641	-64.3830048509
-62.623573857	-64.3820315884
-62.624737983	-64.3810583193
-62.622489916	-64.3805543372
-62.623654015	-64.3795810832
-62.621406103	-64.3790770856
-62.622570175	-64.3781038466
-62.623734156	-64.3771306009
-62.621486465	-64.3766266094
-62.622650419	-64.3756533788
-62.623814281	-64.3746801416
-62.624978052	-64.3737068978
-62.626141732	-64.3727336474
-62.62730532	-64.3717603903
-62.625058044	-64.3712564698
-62.622810858	-64.3707525121
-62.623974484	-64.3697792917
-62.621727455	-64.3692753184
-62.619480516	-64.3687713079
-62.617233669	-64.3682672603
-62.614986913	-64.3677631754
-62.612740249	-64.3672590533
-62.610493676	-64.3667548941
-62.608247194	-64.3662506977
-62.607083116	-64.3672237665
-62.604836661	-64.3667195113
-62.602590297	-64.3662152189
-62.601426	-64.3671882378
-62.599179662	-64.3666838865
-62.598015209	-64.3676568772
-62.595768899	-64.3671524671
-62.59352268	-64.3666480198
-62.591276553	-64.3661435354
-62.589030517	-64.3656390139
-62.586784572	-64.3651344551
-62.587949347	-64.3641615728
-62.585703558	-64.3636569985
-62.58345786	-64.3631523871
-62.584622673	-64.3621795414
-62.585787394	-64.3612066891
-62.583541916	-64.3607020839
-62.58470661	-64.3597292466
-62.585871213	-64.3587564027
-62.587035725	-64.3577835521
-62.588200145	-64.3568106949
-62.585955016	-64.3563061391
-62.58711941	-64.355333297
-62.584874436	-64.3548287257
-62.582629553	-64.3543241173
-62.583793984	-64.3533513118
-62.581549257	-64.3528466879
-62.579304622	-64.3523420269
-62.58046909	-64.351369258
-62.57822461	-64.3508645815
-62.57598022	-64.3503598679
-62.577144726	-64.3493871357
-62.574900492	-64.3488824066
-62.57265635	-64.3483776403
-62.570412299	-64.347872837
-62.571576906	-64.3469001631
-62.56933301	-64.3463953443
-62.567089206	-64.3458904883
-62.56825385	-64.3449178512
-62.566010201	-64.3444129798
-62.567174818	-64.3434403576
-62.568339344	-64.3424677288
-62.569503778	-64.3414950934
-62.570668122	-64.3405224513
-62.571832374	-64.3395498026
-62.572996535	-64.3385771473
-62.574160605	-64.3376044854
-62.575324584	-64.3366318168
-62.57308154	-64.3361270814
-62.574245492	-64.3351544279
-62.575409352	-64.3341817677
-62.576573122	-64.3332091008
-62.577736801	-64.3322364274
-62.578900388	-64.3312637473
-62.580063884	-64.3302910606
-62.577821316	-64.329786418
-62.578984785	-64.3288137464
-62.576742372	-64.3283090883
-62.577905815	-64.3273364316
-62.575663557	-64.3268317581
-62.57450005	-64.3278043931
-62.572257819	-64.3272996609
-62.570015679	-64.3267948915
-62.568851953	-64.3277674767
-62.56660984	-64.3272626486
-62.564367818	-64.3267577835
-62.565531672	-64.3257852416
-62.563289806	-64.325280361
-62.564453633	-64.3243078342
-62.562211921	-64.3238029382
-62.563375721	-64.3228304263
-62.56453943	-64.3218579078
-62.565703048	-64.3208853827
-62.567944568	-64.3213902139
-62.56910803	-64.3204176605
-62.566866575	-64.319912851
-62.568030011	-64.3189403127
-62.569193356	-64.3179677677
-62.56695212	-64.3174629644
-62.564710975	-64.3169581241
-62.56246992	-64.3164532467
-62.563633366	-64.31548076
-62.561392467	-64.3149758671
-62.559151659	-64.3144709372
-62.560315142	-64.3134984872
-62.561478534	-64.3125260305
-62.559237945	-64.3120211068
-62.56040131	-64.3110486651
-62.558160876	-64.310543726
-62.555920533	-64.3100387499
-62.55475704	-64.3110111483
-62.552516723	-64.3105061135
-62.550276498	-64.3100010416
-62.549112786	-64.3109733902
-62.546872588	-64.3104682596
-62.545708721	-64.3114405799
-62.544544763	-64.3124128935
-62.542304528	-64.3119076827
-62.540064384	-64.3114024348
-62.537824332	-64.3108971499
-62.53558437	-64.3103918279
-62.536748583	-64.3094196008
-62.534508776	-64.3089142635
-62.53226906	-64.3084088892
-62.533433311	-64.3074366987
-62.53119375	-64.306931309
-62.52895428	-64.3064258822
-62.530118567	-64.3054537284
-62.531282763	-64.304481568
-62.532446868	-64.3035094009
-62.533610882	-64.3025372272
-62.534774805	-64.3015650468
-62.535938638	-64.3005928598
-62.533699642	-64.3000875259
-62.534863447	-64.2991153539
-62.532624606	-64.2986100045
-62.533788384	-64.2976378475
-62.531549697	-64.2971324828
-62.529311102	-64.2966270811
-62.530474917	-64.2956549607
-62.528236476	-64.2951495437
-62.529400264	-64.2941774383
-62.527161978	-64.2936720058
-62.528325738	-64.2926999154
-62.526087607	-64.2921944677
-62.523849567	-64.2916889829
-62.525013364	-64.2907169291
-62.522775479	-64.290211429
-62.523939249	-64.2892393902
-62.525102928	-64.2882673448
-62.52286526	-64.2877618509
-62.524028912	-64.2867898205
-62.525192473	-64.2858177834
-62.522955025	-64.2853122958
-62.524118559	-64.2843402737
-62.521881264	-64.2838347708
-62.523044771	-64.2828627637
-62.524208187	-64.28189075
-62.525371512	-64.2809187297
-62.526534746	-64.2799467027
-62.52769789	-64.278974669
-62.528860942	-64.2780026288
-62.526624122	-64.2774972186
-62.527787147	-64.2765251934
-62.525550481	-64.2760197679
-62.523313905	-64.2755143054
-62.52107742	-64.2750088059
-62.523403581	-64.2730648652
-62.521167315	-64.2725593721
-62.522330322	-64.2715874134
-62.52009421	-64.2710819049
-62.521257191	-64.2701099612
-62.522420081	-64.2691380109
-62.520184187	-64.2686325087
-62.52134705	-64.2676605734
-62.51911131	-64.2671550558
-62.520274146	-64.2661831355
-62.518038561	-64.2656776026
-62.519201369	-64.2647056972
-62.516965938	-64.264200149
-62.51812872	-64.2632282587
-62.515893443	-64.2627226951
-62.513658257	-64.2622170947
-62.511423162	-64.2617114573
-62.509188158	-64.261205783
-62.506953244	-64.2607000718
-62.505790145	-64.2616718541
-62.503555258	-64.2611660843
-62.501320462	-64.2606602776
-62.496758905	-64.262097849
-62.494524163	-64.2615919252
-62.492289513	-64.2610859645
-62.491125823	-64.2620576188
-62.4888912	-64.2615515996
-62.486656668	-64.2610455435
-62.484422226	-64.2605394504
-62.485586106	-64.259567861
-62.483351818	-64.2590617527
-62.481117622	-64.2585556075
-62.482281538	-64.2575840547
-62.480047495	-64.2570778942
-62.481211384	-64.2561063564
-62.478977496	-64.2556001807
-62.480141357	-64.2546286578
-62.477907623	-64.2541224668
-62.479071458	-64.2531509589
-62.476837878	-64.2526447526
-62.478001684	-64.2516732597
-62.475768259	-64.2511670382
-62.476932039	-64.2501955603
-62.474698767	-64.2496893235
-62.472465586	-64.2491830498
-62.473629402	-64.2482116084
-62.474793127	-64.2472401604
-62.475956761	-64.2462687058
-62.477120305	-64.2452972445
-62.474887468	-64.2447910205
-62.476050984	-64.2438195741
-62.47721441	-64.2428481212
-62.474981791	-64.2423419035
-62.476145189	-64.2413704655
-62.477308497	-64.2403990208
-62.475076095	-64.2398928095
-62.472843784	-64.2393865613
-62.470611564	-64.2388802762
-62.468379434	-64.2383739543
-62.466147395	-64.2378675956
-62.465079043	-64.2363898783
-62.462847249	-64.2358834675
-62.460615545	-64.2353770198
-62.461779178	-64.2344057348
-62.459547628	-64.2338992719
-62.457316169	-64.2333927721
-62.458479838	-64.2324215237
-62.459643416	-64.2314502686
-62.460806903	-64.2304790069
-62.461970301	-64.2295077385
-62.463133607	-64.2285364634
-62.464296823	-64.2275651817
-62.465459948	-64.2265938934
-62.466622983	-64.2256225984
-62.46439212	-64.2251162347
-62.465555128	-64.2241449547
-62.466718044	-64.2231736681
-62.464487399	-64.2226673108
-62.462256844	-64.2221609167
-62.460026379	-64.2216544857
-62.457796005	-64.221148018
-62.458959085	-64.2201768111
-62.460122073	-64.2192055975
-62.461284971	-64.2182343774
-62.462447779	-64.2172631506
-62.463610496	-64.2162919171
-62.465840554	-64.2167982768
-62.467003117	-64.2158270151
-62.46816559	-64.2148557468
-62.470395612	-64.2153620265
-62.471557931	-64.2143907299
-62.47272016	-64.2134194267
-62.474950146	-64.2139256264
-62.476112221	-64.2129542949
-62.478342234	-64.2134604362
-62.479504155	-64.2124890765
-62.481734196	-64.2129951594
-62.482895963	-64.2120237715
-62.48405764	-64.211052377
-62.486287645	-64.2115583799
-62.487449168	-64.2105869572
-62.488610602	-64.2096155278
-62.489771944	-64.2086440918
-62.490933197	-64.2076726492
-62.492094359	-64.2067012
-62.494324137	-64.2072070582
-62.495485145	-64.2062355808
-62.496646064	-64.2052640968
-62.497806891	-64.2042926061
-62.50003657	-64.2047983627
-62.501197244	-64.2038268439
-62.498967628	-64.2033211089
-62.500128275	-64.2023496051
-62.497898813	-64.2018438548
-62.499059433	-64.2008723659
-62.500219962	-64.1999008705
-62.501380402	-64.1989293684
-62.502540751	-64.1979578597
-62.503701009	-64.1969863444
-62.505930155	-64.1974919868
-62.507090261	-64.1965204433
-62.509319434	-64.1970260274
-62.511548697	-64.1975315746
-62.513778051	-64.198037085
-62.516007495	-64.1985425585
-62.514847643	-64.1995141882
-62.51707724	-64.2000196466
-62.519306928	-64.200525068
-62.518147112	-64.2014967343
-62.520376953	-64.2020021405
-62.519217111	-64.2029738217
-62.521447105	-64.2034792127
-62.522517384	-64.2049562845
-62.524747623	-64.2054616234
-62.526977952	-64.2059669253
-62.529208372	-64.2064721905
-62.531438881	-64.2069774188
-62.533669481	-64.2074826102
-62.534828971	-64.2065107847
-62.53598837	-64.2055389526
-62.537147679	-64.2045671138
-62.53491727	-64.2040619871
-62.536076552	-64.2030901633
-62.533846296	-64.2025850213
-62.535005551	-64.2016132125
-62.532775448	-64.2011080551
-62.533934677	-64.2001362613
-62.531704728	-64.1996310887
-62.532863929	-64.1986593099
-62.530634134	-64.1981541219
-62.528404428	-64.1976488972
-62.529563666	-64.1966771549
-62.527334115	-64.1961719148
-62.528493326	-64.1952001875
-62.526263927	-64.1946949322
-62.527423112	-64.1937232198
-62.528582206	-64.1927515009
-62.529741209	-64.1917797754
-62.530900123	-64.1908080433
-62.532058946	-64.1898363046
-62.53321768	-64.1888645594
-62.535446698	-64.1893696854
-62.536605278	-64.188397912
-62.537763767	-64.1874261321
-62.53999275	-64.1879311782
-62.541151086	-64.1869593702
-62.542309332	-64.1859875555
-62.543467488	-64.1850157344
-62.544625554	-64.1840439066
-62.54578353	-64.1830720723
-62.546941415	-64.1821002314
-62.548099211	-64.181128384
-62.549256917	-64.18015653
-62.551485482	-64.180661367
-62.552643035	-64.179689485
-62.554871627	-64.1801942636
-62.556029026	-64.1792223535
-62.557186335	-64.1782504368
-62.559414891	-64.1787551356
-62.560572046	-64.1777831908
-62.561729112	-64.1768112395
-62.563957631	-64.1773158584
-62.565114543	-64.176343879
-62.566271366	-64.1753718931
-62.567428098	-64.1743999006
-62.56858474	-64.1734279016
-62.570813096	-64.1739323977
-62.571969585	-64.1729603706
-62.573125984	-64.171988337
-62.574282293	-64.1710162968
-62.572054127	-64.1705118653
-62.57321041	-64.1695398401
-62.574366602	-64.1685678084
-62.572138653	-64.1680633831
-62.573294819	-64.1670913664
-62.574450895	-64.1661193431
-62.575606881	-64.1651473133
-62.576762777	-64.164175277
-62.57453517	-64.1636709009
-62.57569104	-64.1626988796
-62.57684682	-64.1617268517
-62.57800251	-64.1607548173
-62.57915811	-64.1597827764
-62.576930846	-64.1592784494
-62.57808642	-64.1583064235
-62.579241903	-64.157334391
-62.577014856	-64.1568300703
-62.578170313	-64.1558580528
-62.575943419	-64.1553537167
-62.57709885	-64.1543817142
-62.574872109	-64.1538773629
-62.576027513	-64.1529053753
-62.573800925	-64.1524010087
-62.574956302	-64.1514290361
-62.57611159	-64.150457057
-62.578338051	-64.1509613806
-62.579493186	-64.1499893735
-62.581719674	-64.1504936389
-62.582874655	-64.1495216038
-62.58510117	-64.1500258109
-62.586255999	-64.1490537478
-62.58848254	-64.1495578966
-62.589637215	-64.1485858055
-62.591863783	-64.149089896
-62.593018305	-64.1481177769
-62.594172738	-64.1471456513
-62.596399269	-64.1476496621
-62.597553549	-64.1466775085
-62.599780106	-64.147181461
-62.600934233	-64.1462092794
-62.60208827	-64.1452370913
-62.604314791	-64.1457409641
-62.605468675	-64.144768748
-62.607695222	-64.1452725625
-62.608848953	-64.1443003185
-62.610002594	-64.143328068
-62.611156146	-64.142355811
-62.612309609	-64.1413835475
-62.613462981	-64.1404112776
-62.611236751	-64.1399075704
-62.612390097	-64.1389353154
-62.61016402	-64.1384315929
-62.607938032	-64.1379278336
-62.605712134	-64.1374240376
-62.60686558	-64.1364518405
-62.604639835	-64.1359480291
-62.602414179	-64.1354441809
-62.600188613	-64.1349402959
-62.60134216	-64.1339681567
-62.599116746	-64.1334642565
-62.600270267	-64.1324921323
-62.598045006	-64.1319882167
-62.5991985	-64.1310161074
-62.600351904	-64.1300439917
-62.602577038	-64.1305478643
-62.60373029	-64.1295757206
-62.604883451	-64.1286035705
-62.607108549	-64.1291073634
-62.608261558	-64.1281351853
-62.609414477	-64.1271630007
-62.611639538	-64.127666714
-62.612792304	-64.1266945014
-62.613944982	-64.1257222824
-62.615097569	-64.1247500569
-62.616250068	-64.1237778249
-62.617402476	-64.1228055865
-62.615177732	-64.1223019805
-62.616330114	-64.121329757
-62.614105523	-64.1208261356
-62.615257879	-64.1198539271
-62.616410145	-64.1188817121
-62.617562323	-64.1179094907
-62.61871441	-64.1169372628
-62.616490161	-64.1164336904
-62.614266001	-64.1159300813
-62.613113787	-64.1169022664
-62.610889653	-64.1163985991
-62.608665609	-64.115894895
-62.607513179	-64.1168670307
-62.605289161	-64.1163632685
-62.603065233	-64.1158594694
-62.600841394	-64.1153556337
-62.598617645	-64.1148517612
-62.597464873	-64.1158238046
-62.59524115	-64.1153198739
-62.593017516	-64.1148159065
-62.591864528	-64.1157879005
-62.589640921	-64.1152838748
-62.587417404	-64.1147798125
-62.5862642	-64.1157517571
-62.584040709	-64.1152476365
-62.581817307	-64.1147434792
-62.580663888	-64.1157153744
-62.578440513	-64.1152111589
-62.576217227	-64.1147069067
-62.575063593	-64.1156787524
-62.572840334	-64.115174442
-62.570617164	-64.1146700949
-62.569463314	-64.1156418912
-62.56724017	-64.1151374859
-62.565017117	-64.1146330439
-62.563863051	-64.1156047907
-62.561640024	-64.1151002905
-62.559417086	-64.1145957536
-62.557194238	-64.1140911799
-62.55497148	-64.1135865695
-62.552748811	-64.1130819224
-62.551594341	-64.1140535554
-62.549371699	-64.1135488502
-62.547149146	-64.1130441082
-62.544926683	-64.1125393295
-62.543771934	-64.1135108916
-62.542617096	-64.1144824472
-62.540394597	-64.1139775888
-62.538172187	-64.1134726938
-62.535949867	-64.1129677621
-62.533727636	-64.1124627936
-62.531505495	-64.1119577885
-62.529283443	-64.1114527467
-62.530438659	-64.1104813201
-62.52821676	-64.1099762631
-62.525994951	-64.1094711694
-62.527150203	-64.1084997791
-62.524928546	-64.1079946703
-62.526083771	-64.107023295
-62.523862266	-64.1065181709
-62.521640851	-64.1060130102
-62.522796112	-64.1050416713
-62.52057485	-64.1045364954
-62.521730084	-64.1035651715
-62.519508974	-64.1030599804
-62.517287954	-64.1025547526
-62.515067023	-64.1020494881
-62.5139116	-64.1030207476
-62.511690696	-64.102515425
-62.509469881	-64.1020100657
-62.507249156	-64.1015046698
-62.505028521	-64.1009992372
-62.506184195	-64.1000280637
-62.503963712	-64.099522616
-62.502899028	-64.0980459946
-62.500678787	-64.097540495
-62.50183447	-64.0965693729
-62.499614381	-64.0960638582
-62.500770037	-64.0950927511
-62.4985501	-64.0945872212
-62.499705729	-64.093616129
-62.497485945	-64.093110584
-62.498641547	-64.0921395067
-62.496421915	-64.0916339466
-62.497577491	-64.0906628842
-62.495358011	-64.0901573089
-62.49313862	-64.0896516971
-62.494294231	-64.0886806711
-62.492074993	-64.0881750441
-62.493230578	-64.0872040331
-62.491011491	-64.0866983909
-62.492167049	-64.0857273949
-62.493322517	-64.0847563923
-62.495541478	-64.0852619915
-62.496696794	-64.0842909608
-62.49785202	-64.0833199236
-62.500070945	-64.0838254433
-62.50122602	-64.0828543781
-62.503444972	-64.0833598396
-62.504599894	-64.0823887464
-62.507973642	-64.0819230286
-62.509128323	-64.0809519009
-62.511347266	-64.0814572247
-62.512501794	-64.080486069
-62.513656234	-64.0795149067
-62.51587514	-64.080020151
-62.517029428	-64.0790489607
-62.518183625	-64.0780777639
-62.520402496	-64.0785829287
-62.521556542	-64.0776117039
-62.522710498	-64.0766404726
-62.524929333	-64.0771455578
-62.526083137	-64.0761742985
-62.527236852	-64.0752030327
-62.52945565	-64.0757080384
-62.530609213	-64.0747367446
-62.531762687	-64.0737654443
-62.532916071	-64.0727941375
-62.534069365	-64.0718228242
-62.531850817	-64.0713179044
-62.533004086	-64.070346606
-62.530785689	-64.069841671
-62.529632359	-64.0708129479
-62.527413989	-64.0703079548
-62.525195709	-64.0698029251
-62.522977518	-64.0692978588
-62.520759417	-64.0687927559
-62.518541404	-64.0682876163
-62.519695048	-64.0673164467
-62.520848603	-64.0663452705
-62.522002069	-64.0653740879
-62.523155445	-64.0644028987
-62.524308732	-64.063431703
-62.525461929	-64.0624605008
-62.526615038	-64.0614892921
-62.528832611	-64.0619942815
-62.529985568	-64.0610230448
-62.532203168	-64.0615279761
-62.533355973	-64.0605567115
-62.5355736	-64.0610615848
-62.536726253	-64.0600902922
-62.538943906	-64.0605951075
-62.541161649	-64.0610998861
-62.542314087	-64.0601285442
-62.544531857	-64.0606332648
-62.545684143	-64.0596618949
-62.547901939	-64.0601665574
-62.549054073	-64.0591951597
-62.551271896	-64.0596997641
-62.552423878	-64.0587283384
-62.553575772	-64.0577569062
-62.555793558	-64.0582614313
-62.556945299	-64.0572899711
-62.559163112	-64.0577944381
-62.560314702	-64.0568229501
-62.561466202	-64.0558514556
-62.563683979	-64.0563558431
-62.564835327	-64.0553843207
-62.565986587	-64.0544127918
-62.568204327	-64.0549170999
-62.569355435	-64.0539455431
-62.570506453	-64.0529739799
-62.571657383	-64.0520024102
-62.569439831	-64.0514981664
-62.570590734	-64.0505266116
-62.571741548	-64.0495550504
-62.56952421	-64.0490508128
-62.570674998	-64.0480792665
-62.568457812	-64.0475750137
-62.56739154	-64.0460992144
-62.568542274	-64.0451276981
-62.566325392	-64.0446234149
-62.567476101	-64.0436519134
-62.56862672	-64.0426804055
-62.566410052	-64.0421761286
-62.567560645	-64.0412046356
-62.565344129	-64.0407003435
-62.566494696	-64.0397288655
-62.564278331	-64.0392245581
-62.562062056	-64.0387202142
-62.559845869	-64.0382158337
-62.557629771	-64.0377114167
-62.556478954	-64.0386828091
-62.554262883	-64.038178334
-62.552046901	-64.0376738223
-62.549831008	-64.0371692741
-62.547615204	-64.0366646893
-62.545399489	-64.0361600679
-62.546550619	-64.0351887826
-62.544335055	-64.034684146
-62.545486159	-64.0337128756
-62.543270747	-64.0332082239
-62.541055424	-64.0327035357
-62.53884019	-64.0321988108
-62.537688899	-64.033170017
-62.535473692	-64.0326652342
-62.533258573	-64.0321604148
-62.532107068	-64.0331315716
-62.529891976	-64.0326266943
-62.52874032	-64.0335978232
-62.526525254	-64.0330928878
-62.525373446	-64.0340639888
-62.523158407	-64.0335589955
-62.522006448	-64.0345300686
-62.520854399	-64.0355011352
-62.518639324	-64.0349960625
-62.517487124	-64.0359671011
-62.515272076	-64.0354619704
-62.514119724	-64.0364329811
-62.511904702	-64.0359277925
-62.50968977	-64.0354225673
-62.507474927	-64.0349173055
-62.506322299	-64.0358882454
-62.504107483	-64.0353829257
-62.501892755	-64.0348775694
-62.499678117	-64.0343721766
-62.500830933	-64.033401301
-62.498616446	-64.0328958931
-62.499769235	-64.0319250324
-62.500921935	-64.0309541652
-62.498707662	-64.0304487637
-62.496493479	-64.0299433256
-62.495340654	-64.0309141499
-62.493126497	-64.0304086538
-62.488698451	-64.0293975521
-62.486484561	-64.0288919465
-62.484270761	-64.0283863044
-62.482057049	-64.0278806257
-62.479843427	-64.0273749106
-62.478690077	-64.0283455782
-62.476476482	-64.0278398051
-62.474262975	-64.0273339955
-62.472049558	-64.0268281494
-62.473203095	-64.025857546
-62.474356543	-64.0248869361
-62.47214334	-64.0243810964
-62.473296761	-64.0234105014
-62.471083708	-64.0229046466
-62.472237103	-64.0219340666
-62.470024202	-64.0214281968
-62.471177569	-64.0204576316
-62.46896482	-64.0199517467
-62.47011816	-64.0189811965
-62.471271412	-64.0180106398
-62.472424574	-64.0170400765
-62.473577647	-64.0160695067
-62.474730632	-64.0150989304
-62.47694307	-64.0156047081
-62.478095903	-64.0146341038
-62.475883527	-64.0141283476
-62.477036333	-64.0131577582
-62.474824108	-64.0126519869
-62.475976888	-64.0116814125
-62.473764814	-64.0111756262
-62.47155283	-64.0106698033
-62.472705644	-64.0096992652
-62.470493811	-64.0091934274
-62.468282067	-64.0086875531
-62.466070411	-64.0081816423
-62.463858845	-64.007675695
-62.462705782	-64.0086461473
-62.460494242	-64.0081401422
-62.459341027	-64.0091105665
-62.457129515	-64.0086045035
-62.454918091	-64.0080984039
-62.453764663	-64.0090687789
-62.452611146	-64.0100391473
-62.450399688	-64.0095329685
-62.449246019	-64.0105033089
-62.445880768	-64.0109673846
-62.443669363	-64.0104610899
-62.442515393	-64.0114313744
-62.440304015	-64.0109250218
-62.439149893	-64.0118952783
-62.436938542	-64.0113888678
-62.435784269	-64.0123590963
-62.433572945	-64.0118526279
-62.43136171	-64.0113461231
-62.429150564	-64.0108395818
-62.426939508	-64.0103330041
-62.425784898	-64.0113031402
-62.423573868	-64.0107965046
-62.421362928	-64.0102898325
-62.420208104	-64.0112599191
-62.417997191	-64.0107531892
-62.416842216	-64.0117232478
-62.41463133	-64.0112164599
-62.413476204	-64.0121864905
-62.411265345	-64.0116796447
-62.409054575	-64.0111727626
-62.407899236	-64.0121427436
-62.405688493	-64.0116358035
-62.404533002	-64.0126057566
-62.402322287	-64.0120987586
-62.40011166	-64.0115917242
-62.398955957	-64.0125616277
-62.396745358	-64.0120545354
-62.394534848	-64.0115474067
-62.393378931	-64.0125172607
-62.391168448	-64.0120100741
-62.388958054	-64.011502851
-62.38674775	-64.0109955916
-62.384537535	-64.0104882957
-62.382327409	-64.0099809634
-62.381171093	-64.0109507035
-62.378960995	-64.0104433133
-62.376750985	-64.0099358867
-62.375594456	-64.0109055772
-62.373384474	-64.0103980927
-62.372227795	-64.0113677551
-62.37001784	-64.0108602128
-62.368861009	-64.0118298471
-62.367704089	-64.0127994748
-62.3654941	-64.0122918531
-62.364337029	-64.0132614527
-62.363179868	-64.0142310457
-62.360969845	-64.0137233446
-62.359812533	-64.0146929095
-62.357602536	-64.0141851505
-62.356445074	-64.0151546874
-62.355287522	-64.0161242176
-62.353077491	-64.0156163792
-62.351919788	-64.0165858813
-62.349709785	-64.016077985
-62.34855193	-64.017047459
-62.346341954	-64.0165395048
-62.345183949	-64.0175089506
-62.342974	-64.0170009386
-62.341815844	-64.0179703563
-62.339605923	-64.0174622863
-62.337396091	-64.01695418
-62.335186349	-64.0164460372
-62.334027918	-64.0174153838
-62.331818203	-64.0169071832
-62.329608577	-64.0163989461
-62.328449933	-64.0173682431
-62.326240335	-64.0168599482
-62.324030827	-64.0163516169
-62.321821408	-64.0158432492
-62.319612078	-64.0153348452
-62.318453097	-64.0163040494
-62.316243795	-64.0157955875
-62.314034583	-64.0152870892
-62.312875389	-64.0162562438
-62.310666204	-64.0157476876
-62.308457109	-64.0152390951
-62.307297702	-64.0162081999
-62.305088634	-64.0156995495
-62.302879656	-64.0151908627
-62.301720037	-64.0161599179
-62.299511086	-64.0156511732
-62.298351315	-64.0166202002
-62.296142392	-64.0161113977
-62.294982471	-64.0170803965
-62.29382246	-64.0180493886
-62.29266236	-64.0190183741
-62.290453341	-64.0185094706
-62.289293089	-64.0194784279
-62.288132748	-64.0204473785
-62.286972318	-64.0214163225
-62.285811798	-64.0223852598
-62.284651189	-64.0233541904
-62.28349049	-64.0243231144
-62.282329701	-64.0252920317
-62.281168823	-64.0262609423
-62.280007856	-64.0272298463
-62.277798371	-64.0267207126
-62.276637253	-64.0276895883
-62.275476044	-64.0286584574
-62.273266526	-64.0281492442
-62.272105167	-64.029118085
-62.269895677	-64.0286088139
-62.268734166	-64.0295776265
-62.267572566	-64.0305464325
-62.266410876	-64.0315152317
-62.265249096	-64.0324840242
-62.267458833	-64.0329933815
-62.266297025	-64.033962189
-62.268506913	-64.0344715315
-62.267345078	-64.0354403538
-62.269555117	-64.0359496815
-62.268393254	-64.0369185186
-62.270603444	-64.0374278315
-62.272813725	-64.0379371081
-62.276185773	-64.0374774464
-62.278396171	-64.0379866286
-62.280606658	-64.0384957745
-62.279445103	-64.0394647195
-62.278283459	-64.0404336577
-62.28049416	-64.0409428103
-62.279332487	-64.0419117635
-62.281543339	-64.0424209013
-62.280381639	-64.0433898693
-62.279219849	-64.0443588307
-62.278057969	-64.0453277853
-62.280269096	-64.0458369514
-62.279107189	-64.0468059209
-62.281318467	-64.0473150722
-62.283529835	-64.047824187
-62.282367962	-64.048793193
-62.284579481	-64.049302293
-62.286791091	-64.0498113567
-62.285629251	-64.0507803991
-62.284467321	-64.0517494349
-62.286679144	-64.0522585052
-62.285517187	-64.0532275558
-62.28435514	-64.0541965998
-62.283193003	-64.0551656371
-62.282030776	-64.0561346676
-62.279818707	-64.055625511
-62.278656329	-64.0565945133
-62.277493861	-64.057563509
-62.275281757	-64.0570542728
-62.274119138	-64.0580232402
-62.271907062	-64.057513946
-62.270744291	-64.0584828851
-62.26958143	-64.0594518175
-62.268418479	-64.0604207432
-62.267255439	-64.0613896622
-62.266092309	-64.0623585745
-62.268304694	-64.0628679765
-62.267141536	-64.0638369037
-62.265978287	-64.0648058242
-62.268190886	-64.065315233
-62.26702761	-64.0662841683
-62.26924036	-64.0667935623
-62.268077056	-64.0677625125
-62.266913662	-64.068731456
-62.269126625	-64.0692408568
-62.267963203	-64.0702098152
-62.266799692	-64.0711787669
-62.269012869	-64.0716881744
-62.271226136	-64.0721975454
-62.273439493	-64.07270688
-62.275652939	-64.0732161782
-62.277866476	-64.07372544
-62.280080103	-64.0742346654
-62.282293819	-64.0747438543
-62.281130651	-64.0757129504
-62.283344519	-64.0762221244
-62.282181323	-64.0771912354
-62.284395343	-64.0777003946
-62.283232118	-64.0786695205
-62.282068804	-64.0796386396
-62.284283038	-64.0801478056
-62.283119696	-64.0811169396
-62.285334081	-64.0816260907
-62.284170711	-64.0825952396
-62.283007251	-64.0835643819
-62.285221851	-64.0840735397
-62.284058362	-64.0850426968
-62.282894784	-64.0860118472
-62.281731116	-64.086980991
-62.283945992	-64.0874901771
-62.282782296	-64.0884593357
-62.28161851	-64.0894284876
-62.283833599	-64.0899376805
-62.282669785	-64.0909068473
-62.284885027	-64.0914160252
-62.283721185	-64.0923852069
-62.282557253	-64.0933543819
-62.280341887	-64.0928451607
-62.279177803	-64.0938143074
-62.278013629	-64.0947834474
-62.27579823	-64.0942741466
-62.274633903	-64.0952432582
-62.272418532	-64.0947338993
-62.271254054	-64.0957029827
-62.269038711	-64.0951935657
-62.266823457	-64.0946841123
-62.265658765	-64.0956531457
-62.26344354	-64.0951436342
-62.262278696	-64.0961126392
-62.260063499	-64.0956030696
-62.258898502	-64.0965720464
-62.257733416	-64.0975410164
-62.255518185	-64.0970313671
-62.254352947	-64.0980003087
-62.253187618	-64.0989692437
-62.250972354	-64.0984595147
-62.249806873	-64.0994284213
-62.248641302	-64.1003973211
-62.246426004	-64.0998875125
-62.245260281	-64.1008563839
-62.244094468	-64.1018252486
-62.241879136	-64.1013153603
-62.240713171	-64.1022841966
-62.239547116	-64.1032530262
-62.23733175	-64.1027430582
-62.236165543	-64.1037118594
-62.234999245	-64.1046806539
-62.232783846	-64.1041706061
-62.231617396	-64.1051393722
-62.230450856	-64.1061081315
-62.229284226	-64.1070768841
-62.227068731	-64.106566735
-62.225901949	-64.1075354592
-62.224735077	-64.1085041766
-62.222519548	-64.1079939477
-62.221352524	-64.1089626368
-62.219137023	-64.1084523498
-62.217969847	-64.1094210104
-62.215754375	-64.1089106654
-62.214587046	-64.1098792976
-62.212371603	-64.1093688944
-62.211204122	-64.1103374982
-62.208988706	-64.109827037
-62.207821073	-64.1107956123
-62.205605687	-64.110285093
-62.204437901	-64.1112536399
-62.203270026	-64.1122221801
-62.201054606	-64.111711581
-62.199886578	-64.1126800927
-62.19871846	-64.1136485976
-62.196503006	-64.1131379188
-62.195334736	-64.1141063953
-62.194166375	-64.115074865
-62.191950888	-64.1145641064
-62.190782376	-64.1155325477
-62.189613772	-64.1165009821
-62.187398252	-64.1159901437
-62.186229497	-64.1169585498
-62.184014005	-64.1164476533
-62.182845098	-64.1174160308
-62.1816761	-64.1183844016
-62.179460575	-64.1178734253
-62.178291425	-64.1188417676
-62.176075928	-64.1183307332
-62.174906626	-64.119299047
-62.172691158	-64.1187879546
-62.171521703	-64.1197562399
-62.169306265	-64.1192450893
