> -L"antarctic_islands_coastlines"
-76.501529655	-79.3509715809
-76.473418442	-79.3579373854
-76.467413086	-79.3576704613
-76.4659676	-79.3587797398
-76.46452181	-79.3598890136
-76.458515572	-79.3596219164
-76.457068886	-79.3607311569
-76.455621897	-79.3618403925
-76.449614775	-79.3615731222
-76.448166889	-79.3626823245
-76.4467187	-79.3637915219
-76.440710695	-79.3635240785
-76.439261608	-79.3646332426
-76.437812217	-79.3657424018
-76.43180333	-79.3654747852
-76.430353042	-79.366583911
-76.424343865	-79.3663161496
-76.422892679	-79.3674252421
-76.421441188	-79.3685343297
-76.415431128	-79.3682663949
-76.41397874	-79.3693754491
-76.412526046	-79.3704844984
-76.406515104	-79.3702163902
-76.405061512	-79.371325406
-76.403607615	-79.3724344169
-76.397595789	-79.3721661353
-76.396140993	-79.3732751128
-76.394685892	-79.3743840853
-76.393230485	-79.3754930529
-76.391774772	-79.3766020156
-76.385760876	-79.3763335032
-76.384304264	-79.3774424324
-76.382847346	-79.3785513566
-76.381390121	-79.379660276
-76.379932591	-79.3807691904
-76.373916624	-79.380500447
-76.372458193	-79.3816093278
-76.370999455	-79.3827182037
-76.364982605	-79.3824492866
-76.363522966	-79.3835581289
-76.362063021	-79.3846669662
-76.36060277	-79.3857757985
-76.359142211	-79.386884626
-76.353123288	-79.3866154777
-76.351661827	-79.3877242714
-76.35020006	-79.3888330602
-76.348737985	-79.389941844
-76.347275602	-79.3910506229
-76.341254606	-79.3907812431
-76.339791321	-79.3918899883
-76.338327728	-79.3929987284
-76.336863828	-79.3941074636
-76.335399619	-79.3952161938
-76.333935103	-79.396324919
-76.332470279	-79.3974336393
-76.328073959	-79.4007597701
-76.326607902	-79.4018684705
-76.320581254	-79.4015986862
-76.319114293	-79.4027073527
-76.317647022	-79.4038160142
-76.316179443	-79.4049246706
-76.310151315	-79.4046546833
-76.30868283	-79.4057633059
-76.307214036	-79.4068719235
-76.305744934	-79.407980536
-76.304275521	-79.4090891436
-76.298245315	-79.4088189242
-76.296774997	-79.4099274978
-76.295304369	-79.4110360664
-76.289273278	-79.4107656726
-76.287801743	-79.4118742072
-76.286329899	-79.4129827368
-76.284857744	-79.4140912613
-76.278825172	-79.4138206641
-76.27735211	-79.4149291547
-76.275878737	-79.4160376401
-76.274405055	-79.4171461206
-76.268371	-79.4168753198
-76.26689641	-79.4179837662
-76.265421509	-79.4190922076
-76.263946297	-79.4202006438
-76.25791076	-79.4199296394
-76.256434639	-79.4210380416
-76.254958208	-79.4221464387
-76.253481465	-79.4232548307
-76.252004411	-79.4243632176
-76.245966793	-79.4240919805
-76.24448883	-79.4252003333
-76.243010555	-79.426308681
-76.241531968	-79.4274170236
-76.235492867	-79.4271455825
-76.23401337	-79.4282538909
-76.232533562	-79.4293621943
-76.23105344	-79.4304704925
-76.225012857	-79.4301988474
-76.223531825	-79.4313071114
-76.222050481	-79.4324153703
-76.216009012	-79.4321435502
-76.214526757	-79.4332517749
-76.208485002	-79.432979809
-76.207001835	-79.4340879993
-76.205518356	-79.4351961845
-76.204034563	-79.4363043645
-76.202550458	-79.4374125394
-76.201066039	-79.4385207092
-76.199581307	-79.4396288738
-76.192050627	-79.4404647464
-76.190564669	-79.4415728715
-76.189078397	-79.4426809914
-76.183031876	-79.4424085293
-76.181544691	-79.4435166148
-76.180057192	-79.4446246952
-76.178569379	-79.4457327704
-76.177081252	-79.4468408404
-76.175592811	-79.4479489053
-76.174104055	-79.4490569649
-76.172614985	-79.4501650194
-76.166564579	-79.4498922357
-76.165074594	-79.4510002557
-76.163584295	-79.4521082705
-76.16209368	-79.4532162801
-76.160602751	-79.4543242845
-76.159111506	-79.4554322837
-76.157619946	-79.4565402777
-76.156128071	-79.4576482665
-76.154635881	-79.4587562501
-76.153143376	-79.4598642284
-76.151650554	-79.4609722016
-76.150157418	-79.4620801695
-76.148663965	-79.4631881322
-76.147170197	-79.4642960897
-76.145676112	-79.4654040419
-76.144181712	-79.4665119889
-76.142686996	-79.4676199307
-76.141191963	-79.4687278673
-76.139696614	-79.4698357986
-76.138200949	-79.4709437247
-76.136704967	-79.4720516455
-76.135208669	-79.4731595611
-76.133712054	-79.4742674715
-76.132215122	-79.4753753765
-76.130717873	-79.4764832764
-76.129220307	-79.477591171
-76.127722424	-79.4786990603
-76.126224224	-79.4798069444
-76.124725707	-79.4809148232
-76.123226872	-79.4820226967
-76.12172772	-79.483130565
-76.12022825	-79.484238428
-76.118728462	-79.4853462858
-76.117228357	-79.4864541382
-76.115727934	-79.4875619854
-76.109657376	-79.4872880857
-76.108156031	-79.4883958981
-76.106654367	-79.4895037052
-76.10058292	-79.4892296292
-76.099080334	-79.4903374016
-76.09757743	-79.4914451686
-76.096074207	-79.4925529303
-76.094570666	-79.4936606867
-76.08849712	-79.4933863753
-76.086992655	-79.4944940969
-76.085487872	-79.4956018132
-76.077907729	-79.4964350067
-76.076401702	-79.4975426827
-76.074895356	-79.4986503534
-76.068819426	-79.4983756595
-76.067312156	-79.4994832953
-76.065804566	-79.5005909257
-76.064296656	-79.5016985508
-76.0703744	-79.5019733335
-76.068866776	-79.5030809829
-76.067358831	-79.5041886269
-76.065850566	-79.5052962656
-76.064341981	-79.5064038989
-76.062833076	-79.5075115269
-76.061323851	-79.5086191496
-76.059814305	-79.5097267668
-76.058304439	-79.5108343788
-76.056794252	-79.5119419853
-76.055283744	-79.5130495865
-76.053772916	-79.5141571824
-76.052261766	-79.5152647728
-76.046176754	-79.5149896342
-76.044664677	-79.5160971897
-76.043152279	-79.5172047397
-76.041639559	-79.5183122843
-76.040126519	-79.5194198236
-76.038613156	-79.5205273575
-76.037099472	-79.521634886
-76.035585466	-79.5227424091
-76.034071139	-79.5238499268
-76.032556489	-79.5249574391
-76.031041518	-79.526064946
-76.029526224	-79.5271724475
-76.035617914	-79.5274479131
-76.034102905	-79.5285554389
-76.032587575	-79.5296629594
-76.031071922	-79.5307704745
-76.029555947	-79.5318779841
-76.028039649	-79.5329854884
-76.034134701	-79.5332609851
-76.032618689	-79.5343685137
-76.031102354	-79.5354760369
-76.029585697	-79.5365835547
-76.028068716	-79.5376910671
-76.026551413	-79.5387985741
-76.025033787	-79.5399060757
-76.023515838	-79.5410135718
-76.021997565	-79.5421210625
-76.020478969	-79.5432285478
-76.01896005	-79.5443360277
-76.025061514	-79.5446117046
-76.02354288	-79.5457192089
-76.022023924	-79.5468267078
-76.020504643	-79.5479342012
-76.018985039	-79.5490416892
-76.017465111	-79.5501491717
-76.015944859	-79.5512566488
-76.014424283	-79.5523641205
-76.012903383	-79.5534715868
-76.011382159	-79.5545790475
-76.009860611	-79.5556865029
-76.014447237	-79.5570698402
-76.01292565	-79.5581773145
-76.011403739	-79.5592847834
-76.009881503	-79.5603922469
-76.01599216	-79.560668106
-76.014470211	-79.5617755938
-76.012947937	-79.5628830762
-76.011425338	-79.5639905532
-76.009902415	-79.5650980247
-76.008379166	-79.5662054908
-76.006855593	-79.5673129514
-76.005331694	-79.5684204065
-76.003807469	-79.5695278562
-76.00228292	-79.5706353004
-76.000758044	-79.5717427391
-75.999232844	-79.5728501723
-75.997707317	-79.5739576001
-75.98703007	-79.5864153734
-75.985501241	-79.5875227653
-75.991627255	-79.587799107
-75.990098713	-79.5889065234
-75.988569844	-79.5900139343
-75.994697414	-79.5902902177
-75.993168833	-79.5913976531
-75.991639924	-79.592505083
-75.990110689	-79.5936125074
-75.99624043	-79.5938887625
-75.994711482	-79.5949962114
-75.993182207	-79.5961036549
-75.991652605	-79.5972110928
-75.997784519	-79.5974873196
-75.996255205	-79.5985947821
-75.994725563	-79.599702239
-76.000859036	-79.5999784074
-75.999329683	-79.6010858889
-75.997800002	-79.6021933649
-76.003935034	-79.602469475
-76.002405641	-79.6035769755
-76.000875921	-79.6046844705
-75.999345874	-79.60579196
-76.005483082	-79.6060680417
-76.003953324	-79.6071755557
-76.002423237	-79.6082830643
-76.007032209	-79.6096666205
-76.005502084	-79.6107741481
-76.00397163	-79.6118816702
-76.010112579	-79.612157665
-76.008582415	-79.6132652116
-76.007051923	-79.6143727527
-76.005521102	-79.6154802884
-76.011664232	-79.6157562547
-76.010133701	-79.6168638148
-76.008602841	-79.6179713695
-76.014747535	-79.6182472773
-76.013216966	-79.6193548565
-76.011686068	-79.6204624302
-76.017832327	-79.6207382794
-76.016301719	-79.6218458777
-76.014770783	-79.6229534704
-76.020918607	-79.623229261
-76.019387961	-79.6243368783
-76.017856986	-79.6254444902
-76.016325683	-79.6265520965
-76.022475693	-79.6268278585
-76.020944681	-79.6279354894
-76.019413339	-79.6290431148
-76.017881669	-79.6301507346
-76.016349669	-79.631258349
-76.022502486	-79.6315341125
-76.020970778	-79.6326417515
-76.01943874	-79.6337493849
-76.017906373	-79.6348570128
-76.024061379	-79.6351327477
-76.022529303	-79.6362404002
-76.020996899	-79.6373480472
-76.019464164	-79.6384556887
-76.025621361	-79.6387313949
-76.024088918	-79.639839061
-76.022556146	-79.6409467216
-76.021023044	-79.6420543766
-76.019489612	-79.6431620261
-76.025649622	-79.6434377339
-76.024116482	-79.644545408
-76.022583012	-79.6456530766
-76.028744594	-79.6459287255
-76.027211416	-79.6470364187
-76.025677909	-79.6481441064
-76.024144071	-79.6492517886
-76.030307849	-79.6495274088
-76.028774303	-79.6506351156
-76.027240427	-79.6517428168
-76.025706221	-79.6528505126
-76.024171685	-79.6539582028
-76.022636819	-79.6550658875
-76.028804038	-79.6553415393
-76.027269464	-79.6564492486
-76.02573456	-79.6575569524
-76.031903356	-79.6578325453
-76.030368744	-79.6589402737
-76.028833801	-79.6600479966
-76.035004174	-79.6603235306
-76.033469524	-79.6614312781
-76.031934544	-79.6625390201
-76.036571808	-79.6639222618
-76.03503679	-79.6650300228
-76.033501441	-79.6661377784
-76.039675594	-79.6664132247
-76.038140539	-79.6675210049
-76.036605152	-79.6686287795
-76.042780886	-79.6689041668
-76.041245793	-79.6700119661
-76.039710369	-79.6711197599
-76.038174614	-79.6722275481
-76.044352552	-79.6725029066
-76.042817091	-79.6736107194
-76.041281299	-79.6747185268
-76.047460819	-79.6749938262
-76.045925321	-79.6761016582
-76.044389491	-79.6772094846
-76.050570593	-79.677484725
-76.049035058	-79.6785925761
-76.047499191	-79.6797004216
-76.053681877	-79.6799756029
-76.052146305	-79.6810834731
-76.059953097	-79.6896639608
-76.058416752	-79.6907718773
-76.064606404	-79.691046852
-76.063070355	-79.6921547932
-76.061533973	-79.6932627289
-76.059997259	-79.6943706591
-76.066189127	-79.6946456047
-76.064652709	-79.6957535595
-76.063115959	-79.6968615088
-76.061578877	-79.6979694526
-76.060041463	-79.6990773909
-76.066236175	-79.6993523375
-76.064699057	-79.7004603005
-76.063161606	-79.7015682579
-76.061623822	-79.7026762098
-76.067820754	-79.7029511273
-76.066283267	-79.7040591039
-76.064745447	-79.7051670749
-76.063207294	-79.7062750404
-76.061668809	-79.7073830004
-76.060129991	-79.7084909549
-76.058590839	-79.7095989038
-76.057051355	-79.7107068472
-76.063253025	-79.7109818564
-76.061713837	-79.7120898245
-76.060174316	-79.713197787
-76.06637758	-79.7134727368
-76.064838356	-79.7145807241
-76.063298798	-79.7156887058
-76.069503656	-79.7159635962
-76.067964395	-79.7170716026
-76.066424802	-79.7181796035
-76.072631255	-79.7184544345
-76.071091958	-79.71956246
-76.069552328	-79.72067048
-76.075760377	-79.7209452516
-76.074221045	-79.7220532963
-76.072681378	-79.7231613355
-76.071141378	-79.7242693691
-76.077351656	-79.7245441114
-76.075811954	-79.7256521698
-76.080483793	-79.7270349054
-76.078944055	-79.7281429829
-76.085156897	-79.7284175758
-76.083617457	-79.7295256781
-76.082077684	-79.7306337748
-76.088292124	-79.7309083082
-76.08675265	-79.7320164296
-76.085212841	-79.7331245455
-76.091428881	-79.7333990192
-76.089889372	-79.7345071598
-76.088349528	-79.7356152949
-76.094567168	-79.735889709
-76.093027624	-79.7369978688
-76.091487745	-79.738106023
-76.096167407	-79.7394885564
-76.094627493	-79.7405967299
-76.100848337	-79.7408710245
-76.099308723	-79.7419792227
-76.097768775	-79.7430874153
-76.103991221	-79.7433616503
-76.102451573	-79.7444698677
-76.10091159	-79.7455780795
-76.10713564	-79.7458522547
-76.105595957	-79.7469604912
-76.10405594	-79.7480687223
-76.110281594	-79.7483428376
-76.108741877	-79.7494510934
-76.107201826	-79.7505593436
-76.113429086	-79.7508333991
-76.111889335	-79.7519416741
-76.118117564	-79.7522156395
-76.116578115	-79.7533239392
-76.11503833	-79.7544322333
-76.121268166	-79.7547061389
-76.119728683	-79.7558144577
-76.118188864	-79.7569227711
-76.124420308	-79.7571966167
-76.122880791	-79.7583049548
-76.121340939	-79.7594132874
-76.127573991	-79.759687073
-76.126034441	-79.7607954303
-76.132268464	-79.7610691257
-76.130729216	-79.7621775077
-76.129189633	-79.7632858843
-76.135425265	-79.7635595196
-76.133885984	-79.7646679209
-76.132346368	-79.7657763166
-76.138583611	-79.7660498919
-76.137044297	-79.7671583124
-76.135504648	-79.7682667274
-76.141743502	-79.7685402426
-76.140204155	-79.7696486823
-76.146443982	-79.7699221071
-76.144904939	-79.7710305715
-76.14336556	-79.7721390305
-76.149606999	-79.7724123952
-76.148067924	-79.7735208788
-76.146528513	-79.774629357
-76.152771565	-79.7749026615
-76.151232457	-79.7760111644
-76.149693015	-79.7771196618
-76.15593768	-79.7773929061
-76.154398541	-79.7785014282
-76.152859066	-79.7796099449
-76.159105346	-79.7798831289
-76.157566175	-79.7809916703
-76.156026669	-79.7821002061
-76.162274564	-79.7823733299
-76.160735362	-79.7834818905
-76.166984233	-79.7837549237
-76.165445335	-79.7848635091
-76.163906102	-79.7859720889
-76.170156589	-79.7862450618
-76.16861766	-79.7873536664
-76.167078396	-79.7884622655
-76.1733305	-79.788735178
-76.171791541	-79.7898438019
-76.170252245	-79.7909524202
-76.168712614	-79.7920610331
-76.174966978	-79.7923339154
-76.173427651	-79.793442553
-76.171887989	-79.7945511852
-76.17034799	-79.7956598118
-76.176604615	-79.7959326639
-76.175064922	-79.7970413153
-76.173524893	-79.7981499612
-76.171984527	-79.7992586016
-76.178243414	-79.7995314235
-76.176703354	-79.8006400887
-76.175162957	-79.8017487483
-76.181423466	-79.8020215097
-76.179883376	-79.8031301942
-76.186144864	-79.8034028648
-76.18460508	-79.804511574
-76.190867548	-79.8047841537
-76.197130352	-79.8050566124
-76.203393493	-79.8053289501
-76.201855302	-79.8064377445
-76.208119422	-79.8067099912
-76.214383879	-79.8069821168
-76.212846639	-79.8080909662
-76.219112076	-79.8083630009
-76.225377849	-79.8086349144
-76.230108314	-79.8100156412
-76.236375403	-79.8102873426
-76.242642827	-79.8105589227
-76.241108136	-79.8116679121
-76.247376542	-79.8119394012
-76.253645282	-79.8122107691
-76.252111545	-79.8133198133
-76.258381267	-79.8135910901
-76.256847839	-79.814700159
-76.263118541	-79.8149713447
-76.261585423	-79.8160804383
-76.260051969	-79.8171895266
-76.266324298	-79.8174606512
-76.264791154	-79.8185697641
-76.263257674	-79.8196788716
-76.26953163	-79.8199499352
-76.26799846	-79.8210590674
-76.272740539	-79.8224391967
-76.271207344	-79.8235483482
-76.277483911	-79.8238192594
-76.275951027	-79.8249284357
-76.282228576	-79.8251992556
-76.280696002	-79.8263084565
-76.286974534	-79.8265791852
-76.285442272	-79.8276884108
-76.291721787	-79.8279590481
-76.290189836	-79.8290682985
-76.288657549	-79.8301775434
-76.294938695	-79.8304481195
-76.29340672	-79.8315573891
-76.298157186	-79.8329371681
-76.296625187	-79.8340464571
-76.302908948	-79.8343168804
-76.301377261	-79.8354261941
-76.307662007	-79.8356965259
-76.306130633	-79.8368058644
-76.312416363	-79.8370761047
-76.310885301	-79.8381854678
-76.309353903	-79.8392948255
-76.315641267	-79.8395650045
-76.314110183	-79.8406743869
-76.320398532	-79.8409444743
-76.31886776	-79.8420538814
-76.325157094	-79.8423238772
-76.323626636	-79.8434333091
-76.322095842	-79.8445427355
-76.328386812	-79.8448126698
-76.326856332	-79.845922121
-76.333148287	-79.8461919636
-76.331618121	-79.8473014395
-76.337911063	-79.8475711905
-76.336381211	-79.8486806911
-76.334851023	-79.8497901863
-76.341145602	-79.8500598756
-76.339615728	-79.8511693955
-76.345911294	-79.8514389932
-76.344381735	-79.8525485378
-76.350678289	-79.8528180437
-76.349149045	-79.853927613
-76.355446585	-79.8541970271
-76.353917657	-79.8553066211
-76.360216185	-79.8555759434
-76.358687572	-79.8566855621
-76.364987088	-79.8569547926
-76.36345879	-79.858064436
-76.369759295	-79.8583335746
-76.376060135	-79.8586025913
-76.374532805	-79.8597122895
-76.380834634	-79.8599812142
-76.379307621	-79.861090937
-76.385610438	-79.8613597699
-76.384083742	-79.8624695174
-76.38255671	-79.8635792595
-76.388861169	-79.8638480304
-76.387334453	-79.8649577973
-76.393639901	-79.8652264762
-76.392113503	-79.8663362677
-76.390586769	-79.8674460539
-76.39689386	-79.8677146708
-76.395367444	-79.8688244817
-76.401675524	-79.8690930065
-76.400149425	-79.8702028421
-76.398622991	-79.8713126723
-76.404932715	-79.871581135
-76.403406599	-79.87269099
-76.409717314	-79.8729593606
-76.414503221	-79.8743375187
-76.420815263	-79.874605675
-76.419290438	-79.8757156092
-76.425603471	-79.8759836733
-76.424078965	-79.8770936323
-76.430392989	-79.8773616042
-76.428868802	-79.8784715878
-76.435183817	-79.8787394674
-76.43365995	-79.8798494757
-76.439975957	-79.880117263
-76.438452409	-79.881227296
-76.436928526	-79.8823373237
-76.443246181	-79.8826050487
-76.441722617	-79.883715101
-76.448041264	-79.8839827337
-76.446518021	-79.8850928107
-76.444994442	-79.8862028824
-76.451314738	-79.8864704526
-76.449791479	-79.887580549
-76.448267885	-79.8886906401
-76.454589831	-79.8889581479
-76.453066557	-79.8900682637
-76.459389496	-79.890335679
-76.457866543	-79.8914458195
-76.464190476	-79.8917131423
-76.462667845	-79.8928233074
-76.461144877	-79.8939334673
-76.467470462	-79.8942007276
-76.465947816	-79.8953109121
-76.472274394	-79.8955780799
-76.47075207	-79.8966882891
-76.46922941	-79.897798493
-76.475557642	-79.8980655981
-76.474035303	-79.8991758267
-76.48036453	-79.8994428393
-76.478842514	-79.9005530925
-76.477320162	-79.9016633405
-76.483651043	-79.9019302904
-76.482129013	-79.903040563
-76.48846089	-79.9033074203
-76.486939183	-79.9044177176
-76.493272055	-79.9046844821
-76.491750672	-79.9057948041
-76.490228952	-79.9069051208
-76.49656348	-79.9071718226
-76.495042084	-79.908282164
-76.493520352	-79.9093925001
-76.499856536	-79.9096591391
-76.498335128	-79.9107694998
-76.500108045	-79.9143671866
-76.506447545	-79.9146336999
-76.504926112	-79.9157440995
-76.503404341	-79.9168544939
-76.509745501	-79.9171209442
-76.508224055	-79.9182313632
-76.514566213	-79.9184977206
-76.513045092	-79.9196081643
-76.519388248	-79.9198744289
-76.517867452	-79.9209848972
-76.524211608	-79.9212510688
-76.522691137	-79.9223615619
-76.529036291	-79.9226276405
-76.527516146	-79.9237381582
-76.5338623	-79.9240041439
-76.54020879	-79.9242700066
-76.538689633	-79.9253805789
-76.545037122	-79.9256463486
-76.543518293	-79.9267569455
-76.549866781	-79.9270226221
-76.548348278	-79.9281332437
-76.554697767	-79.9283988273
-76.561047592	-79.9286642878
-76.559530079	-79.9297749639
-76.565880905	-79.9300403313
-76.564363719	-79.931151032
-76.570715545	-79.9314163063
-76.577067706	-79.9316814575
-76.575551513	-79.9327922127
-76.581904675	-79.9330572707
-76.588258173	-79.9333222056
-76.586742973	-79.9344330153
-76.593097472	-79.9346978569
-76.599452306	-79.9349625754
-76.597938099	-79.9360734395
-76.604293935	-79.9363380647
-76.610650107	-79.9366025668
-76.609136894	-79.9377134853
-76.615494066	-79.937977894
-76.621851575	-79.9382421796
-76.620339357	-79.9393531524
-76.626697866	-79.9396173445
-76.633056712	-79.9398814135
-76.63154549	-79.9409924407
-76.637905336	-79.9412564161
-76.636394445	-79.9423674679
-76.642755294	-79.9426313499
-76.649116477	-79.9428951086
-76.647606584	-79.9440062146
-76.653968769	-79.9442698798
-76.658822394	-79.945644582
-76.665185917	-79.9459080303
-76.663677353	-79.9470192153
-76.670041878	-79.9472825699
-76.668533647	-79.9483937794
-76.674899175	-79.9486570404
-76.681265037	-79.948920178
-76.679757806	-79.9500314418
-76.686124671	-79.9502944857
-76.684617773	-79.951405774
-76.690985641	-79.9516687241
-76.689479076	-79.952780037
-76.695847947	-79.9530428934
-76.702217153	-79.9533056264
-76.70071159	-79.9544169935
-76.707081799	-79.9546796326
-76.70557657	-79.9557910242
-76.711947783	-79.9560535695
-76.718319331	-79.9563159913
-76.716815105	-79.9574274371
-76.723187656	-79.957689765
-76.729560542	-79.9579519694
-76.72805732	-79.9590634693
-76.73443121	-79.9593255798
-76.740805434	-79.9595875667
-76.739303218	-79.9606991207
-76.745678446	-79.9609610136
-76.752054009	-79.9612227829
-76.750552798	-79.962334391
-76.756929365	-79.9625960662
-76.763306265	-79.9628576179
-76.7696835	-79.9631190459
-76.768183967	-79.9642307376
-76.774562206	-79.9644920715
-76.780940779	-79.9647532817
-76.787319686	-79.9650143682
-76.785821831	-79.9661261434
-76.792201743	-79.9663871358
-76.798581988	-79.9666480044
-76.804962566	-79.9669087494
-76.811343477	-79.9671693706
-76.809847975	-79.9682812587
-76.816229891	-79.9685417856
-76.822612141	-79.9688021888
-76.828994723	-79.9690624682
-76.827500904	-79.9701744396
-76.833884491	-79.9704346246
-76.840268411	-79.9706946859
-76.838775603	-79.9718067112
-76.845160529	-79.972066678
-76.851545786	-79.972326521
-76.857931377	-79.9725862402
-76.864317299	-79.9728458355
-76.870703554	-79.9731053069
-76.877090141	-79.9733646545
-76.88347706	-79.9736238782
-76.889864311	-79.9738829781
-76.896251893	-79.974141954
-76.902639807	-79.974400806
-76.909028052	-79.9746595341
-76.915416628	-79.9749181383
-76.921805536	-79.9751766185
-76.928194775	-79.9754349748
-76.934584344	-79.9756932071
-76.940974245	-79.9759513155
-76.947364476	-79.9762092999
-76.953755037	-79.9764671603
-76.960145929	-79.9767248967
-76.966537151	-79.9769825091
-76.972928703	-79.9772399975
-76.979320585	-79.9774973619
-76.985712797	-79.9777546022
-76.992105338	-79.9780117185
-76.998498209	-79.9782687108
-77.00489141	-79.9785255789
-77.01128494	-79.978782323
-77.017678798	-79.979038943
-77.024072986	-79.979295439
-77.030467503	-79.9795518108
-77.036862348	-79.9798080585
-77.043257523	-79.9800641821
-77.049653025	-79.9803201815
-77.048182142	-79.9814331654
-77.054578649	-79.9816890697
-77.060975484	-79.9819448498
-77.067372648	-79.9822005058
-77.07377014	-79.9824560376
-77.072301634	-79.9835691326
-77.078700131	-79.9838245691
-77.085098955	-79.9840798814
-77.091498108	-79.9843350695
-77.097897587	-79.9845901333
-77.096431462	-79.9857033393
-77.102831947	-79.9859583078
-77.109232759	-79.986213152
-77.115633898	-79.986467872
-77.114169479	-79.9875811599
-77.120571623	-79.9878357845
-77.126974095	-79.9880902847
-77.125510704	-79.9892036257
-77.131914181	-79.9894580304
-77.138317985	-79.9897123109
-77.136855624	-79.9908257048
-77.143260434	-79.9910798897
-77.14966557	-79.9913339503
-77.156071033	-79.9915878864
-77.154610381	-79.9927013622
-77.16101685	-79.9929552027
-77.167423645	-79.9932089188
-77.165964025	-79.9943224475
-77.172371826	-79.994576068
-77.178779953	-79.9948295641
-77.185188406	-79.9950829356
-77.191597186	-79.9953361828
-77.190139958	-79.9964498219
-77.196549744	-79.9967029732
-77.202959855	-79.9969560001
-77.201503662	-79.9980696921
-77.207914779	-79.9983226231
-77.214326223	-79.9985754297
-77.220737991	-79.9988281117
-77.227150086	-79.9990806692
-77.233562506	-79.9993331021
-77.23997525	-79.9995854104
-77.246388321	-79.9998375942
-77.252801716	-80.0000896534
-77.254252463	-79.9989757321
-77.260665502	-79.999227638
-77.323370469	-80.0028540788
-77.329787753	-80.0031046422
-77.33620536	-80.0033550809
-77.342623291	-80.0036053948
-77.349041544	-80.0038555841
-77.355460119	-80.0041056485
-77.361879018	-80.0043555883
-77.368298239	-80.0046054033
-77.374717782	-80.0048550935
-77.381137648	-80.0051046589
-77.387557836	-80.0053540995
-77.393978345	-80.0056034154
-77.400399177	-80.0058526064
-77.40682033	-80.0061016726
-77.413241805	-80.006350614
-77.419663601	-80.0065994306
-77.418230277	-80.0077140872
-77.424653078	-80.0079628072
-77.431076201	-80.0082114023
-77.437499644	-80.0084598725
-77.443923409	-80.0087082179
-77.450347495	-80.0089564384
-77.456771901	-80.0092045339
-77.455342362	-80.0103193557
-77.461767774	-80.0105673545
-77.468193506	-80.0108152285
-77.474619559	-80.0110629774
-77.481045932	-80.0113106015
-77.487472625	-80.0115581005
-77.486046191	-80.0126730589
-77.492473889	-80.0129204611
-77.498901908	-80.0131677383
-77.505330246	-80.0134148906
-77.50390555	-80.014529929
-77.510334894	-80.0147769844
-77.516764557	-80.0150239147
-77.52319454	-80.0152707199
-77.528202571	-80.0166325467
-77.534633879	-80.0168791299
-77.533211976	-80.0179943003
-77.53964429	-80.0182407864
-77.546076923	-80.0184871475
-77.544656074	-80.0196023697
-77.551089713	-80.0198486337
-77.557523672	-80.0200947726
-77.563957949	-80.0203407863
-77.570392544	-80.0205866748
-77.576827459	-80.0208324382
-77.583262692	-80.0210780764
-77.589698242	-80.0213235894
-77.588281888	-80.0224390034
-77.594718445	-80.0226844192
-77.60115532	-80.0229297097
-77.607592513	-80.0231748751
-77.614030024	-80.0234199151
-77.612616105	-80.0245354367
-77.619054622	-80.0247803795
-77.625493457	-80.025025197
-77.63193261	-80.0252698891
-77.63837208	-80.025514456
-77.644811867	-80.0257588976
-77.643401074	-80.0268745545
-77.649841867	-80.0271188987
-77.656282978	-80.0273631175
-77.662724405	-80.0276072109
-77.66916615	-80.0278511791
-77.675608211	-80.0280950218
-77.682050588	-80.0283387392
-77.688493282	-80.0285823312
-77.694936292	-80.0288257978
-77.701379618	-80.0290691391
-77.70782326	-80.0293123549
-77.714267218	-80.0295554453
-77.720711492	-80.0297984102
-77.728557906	-80.0289252317
-77.73500212	-80.029167918
-77.741446649	-80.029410479
-77.747891493	-80.0296529145
-77.754336652	-80.0298952245
-77.760782126	-80.0301374091
-77.767227914	-80.0303794682
-77.773674017	-80.0306214018
-77.780120434	-80.0308632099
-77.786567165	-80.0311048925
-77.793014211	-80.0313464495
-77.79946157	-80.0315878811
-77.805909243	-80.0318291871
-77.812357229	-80.0320703676
-77.817413382	-80.0334278271
-77.823862687	-80.033668784
-77.830312306	-80.0339096153
-77.836762238	-80.034150321
-77.843212483	-80.034390901
-77.84966304	-80.0346313555
-77.856113911	-80.0348716844
-77.862565094	-80.0351118876
-77.86901659	-80.0353519651
-77.875468397	-80.0355919171
-77.881920517	-80.0358317433
-77.888372949	-80.0360714439
-77.894825693	-80.0363110188
-77.901278749	-80.0365504681
-77.907732116	-80.0367897916
-77.914185794	-80.0370289894
-77.920639784	-80.0372680615
-77.927094086	-80.0375070079
-77.933548698	-80.0377458286
-77.940003621	-80.0379845235
-77.946458855	-80.0382230926
-77.952914399	-80.038461536
-77.959370254	-80.0386998537
-77.965826419	-80.0389380455
-77.972282895	-80.0391761116
-77.973658404	-80.0380590502
-77.980114495	-80.0382969633
-77.986570895	-80.0385347506
-77.993027606	-80.038772412
-77.999484626	-80.0390099477
-78.005941955	-80.0392473575
-78.012399594	-80.0394846415
-78.018857541	-80.0397217997
-78.025315798	-80.039958832
-78.031774363	-80.0401957384
-78.033143309	-80.0390784289
-78.039601488	-80.0393151824
-78.046059975	-80.0395518101
-78.05251877	-80.0397883118
-78.058977874	-80.0400246877
-78.065437285	-80.0402609377
-78.066802446	-80.0391434892
-78.073261469	-80.0393795863
-78.079720801	-80.0396155575
-78.086180439	-80.0398514028
-78.087543205	-80.0387338694
-78.094002455	-80.0389695619
-78.100462012	-80.0392051284
-78.106921876	-80.039440569
-78.113382048	-80.0396758836
-78.119842525	-80.0399110723
-78.126303309	-80.0401461351
-78.1327644	-80.0403810719
-78.139225797	-80.0406158828
-78.1456875	-80.0408505677
-78.152149508	-80.0410851266
-78.153505005	-80.0399673205
-78.159966623	-80.0402017266
-78.166428546	-80.0404360067
-78.167782343	-80.0393181434
-78.174243876	-80.0395522707
-78.180705713	-80.039786272
-78.182057811	-80.0386683514
-78.188519257	-80.0389021999
-78.194981007	-80.0391359225
-78.196331407	-80.0380179447
-78.202792765	-80.0382515145
-78.209254427	-80.0384849583
-78.210603129	-80.0373669234
-78.217064399	-80.0376002145
-78.2184121	-80.0364821493
-78.224872976	-80.0367152877
-78.231334156	-80.0369483001
-78.23268016	-80.0358301779
-78.239140947	-80.0360630377
-78.245602037	-80.0362957714
-78.246946343	-80.0351775923
-78.25340704	-80.0354101734
-78.259868039	-80.0356426286
-78.261210648	-80.0345243926
-78.267671253	-80.0347566951
-78.274132161	-80.0349888716
-78.275473073	-80.0338705789
-78.281933586	-80.0341026029
-78.288394401	-80.0343345008
-78.289733617	-80.0332161514
-78.296194037	-80.0334478968
-78.303992278	-80.0325611102
-78.310452604	-80.032792577
-78.311789125	-80.031674141
-78.318249056	-80.0319054553
-78.324709287	-80.0321366436
-78.326044112	-80.0310181511
-78.332503948	-80.031249187
-78.338964084	-80.0314800968
-78.340297213	-80.0303615479
-78.368797752	-80.0290465018
-78.375257297	-80.0292767023
-78.37658604	-80.028158011
-78.383045187	-80.0283880592
-78.389504634	-80.0286179813
-78.390831682	-80.0274992339
-78.397290731	-80.0277290037
-78.403750078	-80.0279586474
-78.405075433	-80.026839844
-78.411534382	-80.0270693354
-78.417993629	-80.0272987007
-78.41931729	-80.0261798414
-78.425776138	-80.0264090545
-78.433557252	-80.0255192263
-78.440015999	-80.025748161
-78.447795318	-80.0248579987
-78.454253963	-80.0250866552
-78.455573242	-80.0239676546
-78.462031486	-80.0241961589
-78.468490028	-80.0244245372
-78.469807614	-80.0233054809
-78.476265756	-80.0235337069
-78.482724194	-80.0237618069
-78.484040088	-80.0226426951
-78.490498125	-80.0228706429
-78.496956458	-80.0230984647
-78.49827066	-80.0219792973
-78.504728592	-80.022206967
-78.511186821	-80.0224345106
-78.512499331	-80.0213152877
-78.518957157	-80.0215426793
-78.525415279	-80.0217699447
-78.526726098	-80.0206506665
-78.533183817	-80.0208777799
-78.534493643	-80.0197584723
-78.540950959	-80.0199854337
-78.542259792	-80.0188660969
-78.54356833	-80.0177467567
-78.550024546	-80.0179735401
-78.551332092	-80.0168541706
-78.552639343	-80.0157347979
-78.559094458	-80.0159614034
-78.565549868	-80.0161878828
-78.56685543	-80.0150684549
-78.573310437	-80.0152947825
-78.58106961	-80.0144015011
-78.587524507	-80.0146275507
-78.588827388	-80.0135080386
-78.595281881	-80.0137339363
-78.596583771	-80.0126143951
-78.60303786	-80.012840141
-78.609492242	-80.0130657608
-78.610792444	-80.0119461648
-78.617246421	-80.0121716328
-78.618545633	-80.0110520077
-78.624999205	-80.0112773239
-78.626297427	-80.0101576697
-78.632750595	-80.0103828342
-78.634047826	-80.009263151
-78.632750595	-80.0103828342
-78.634047826	-80.009263151
-78.640500589	-80.0094881637
-78.641796831	-80.0083684516
-78.648249188	-80.0085933126
-78.649544441	-80.0074735716
-78.655996393	-80.0076982808
-78.657290657	-80.0065785109
-78.663742203	-80.0068030685
-78.67019404	-80.0070275
-78.671486618	-80.0059076756
-78.677938049	-80.0061319555
-78.679229639	-80.0050121022
-78.685680663	-80.0052362305
-78.692131978	-80.0054602327
-78.693421883	-80.004340325
-78.699872792	-80.0045641757
-78.70632399	-80.0047879003
-78.70761221	-80.0036679383
-78.714063001	-80.0038915113
-78.720514082	-80.0041149584
-78.721800617	-80.0029949421
-78.728251291	-80.0032182376
-78.734702254	-80.0034414071
-78.735987105	-80.0023213366
-78.742437659	-80.0025443546
-78.743721524	-80.0014242555
-78.75017167	-80.0016471219
-78.756622105	-80.0018698624
-78.757904286	-80.0007497092
-78.764354312	-80.0009722982
-78.770804627	-80.0011947611
-78.772085124	-80.000074554
-78.77853503	-80.0002968655
-78.784985224	-80.000519051
-78.786264038	-79.99939879
-78.792713822	-79.999620824
-78.799163894	-79.999842732
-78.800441025	-79.9987224172
-78.806890687	-79.9989441738
-78.808166833	-79.9978238306
-78.814616085	-79.9980454359
-78.821065623	-79.9982669151
-78.827515449	-79.9984882683
-78.828789215	-79.9973678461
-78.83523863	-79.9975890479
-78.841688331	-79.9978101238
-78.848138319	-79.9980310735
-78.854588593	-79.9982518972
-78.861039153	-79.9984725948
-78.867489999	-79.9986931663
-78.873941132	-79.9989136117
-78.880392549	-79.9991339311
-78.886844252	-79.9993541243
-78.89456274	-79.998453514
-78.901014316	-79.9986734299
-78.907466176	-79.9988932196
-78.908730993	-79.997772489
-78.91518244	-79.9979921275
-78.921634172	-79.9982116398
-78.922897307	-79.9970908561
-78.929348624	-79.9973102173
-78.935800226	-79.9975294523
-78.942252111	-79.9977485612
-78.948704281	-79.9979675439
-78.955156735	-79.9981864005
-78.956416092	-79.9970654886
-78.96286813	-79.997284194
-78.969320452	-79.9975027732
-78.975773057	-79.9977212263
-78.977030034	-79.9966002366
-78.983482223	-79.9968185385
-78.989934695	-79.9970367143
-78.991189991	-79.9959156718
-78.997642046	-79.9961336965
-79.004094384	-79.996351595
-79.005348	-79.9952304997
-79.011799921	-79.9954482471
-79.018252124	-79.9956658684
-79.019504059	-79.9945447204
-79.025955845	-79.9947621907
-79.032407913	-79.9949795347
-79.033658167	-79.9938583342
-79.040109818	-79.9940755272
-79.041359092	-79.992954299
-79.047810324	-79.993171341
-79.054261838	-79.9933882569
-79.055509432	-79.9922669762
-79.061960527	-79.9924837411
-79.068411903	-79.9927003799
-79.069657818	-79.9915790468
-79.077353711	-79.9906741739
-79.085048205	-79.9897691226
-79.086291881	-79.9886477315
-79.092741301	-79.9888638928
-79.093983998	-79.9877424742
-79.100433	-79.9879584847
-79.101674718	-79.9868370385
-79.1081233	-79.9870528982
-79.10936404	-79.9859314246
-79.115812202	-79.9861471335
-79.117051964	-79.9850256325
-79.123499707	-79.9852411906
-79.124738491	-79.9841196621
-79.125976997	-79.9829981308
-79.13242362	-79.9832135136
-79.133661149	-79.9820919549
-79.140107352	-79.982307187
-79.141343904	-79.9811856009
-79.147789687	-79.9814006823
-79.154235749	-79.9816156377
-79.155470625	-79.9804939997
-79.161916266	-79.9807088044
-79.163150166	-79.9795871391
-79.164383789	-79.9784654711
-79.17082831	-79.9786801006
-79.178505058	-79.9777728843
-79.186180408	-79.9768654902
-79.192624364	-79.9770796925
-79.193854363	-79.9759579183
-79.200297897	-79.9761719701
-79.20152692	-79.9750501688
-79.207970033	-79.9752640701
-79.209198082	-79.9741422416
-79.215640772	-79.9743559924
-79.216867847	-79.9732341368
-79.223310115	-79.9734477371
-79.229752659	-79.9736612114
-79.230978062	-79.9725393043
-79.237420183	-79.9727526282
-79.24386258	-79.972965826
-79.245086311	-79.9718438675
-79.251528285	-79.9720569149
-79.257970534	-79.9722698362
-79.259192593	-79.9711478265
-79.265634419	-79.9713605974
-79.272076519	-79.9715732422
-79.273296907	-79.9704511813
-79.279738583	-79.9706636758
-79.286180534	-79.9708760442
-79.287399251	-79.9697539321
-79.293840777	-79.9699661502
-79.300282577	-79.9701782422
-79.301499624	-79.969056079
-79.307941	-79.9692680207
-79.314382648	-79.9694798364
-79.315598025	-79.9683576222
-79.322039249	-79.9685692876
-79.328480745	-79.9687808269
-79.329694452	-79.9676585618
-79.336135523	-79.9678699509
-79.342576867	-79.9680812138
-79.349018484	-79.9682923506
-79.355460373	-79.9685033613
-79.356671013	-79.9673809973
-79.363112475	-79.9675918578
-79.369554209	-79.9678025922
-79.375996216	-79.9680132005
-79.377204488	-79.9668907618
-79.383646067	-79.9671012199
-79.384853369	-79.9659787546
-79.391294521	-79.9661890626
-79.397735944	-79.9663992444
-79.398941577	-79.9652767286
-79.405382573	-79.9654867604
-79.406587236	-79.964364218
-79.413027804	-79.9645740997
-79.414231497	-79.9634515308
-79.415434921	-79.9623289594
-79.416638073	-79.9612063854
-79.417840956	-79.9600838088
-79.424279	-79.9602934688
-79.425480914	-79.9591708658
-79.426682558	-79.9580482602
-79.433119477	-79.9582577463
-79.439556665	-79.9584671063
-79.440756643	-79.9573444505
-79.447193403	-79.9575536606
-79.454828745	-79.9566400386
-79.456026788	-79.9555173301
-79.462462691	-79.9557262404
-79.463659767	-79.9546035055
-79.491791037	-79.9531921237
-79.498226188	-79.9534003325
-79.49941897	-79.9522774714
-79.505853691	-79.9524855304
-79.507045507	-79.951362643
-79.513479799	-79.9515705523
-79.514670649	-79.9504476388
-79.52110451	-79.9506553984
-79.522294396	-79.9495324588
-79.528727827	-79.9497400686
-79.529916748	-79.9486171029
-79.536349748	-79.9488245631
-79.537537704	-79.9477015713
-79.543970273	-79.9479088818
-79.545157265	-79.946785864
-79.551589403	-79.9469930249
-79.558021807	-79.9472000598
-79.559207138	-79.9460769923
-79.565639111	-79.9462838776
-79.566823478	-79.9451607842
-79.573255019	-79.9453675199
-79.579686826	-79.9455741296
-79.580869533	-79.9444509867
-79.587300908	-79.9446574469
-79.588482651	-79.943534278
-79.594913594	-79.9437405887
-79.596094375	-79.9426173939
-79.597274891	-79.9414941968
-79.603704704	-79.9417003345
-79.604884257	-79.9405771115
-79.611313638	-79.9407830998
-79.61249223	-79.9396598509
-79.644084663	-79.9348657025
-79.650511182	-79.9350709206
-79.651684705	-79.9339475406
-79.658110791	-79.9341526093
-79.659283355	-79.9330292037
-79.665709006	-79.9332341232
-79.666880611	-79.9321106919
-79.668051952	-79.9309872583
-79.674476473	-79.9311920052
-79.675646856	-79.930068546
-79.682070943	-79.9302731437
-79.683240367	-79.9291496589
-79.684409529	-79.9280261718
-79.690832486	-79.9282305971
-79.692000689	-79.9271070844
-79.693168631	-79.9259835694
-79.694336311	-79.9248600521
-79.695503729	-79.9237365325
-79.696670886	-79.9226130106
-79.704256825	-79.9216936465
-79.705422763	-79.9205700968
-79.70658844	-79.9194465448
-79.713006355	-79.9196505327
-79.714171076	-79.9185269553
-79.715335536	-79.9174033755
-79.721752321	-79.9176071912
-79.722915825	-79.9164835861
-79.724079069	-79.9153599787
-79.730494724	-79.9155636223
-79.731657013	-79.9144399895
-79.738072234	-79.9146434842
-79.739233568	-79.913519826
-79.745648355	-79.9137231719
-79.746808734	-79.9125994883
-79.753223085	-79.9128026854
-79.75438251	-79.9116789765
-79.760796427	-79.9118820247
-79.761954898	-79.9107582905
-79.763113109	-79.9096345541
-79.769525896	-79.9098374305
-79.770683154	-79.9087136688
-79.771840153	-79.9075899048
-79.778251811	-79.9077926095
-79.779407857	-79.9066688203
-79.785819079	-79.9068713762
-79.786974172	-79.9057475618
-79.793384959	-79.9059499691
-79.7945391	-79.9048261295
-79.800949451	-79.9050283881
-79.80736006	-79.905230521
-79.808512555	-79.9041066333
-79.814922728	-79.9043086176
-79.81607427	-79.9031847047
-79.822484007	-79.9033865404
-79.828894001	-79.9035882505
-79.830043899	-79.9024642896
-79.836453456	-79.9026658511
-79.837602402	-79.9015418652
-79.844011523	-79.9017432781
-79.845159518	-79.9006192671
-79.851568202	-79.9008205315
-79.857977142	-79.9010216702
-79.859123493	-79.8998976114
-79.865531996	-79.9000986016
-79.871940754	-79.9002994662
-79.873085461	-79.8991753596
-79.879493782	-79.8993760757
-79.885902359	-79.8995766661
-79.887045423	-79.8984525119
-79.893453561	-79.8986529539
-79.901003375	-79.8977290683
-79.907411331	-79.8979292362
-79.908551801	-79.8968050095
-79.914959318	-79.8970050291
-79.921367089	-79.8972049229
-79.922505917	-79.8960806487
-79.92891325	-79.8962803942
-79.930051129	-79.8951560953
-79.936458022	-79.8953556924
-79.942865169	-79.8955551639
-79.944001407	-79.8944308176
-79.950408114	-79.8946301408
-79.951543404	-79.8935057698
-79.957949671	-79.8937049447
-79.964356192	-79.893903994
-79.96548984	-79.8927795757
-79.971895921	-79.8929784768
-79.973028622	-79.8918540339
-79.980566016	-79.8909283192
-79.981697517	-79.8898038496
-79.988102023	-79.8900024317
-79.989232578	-79.8888779376
-79.995636643	-79.8890763715
-79.996766251	-79.8879518528
-79.997895607	-79.8868273321
-80.004298538	-79.8870255954
-80.005426948	-79.8859010502
-80.006555106	-79.8847765029
-80.012956903	-79.8849745957
-80.014084116	-79.883850024
-80.015211077	-79.8827254502
-80.02161174	-79.8829233725
-80.022737756	-79.8817987743
-80.023863521	-79.880674174
-80.024989035	-79.8795495718
-80.026114297	-79.8784249676
-80.03700821	-79.874124148
-80.038131524	-79.8729995113
-80.044526458	-79.8731969809
-80.045648831	-79.8720723199
-80.046770953	-79.8709476569
-80.047892825	-79.869822992
-80.054285934	-79.870020269
-80.055406864	-79.8688955797
-80.056527544	-79.8677708884
-80.057647974	-79.8666461952
-80.058768154	-79.8655214999
-80.059888084	-79.8643968027
-80.066277989	-79.8645938428
-80.067396978	-79.8634691213
-80.068515718	-79.8623443979
-80.074904491	-79.8625412679
-80.076022291	-79.8614165203
-80.077139842	-79.8602917706
-80.083527483	-79.8604884708
-80.084644094	-79.859363697
-80.085760457	-79.8582389211
-80.092146966	-79.8584354515
-80.09326239	-79.8573106515
-80.094377565	-79.8561858496
-80.100762943	-79.8563822102
-80.101877179	-79.8552573842
-80.109375414	-79.8543287471
-80.110488465	-79.8532038949
-80.116872269	-79.8533999384
-80.117984382	-79.8522750622
-80.124367745	-79.8524709582
-80.125478921	-79.8513460579
-80.131861841	-79.8515418066
-80.13297208	-79.8504168822
-80.139354559	-79.8506124835
-80.140463861	-79.8494875351
-80.146845897	-79.849682989
-80.147954262	-79.8485580166
-80.149062381	-79.8474330424
-80.155443286	-79.8476283269
-80.156550468	-79.8465033286
-80.16293093	-79.8466984658
-80.164037177	-79.8455734436
-80.170417197	-79.8457684336
-80.171522508	-79.8446433875
-80.177902085	-79.8448382301
-80.184281907	-79.8450329476
-80.185385595	-79.8439078556
-80.191764974	-79.8441024258
-80.192867727	-79.84297731
-80.199246662	-79.8431717331
-80.200348481	-79.8420465934
-80.206726973	-79.8422408693
-80.207827857	-79.8411157058
-80.214205905	-79.8413098345
-80.215305855	-79.8401846473
-80.216405561	-79.8390594582
-80.222782477	-79.8392534179
-80.223881249	-79.8381282051
-80.23025772	-79.8383220177
-80.236634436	-79.8385157052
-80.237731587	-79.8373904467
-80.244107858	-79.8375839871
-80.251579903	-79.8366520984
-80.257955974	-79.8368453666
-80.259050571	-79.835720039
-80.265426196	-79.8359131602
-80.271802065	-79.8361061563
-80.272895042	-79.8349807833
-80.279270466	-79.8351736323
-80.285646132	-79.8353663563
-80.286737488	-79.8342409379
-80.29311271	-79.8344335149
-80.299488173	-79.8346259667
-80.300577909	-79.8335005031
-80.306952927	-79.833692808
-80.313328187	-79.8338849877
-80.314416303	-79.8327594789
-80.320791117	-79.8329515118
-80.327166172	-79.8331434194
-80.333541469	-79.8333352019
-80.339917008	-79.8335268592
-80.346292789	-79.8337183913
-80.35266881	-79.8339097983
-80.359045073	-79.8341010799
-80.360128126	-79.8329754179
-80.366503941	-79.8331665527
-80.372879997	-79.8333575624
-80.373961431	-79.8322318554
-80.380337038	-79.8324227183
-80.386712886	-79.832613456
-80.387792701	-79.8314877042
-80.3941681	-79.8316782951
-80.40054374	-79.8318687608
-80.401621936	-79.8307429643
-80.407997126	-79.8309332833
-80.414372556	-79.8311234771
-80.415449135	-79.8299976359
-80.421824115	-79.830187683
-80.422899766	-79.8290618186
-80.423975176	-79.8279359526
-80.425050348	-79.826810085
-80.426125281	-79.8256842156
-80.427199974	-79.8245583446
-80.428274428	-79.8234324719
-80.434645516	-79.8236222651
-80.435719043	-79.8224963694
-80.436792331	-79.8213704719
-80.443162281	-79.8215600972
-80.444234643	-79.8204341767
-80.445306766	-79.8193082545
-80.446378652	-79.8181823307
-80.447450299	-79.8170564053
-80.448521707	-79.8159304782
-80.449592878	-79.8148045494
-80.450663811	-79.813678619
-80.451734505	-79.8125526869
-80.452804962	-79.8114267532
-80.453875182	-79.8103008179
-80.454945163	-79.8091748809
-80.456014907	-79.8080489423
-80.449653204	-79.8078595735
-80.450723397	-79.8067336546
-80.451793352	-79.805607734
-80.452863069	-79.8044818118
-80.453932549	-79.8033558879
-80.455001792	-79.8022299625
-80.456070798	-79.8011040353
-80.462428385	-79.8012932762
-80.463496468	-79.8001673261
-80.474120827	-79.795852519
-80.480475462	-79.7960414037
-80.481540991	-79.7949154029
-80.482606284	-79.7937894006
-80.488959785	-79.7939781179
-80.490024156	-79.7928520927
-80.496377209	-79.793040664
-80.49744066	-79.7919146159
-80.498503875	-79.7907885663
-80.499566855	-79.789662515
-80.500629599	-79.7885364622
-80.501692107	-79.7874104077
-80.509103563	-79.786472671
-80.510164916	-79.7853465922
-80.511226035	-79.7842205118
-80.512286918	-79.7830944298
-80.513347567	-79.7819683462
-80.51440798	-79.7808422611
-80.515468159	-79.7797161744
-80.516528103	-79.7785900861
-80.517587812	-79.7774639962
-80.518647286	-79.7763379047
-80.519706526	-79.7752118117
-80.520765532	-79.7740857171
-80.521824303	-79.7729596209
-80.522882839	-79.7718335231
-80.523941142	-79.7707074238
-80.51760152	-79.7705194007
-80.51866027	-79.7693933209
-80.519718786	-79.7682672395
-80.520777068	-79.7671411566
-80.521835116	-79.7660150721
-80.522892929	-79.7648889861
-80.523950509	-79.7637628984
-80.525007855	-79.7626368092
-80.526064967	-79.7615107185
-80.527121845	-79.7603846262
-80.52817849	-79.7592585323
-80.529234901	-79.7581324368
-80.530291079	-79.7570063398
-80.531347023	-79.7558802413
-80.532402734	-79.7547541412
-80.533458212	-79.7536280395
-80.534513457	-79.7525019363
-80.540842186	-79.752689622
-80.541896518	-79.7515634962
-80.542950617	-79.7504373689
-80.544004483	-79.74931124
-80.550331407	-79.7494987383
-80.551384361	-79.7483725868
-80.552437083	-79.7472464338
-80.553489572	-79.7461202793
-80.559814691	-79.7463075903
-80.560866269	-79.7451814132
-80.561917615	-79.7440552346
-80.568241609	-79.7442423794
-80.569292044	-79.7431161783
-80.570342248	-79.7419899757
-80.576665116	-79.7421769543
-80.577714409	-79.7410507292
-80.58403683	-79.7412375627
-80.585085213	-79.7401113152
-80.586133365	-79.7389850661
-80.579812301	-79.7387982745
-80.5808609	-79.7376720449
-80.581909267	-79.7365458138
-80.582957404	-79.7354195811
-80.576638604	-79.7352327281
-80.577687187	-79.7341065149
-80.578735539	-79.7329803001
-80.579783659	-79.7318540839
-80.573467123	-79.7316671695
-80.57451569	-79.7305409727
-80.575564025	-79.7294147744
-80.569249074	-79.7292277778
-80.570297855	-79.7281015988
-80.571346405	-79.7269754184
-80.565033039	-79.7267883396
-80.566082034	-79.7256621786
-80.567130798	-79.724536016
-80.560819016	-79.7243488551
-80.561868225	-79.723222712
-80.555557349	-79.723035448
-80.556607003	-79.7219093243
-80.550297035	-79.7217219572
-80.551347133	-79.720595853
-80.545038071	-79.7204083829
-80.546088614	-79.7192822981
-80.547138925	-79.7181562118
-80.540831445	-79.7179686597
-80.5418822	-79.7168425928
-80.542932724	-79.7157165244
-80.543983016	-79.7145904544
-80.545033077	-79.7134643829
-80.538728528	-79.7132767908
-80.539779032	-79.7121507388
-80.540829306	-79.7110246852
-80.541879348	-79.7098986301
-80.542929159	-79.7087725735
-80.536627538	-79.7085849414
-80.537677792	-79.7074589042
-80.538727815	-79.7063328655
-80.539777608	-79.7052068252
-80.533478238	-79.7050191323
-80.534528473	-79.7038931114
-80.535578476	-79.7027670891
-80.53662825	-79.7016410652
-80.537677792	-79.7005150398
-80.538727104	-79.6993890129
-80.532431329	-79.699201301
-80.533481083	-79.6980752935
-80.534530606	-79.6969492845
-80.535579899	-79.6958232739
-80.53662896	-79.6946972619
-80.537677792	-79.6935712483
-80.543970205	-79.6937588555
-80.545018135	-79.6926328195
-80.551310106	-79.6928202822
-80.552357134	-79.6916942238
-80.553403931	-79.6905681638
-80.554450499	-79.6894421024
-80.555496837	-79.6883160394
-80.556542946	-79.687189975
-80.557588824	-79.686063909
-80.558634473	-79.6849378416
-80.559679893	-79.6838117726
-80.560725084	-79.6826857021
-80.561770045	-79.6815596302
-80.562814776	-79.6804335567
-80.563859279	-79.6793074818
-80.564903552	-79.6781814054
-80.565947597	-79.6770553274
-80.566991412	-79.675929248
-80.568034999	-79.6748031671
-80.569078357	-79.6736770847
-80.570121486	-79.6725510009
-80.563841585	-79.6723639137
-80.564885154	-79.6712378492
-80.565928495	-79.6701117832
-80.566971608	-79.6689857157
-80.568014492	-79.6678596467
-80.569057147	-79.6667335762
-80.570099574	-79.6656075042
-80.571141773	-79.6644814308
-80.564866781	-79.664294366
-80.56590942	-79.6631683119
-80.56695183	-79.6620422563
-80.567994012	-79.6609161993
-80.562763874	-79.6596030359
-80.563806268	-79.6584769967
-80.564848433	-79.657350956
-80.56589037	-79.6562249138
-80.559620509	-79.6560377482
-80.560662885	-79.6549117253
-80.561705033	-79.653785701
-80.555436734	-79.6535984538
-80.55647932	-79.6524724488
-80.550211916	-79.6522850994
-80.551254941	-79.6511591137
-80.552297738	-79.6500331265
-80.546031895	-79.6498456955
-80.54707513	-79.6487197277
-80.540810181	-79.6485321945
-80.541853854	-79.647406246
-80.535589799	-79.6472186106
-80.53663391	-79.6460926814
-80.530370749	-79.6459049438
-80.524107816	-79.6457170832
-80.517845112	-79.6455290996
-80.511582637	-79.645340993
-80.50532039	-79.6451527634
-80.499058372	-79.6449644108
-80.500106247	-79.6438386053
-80.493845123	-79.6436501506
-80.487584229	-79.643461573
-80.488633204	-79.6423358079
-80.482373204	-79.6421471282
-80.483422615	-79.6410213825
-80.484471796	-79.6398956352
-80.478213355	-79.6397068745
-80.479262971	-79.6385811467
-80.473005423	-79.638392284
-80.474055475	-79.6372665756
-80.46779882	-79.637077611
-80.468849306	-79.635951922
-80.469899563	-79.6348262315
-80.463644465	-79.6346371859
-80.464695156	-79.6335115148
-80.465745617	-79.6323858422
-80.459492076	-79.6321967157
-80.460542971	-79.6310710625
-80.461593637	-79.6299454077
-80.455341651	-79.6297562004
-80.456392751	-79.6286305651
-80.457443622	-79.6275049282
-80.45119319	-79.6273156401
-80.452244494	-79.6261900227
-80.453295568	-79.6250644036
-80.454346414	-79.6239387831
-80.45539703	-79.622813161
-80.456447417	-79.6216875374
-80.457497574	-79.6205619122
-80.463744033	-79.6207510745
-80.4647933	-79.6196254269
-80.465842339	-79.6184997777
-80.466891148	-79.617374127
-80.46793973	-79.6162484747
-80.468988082	-79.6151228209
-80.475231462	-79.615311756
-80.476278925	-79.6141860798
-80.47732616	-79.613060402
-80.478373167	-79.6119347228
-80.484614792	-79.6121234725
-80.485660909	-79.6109977709
-80.4867068	-79.6098720677
-80.487752462	-79.608746363
-80.488797896	-79.6076206568
-80.495037107	-79.6078092005
-80.496081653	-79.606683472
-80.497125972	-79.6055577419
-80.498170064	-79.6044320103
-80.499213929	-79.6033062773
-80.500257566	-79.6021805427
-80.501300976	-79.6010548066
-80.502344159	-79.5999290691
-80.503387115	-79.59880333
-80.504429844	-79.5976775895
-80.500282667	-79.5952377893
-80.501325375	-79.5941120651
-80.502367855	-79.5929863393
-80.496137445	-79.592797944
-80.497180358	-79.5916722376
-80.498223043	-79.5905465297
-80.491994177	-79.5903580536
-80.493037294	-79.589232365
-80.494080184	-79.5881066749
-80.48785286	-79.5879181182
-80.488896182	-79.5867924474
-80.489939276	-79.5856667752
-80.483713494	-79.5854781378
-80.48475702	-79.5843524849
-80.478532122	-79.584163746
-80.479576078	-79.5830381124
-80.473352064	-79.5828492722
-80.474396451	-79.581723658
-80.468173321	-79.5815347164
-80.461950418	-79.5813456526
-80.462995891	-79.5802200785
-80.456773872	-79.5800309134
-80.457819774	-79.5789053587
-80.451598639	-79.5787160923
-80.44537773	-79.5785267038
-80.446424718	-79.5774011893
-80.440204693	-79.5772116995
-80.44125211	-79.5760862044
-80.435032969	-79.5758966134
-80.428814055	-79.5757069002
-80.429862556	-79.5745814454
-80.423644525	-79.5743916311
-80.417426722	-79.5742016948
-80.411209147	-79.5740116363
-80.412259387	-79.5728862428
-80.406042695	-79.5726960832
-80.399826232	-79.5725058016
-80.400877554	-79.5713804485
-80.394661973	-79.5711900658
-80.388446621	-79.5709995611
-80.389499025	-79.5698742484
-80.383284556	-79.5696836427
-80.377070315	-79.569492915
-80.3781238	-79.5683676427
-80.371910442	-79.5681768141
-80.365697313	-79.5679858634
-80.359484412	-79.5677947909
-80.360539631	-79.5666695801
-80.354327614	-79.5664784066
-80.355383259	-79.5653532153
-80.349172124	-79.565161941
-80.350228193	-79.5640367692
-80.351284034	-79.5629115958
-80.345074435	-79.5627202417
-80.3461307	-79.5615950877
-80.339921984	-79.5614036328
-80.340978674	-79.5602784984
-80.342035134	-79.5591533623
-80.343091366	-79.5580282247
-80.336884838	-79.5578367112
-80.337941493	-79.556711593
-80.33899792	-79.5555864733
-80.340054118	-79.554461352
-80.341110087	-79.553336229
-80.342165827	-79.5522111045
-80.33596279	-79.5520195746
-80.337018954	-79.5508944695
-80.33807489	-79.5497693629
-80.339130596	-79.5486442547
-80.340186075	-79.5475191449
-80.341241324	-79.5463940335
-80.347441102	-79.5465854582
-80.348495472	-79.5454603242
-80.349549614	-79.5443351886
-80.350603528	-79.5432100514
-80.351657214	-79.5420849127
-80.352710672	-79.5409597723
-80.359960001	-79.5400258073
-80.361012353	-79.5389006429
-80.362064477	-79.5377754768
-80.363116374	-79.5366503092
-80.364168043	-79.53552514
-80.365219485	-79.5343999693
-80.3662707	-79.533274797
-80.367321687	-79.5321496232
-80.368372447	-79.5310244477
-80.369422981	-79.5298992708
-80.370473287	-79.5287740922
-80.371523366	-79.5276489122
-80.372573219	-79.5265237305
-80.366384918	-79.5263328054
-80.367435193	-79.5252076431
-80.368485241	-79.5240824793
-80.369535063	-79.522957314
-80.370584657	-79.5218321471
-80.364399179	-79.5216411843
-80.365449195	-79.5205160368
-80.366498985	-79.5193908877
-80.367548548	-79.5182657371
-80.368597885	-79.5171405849
-80.362415226	-79.5169495845
-80.363464985	-79.5158244517
-80.364514516	-79.5146993174
-80.365563821	-79.5135741815
-80.3666129	-79.5124490441
-80.367661753	-79.5113239051
-80.361482558	-79.5111328881
-80.362531832	-79.5100077685
-80.363580879	-79.5088826473
-80.357403205	-79.5086915509
-80.358452672	-79.5075664491
-80.359501914	-79.5064413458
-80.360550929	-79.5053162409
-80.354375421	-79.505125086
-80.355424857	-79.5040000005
-80.356474066	-79.5028749135
-80.35752305	-79.5017498249
-80.351349706	-79.5015586116
-80.352399109	-79.5004335424
-80.353448286	-79.4993084716
-80.354497238	-79.4981833993
-80.348326057	-79.4979921277
-80.349375428	-79.4968670748
-80.350424572	-79.4957420203
-80.351473491	-79.4946169643
-80.345304472	-79.4944256343
-80.34635381	-79.4933005977
-80.347402922	-79.4921755595
-80.348451808	-79.4910505197
-80.349500468	-79.4899254784
-80.350548903	-79.4888004355
-80.351597111	-79.4876753911
-80.352645095	-79.4865503451
-80.353692852	-79.4854252976
-80.359856715	-79.4856164602
-80.360903604	-79.4844913903
-80.361950267	-79.4833663188
-80.368113067	-79.4835573186
-80.369158862	-79.4824322247
-80.370204431	-79.4813071293
-80.376366169	-79.4814979665
-80.37741087	-79.4803728487
-80.378455347	-79.4792477294
-80.379499598	-79.4781226085
-80.380543626	-79.4769974861
-80.386703015	-79.477188119
-80.387746175	-79.4760629743
-80.393905145	-79.4762534655
-80.394947437	-79.4751282985
-80.402147414	-79.4741934586
-80.403188616	-79.4730682678
-80.409346105	-79.4732584548
-80.41038644	-79.4721332417
-80.41654351	-79.4723232872
-80.417582979	-79.4711980518
-80.418622225	-79.470072815
-80.419661247	-79.4689475766
-80.420700046	-79.4678223368
-80.426854769	-79.4680121784
-80.427892703	-79.4668869164
-80.428930414	-79.4657616529
-80.429967901	-79.4646363879
-80.431005167	-79.4635111214
-80.438193945	-79.4625754708
-80.439230123	-79.4614501807
-80.440266078	-79.4603248891
-80.446416753	-79.4605143443
-80.447451845	-79.4593890306
-80.448486714	-79.4582637154
-80.454636328	-79.4584530086
-80.455670334	-79.4573276713
-80.456704118	-79.4562023326
-80.457737681	-79.4550769924
-80.458771021	-79.4539516507
-80.464918293	-79.4541407407
-80.465950771	-79.453015377
-80.466983027	-79.4518900118
-80.468015062	-79.4507646452
-80.469046876	-79.4496392772
-80.475191806	-79.449828164
-80.476222758	-79.448702774
-80.477253489	-79.4475773824
-80.478283998	-79.4464519895
-80.479314287	-79.4453265951
-80.480344355	-79.4442011993
-80.481374202	-79.443075802
-80.482403829	-79.4419504034
-80.483433235	-79.4408250033
-80.48446242	-79.4396996017
-80.485491385	-79.4385741988
-80.486520129	-79.4374487944
-80.487548652	-79.4363233886
-80.488576956	-79.4351979813
-80.489605039	-79.4340725727
-80.490632902	-79.4329471626
-80.491660545	-79.4318217511
-80.492687968	-79.4306963382
-80.498822249	-79.4308847553
-80.499848813	-79.4297593205
-80.500875158	-79.4286338843
-80.501901283	-79.4275084466
-80.502927189	-79.4263830076
-80.503952875	-79.4252575671
-80.510084185	-79.4254457614
-80.511109013	-79.424320299
-80.512133623	-79.4231948353
-80.513158013	-79.4220693702
-80.514182184	-79.4209439037
-80.520311163	-79.4211318958
-80.521334478	-79.4200064074
-80.522357574	-79.4188809177
-80.528485497	-79.4190687486
-80.529507737	-79.417943237
-80.530529758	-79.4168177241
-80.531551561	-79.4156922098
-80.532573145	-79.4145666941
-80.533594511	-79.413441177
-80.534615659	-79.4123156586
-80.535636588	-79.4111901388
-80.536657299	-79.4100646176
-80.537677792	-79.408939095
-80.538698067	-79.407813571
-80.539718124	-79.4066880457
-80.540737963	-79.4055625191
-80.541757584	-79.404436991
-80.542776987	-79.4033114616
-80.543796173	-79.4021859308
-80.544815141	-79.4010603986
-80.545833891	-79.3999348651
-80.53971678	-79.3997473807
-80.540735948	-79.3986218662
-80.541754898	-79.3974963503
-80.535639275	-79.3973087864
-80.536658642	-79.3961832895
-80.530543871	-79.395995626
-80.531563655	-79.3948701481
-80.532583222	-79.3937446687
-80.526469937	-79.3935569259
-80.52748992	-79.3924314656
-80.528509685	-79.3913060039
-80.529529233	-79.3901805408
-80.530548563	-79.3890550764
-80.531567676	-79.3879296106
-80.525457777	-79.3877418495
-80.526477306	-79.3866164027
-80.527496618	-79.3854909546
-80.528515712	-79.384365505
-80.529534589	-79.3832400541
-80.530553249	-79.3821146018
-80.524446733	-79.3819268225
-80.525465808	-79.3808013892
-80.526484666	-79.3796759546
-80.527503307	-79.3785505185
-80.528521731	-79.3774250811
-80.522417962	-79.3772372634
-80.531575702	-79.3740487608
-80.532593258	-79.3729233179
-80.533610598	-79.3717978737
-80.534627721	-79.3706724282
-80.535644628	-79.3695469813
-80.536661318	-79.368421533
-80.537677792	-79.3672960834
-80.538694049	-79.3661706324
-80.53971009	-79.3650451801
-80.540725915	-79.3639197264
-80.541741524	-79.3627942714
-80.542756917	-79.361668815
-80.543772094	-79.3605433573
-80.537677792	-79.3603558441
-80.538693383	-79.3592304053
-80.539708758	-79.3581049652
-80.534631721	-79.3567919517
-80.535647294	-79.3556665292
-80.536662651	-79.3545411053
-80.530571931	-79.3543534542
-80.531587701	-79.3532280493
-80.532603256	-79.3521026429
-80.533618594	-79.3509772353
-80.534633717	-79.3498518263
-80.535648624	-79.3487264159
-80.529561265	-79.3485387467
-80.530576586	-79.3474133553
-80.524490071	-79.3472255868
-80.525505804	-79.3461002143
-80.526521321	-79.3449748404
-80.521452209	-79.3436616381
-80.522467923	-79.3425362819
-80.523483422	-79.3414109242
-80.517400479	-79.3412230183
-80.51841639	-79.3400976796
-80.519432085	-79.3389723395
-80.513350614	-79.3387843547
-80.51436672	-79.3376590336
-80.515382611	-79.3365337111
-80.50930261	-79.3363456475
-80.510318913	-79.3352203439
-80.511335	-79.3340950391
-80.512350871	-79.3329697328
-80.506272967	-79.3327816107
-80.507289249	-79.3316563234
-80.508305316	-79.3305310347
-80.50222888	-79.3303428339
-80.503245358	-79.3292175642
-80.50426162	-79.3280922931
-80.498186652	-79.3279040136
-80.499203325	-79.3267787614
-80.500219782	-79.3256535079
-80.501236024	-79.324528253
-80.502252051	-79.3234029968
-80.496179801	-79.3232146793
-80.497196238	-79.322089442
-80.498212459	-79.3209642033
-80.499228465	-79.3198389633
-80.500244255	-79.3187137219
-80.50125983	-79.3175884792
-80.495190923	-79.3174001439
-80.496206907	-79.3162749201
-80.497222677	-79.315149695
-80.491155234	-79.3149612811
-80.497222677	-79.315149695
-80.498238232	-79.3140244685
-80.499253571	-79.3128992406
-80.500268696	-79.3117740114
-80.501283606	-79.3106487809
-80.502298301	-79.309523549
-80.496233978	-79.3093352365
-80.497249082	-79.3082100235
-80.498263971	-79.3070848092
-80.492201111	-79.3068964182
-80.493216409	-79.3057712228
-80.494231492	-79.304646026
-80.49524636	-79.3035208279
-80.496261013	-79.3023956284
-80.497275452	-79.3012704276
-80.498289677	-79.3001452254
-80.49223077	-79.299956837
-80.493245403	-79.2988316537
-80.494259821	-79.2977064691
-80.495274024	-79.2965812832
-80.496288013	-79.2954560958
-80.497301788	-79.2943309072
-80.498315349	-79.2932057172
-80.493274359	-79.2918921603
-80.494288113	-79.2907669879
-80.495301653	-79.2896418141
-80.496314978	-79.2885166389
-80.49732809	-79.2873914624
-80.491276454	-79.287203059
-80.492289973	-79.2860779014
-80.493303277	-79.2849527425
-80.494316368	-79.2838275822
-80.488266809	-79.2836391208
-80.489280307	-79.2825139794
-80.483231583	-79.2823254194
-80.477183073	-79.2821367407
-80.478197598	-79.2810116385
-80.472149922	-79.2808228613
-80.473164853	-79.279697778
-80.467118013	-79.2795089024
-80.468133349	-79.278383838
-80.462087343	-79.278194864
-80.463103085	-79.2770698185
-80.457057913	-79.2768807461
-80.458074061	-79.2757557196
-80.453046276	-79.2744415412
-80.44801973	-79.2731272835
-80.442994422	-79.2718129463
-80.436952586	-79.2716234808
-80.437970353	-79.2704985299
-80.43192935	-79.2703089661
-80.432947521	-79.2691840342
-80.426907352	-79.2689943721
-80.420867397	-79.2688045916
-80.421886591	-79.267679699
-80.415847469	-79.2674898202
-80.409808563	-79.2672998229
-80.410828778	-79.2661749697
-80.404790705	-79.2659848743
-80.399774084	-79.2646698465
-80.393737059	-79.2644795345
-80.394758699	-79.2633547396
-80.388722507	-79.2631643296
-80.38268653	-79.2629738012
-80.38370919	-79.2618490456
-80.377674046	-79.2616584192
-80.378697107	-79.2605336827
-80.372662797	-79.2603429582
-80.37368626	-79.2592182407
-80.367652782	-79.2590274183
-80.356611572	-79.2575207608
-80.350579358	-79.2573296037
-80.34454736	-79.2571383284
-80.338515579	-79.2569469346
-80.332484013	-79.2567554226
-80.326452664	-79.2565637922
-80.320421532	-79.2563720435
-80.314390616	-79.2561801765
-80.308359916	-79.2559881912
-80.30938973	-79.2548636962
-80.303359864	-79.2546716132
-80.297330214	-79.2544794118
-80.298361043	-79.2533549565
-80.292332226	-79.2531626574
-80.286303627	-79.2529702402
-80.28733547	-79.2518458245
-80.281307703	-79.2516533096
-80.275280153	-79.2514606764
-80.276313011	-79.2503363005
-80.270286294	-79.2501435697
-80.264259794	-79.2499507207
-80.265293665	-79.2488263846
-80.259267998	-79.248633438
-80.253242548	-79.2484403733
-80.247217316	-79.2482471904
-80.248252814	-79.2471229147
-80.242228415	-79.2469296343
-80.236204234	-79.2467362357
-80.237240743	-79.2456119998
-80.231217394	-79.2454185038
-80.225194263	-79.2452248897
-80.219171351	-79.2450311575
-80.213148656	-79.2448373071
-80.214187405	-79.2437131525
-80.208165543	-79.2435192048
-80.2021439	-79.243325139
-80.196122475	-79.2431309551
-80.190101269	-79.2429366531
-80.185121881	-79.2416181807
-80.179101726	-79.2414236634
-80.17308179	-79.241229028
-80.174124398	-79.2401050157
-80.168105295	-79.2399102831
-80.162086411	-79.2397154325
-80.156067746	-79.2395204639
-80.150049301	-79.2393253773
-80.144031075	-79.2391301726
-80.138013069	-79.23893485
-80.131995282	-79.2387394094
-80.125977715	-79.2385438509
-80.119960369	-79.2383481743
-80.113943242	-79.2381523798
-80.107926336	-79.2379564674
-80.101909651	-79.2377604369
-80.095893185	-79.2375642886
-80.08987694	-79.2373680223
-80.083860916	-79.2371716381
-80.077845113	-79.2369751359
-80.071829531	-79.2367785158
-80.06581417	-79.2365817778
-80.05979903	-79.236384922
-80.058744779	-79.237508537
-80.052729249	-79.2373115421
-80.04671394	-79.2371144294
-80.040698852	-79.2369171988
-80.034683986	-79.2367198503
-80.028669342	-79.2365223839
-80.022654921	-79.2363247996
-80.021596776	-79.2374482866
-80.015581965	-79.2372505634
-80.014522986	-79.2383740276
-80.008507785	-79.2381761654
-80.002492806	-79.2379781852
-79.99647805	-79.2377800872
-79.995417014	-79.2389034864
-79.989401869	-79.2387052494
-79.983386947	-79.2385068945
-79.977372248	-79.2383084217
-79.971357772	-79.2381098311
-79.965343519	-79.2379111226
-79.95932949	-79.2377122963
-79.953315685	-79.2375133521
-79.947302103	-79.2373142901
-79.941288745	-79.2371151103
-79.93527561	-79.2369158127
-79.9292627	-79.2367163972
-79.928194714	-79.2378395612
-79.922181416	-79.2376400067
-79.916168343	-79.2374403343
-79.910155495	-79.2372405442
-79.904142871	-79.2370406362
-79.898130472	-79.2368406105
-79.892118297	-79.2366404669
-79.886106348	-79.2364402056
-79.880094623	-79.2362398265
-79.874083124	-79.2360393297
-79.86807185	-79.2358387151
-79.862060801	-79.2356379827
-79.856049978	-79.2354371326
-79.850039381	-79.2352361648
-79.844029009	-79.2350350792
-79.838018863	-79.234833876
-79.832008943	-79.234632555
-79.82599925	-79.2344311162
-79.819989782	-79.2342295598
-79.813980541	-79.2340278857
-79.812900729	-79.2351506413
-79.795954177	-79.2334221573
-79.789945842	-79.2332200125
-79.788863591	-79.2343426818
-79.782854874	-79.2341403978
-79.776846384	-79.2339379961
-79.770838121	-79.2337354767
-79.769753813	-79.2348580795
-79.763745168	-79.2346554208
-79.757736751	-79.2344526445
-79.751728561	-79.2342497506
-79.750642197	-79.2353722866
-79.744633626	-79.2351692534
-79.738625283	-79.2349661025
-79.732617168	-79.2347628339
-79.726609281	-79.2345594477
-79.725520251	-79.2356818953
-79.719511983	-79.2354783698
-79.713503944	-79.2352747266
-79.707496133	-79.2350709658
-79.701488551	-79.2348670874
-79.700396856	-79.2359894462
-79.694388894	-79.2357854284
-79.688381161	-79.235581293
-79.682373657	-79.23537704
-79.681279906	-79.2364993316
-79.675272022	-79.2362949392
-79.669264369	-79.2360904292
-79.663256944	-79.2358858016
-79.662161136	-79.2370080258
-79.656153333	-79.2368032588
-79.650145759	-79.2365983742
-79.644138416	-79.2363933719
-79.643040551	-79.2375155287
-79.637032829	-79.237310387
-79.631025337	-79.2371051277
-79.625018076	-79.2368997509
-79.623918154	-79.23802184
-79.617910515	-79.2378163237
-79.611903106	-79.2376106897
-79.605895929	-79.2374049382
-79.60479395	-79.2385269596
-79.598786395	-79.2383210686
-79.592779071	-79.23811506
-79.586771978	-79.2379089338
-79.580765117	-79.2377026901
-79.574758488	-79.2374963288
-79.56875209	-79.23728985
-79.562745924	-79.2370832536
-79.55673999	-79.2368765397
-79.550734288	-79.2366697082
-79.544728819	-79.2364627593
-79.538723581	-79.2362556928
-79.532718576	-79.2360485089
-79.526713804	-79.2358412074
-79.525603686	-79.2369629405
-79.519598538	-79.2367554994
-79.513593623	-79.2365479409
-79.507588941	-79.2363402648
-79.501584493	-79.2361324713
-79.495580277	-79.2359245603
-79.489576295	-79.2357165318
-79.483572546	-79.2355083859
-79.477569031	-79.2353001225
-79.476453819	-79.2364216764
-79.47044993	-79.2362132733
-79.464446275	-79.2360047529
-79.458442854	-79.2357961149
-79.452439667	-79.2355873595
-79.446436714	-79.2353784867
-79.440433996	-79.2351694965
-79.434431512	-79.2349603889
-79.428429263	-79.2347511638
-79.427308959	-79.2358725376
-79.421306338	-79.2356631728
-79.415303951	-79.2354536907
-79.409301799	-79.2352440911
-79.403299883	-79.2350343742
-79.397298201	-79.2348245398
-79.391296755	-79.2346145881
-79.385295545	-79.234404519
-79.37929457	-79.2341943325
-79.373293831	-79.2339840287
-79.367293328	-79.2337736075
-79.36129306	-79.233563069
-79.355293029	-79.2333524132
-79.354165212	-79.2344735164
-79.34816481	-79.2342627208
-79.342164645	-79.2340518078
-79.336164717	-79.2338407775
-79.330165025	-79.2336296299
-79.32416557	-79.233418365
-79.318166352	-79.2332069828
-79.312167371	-79.2329954832
-79.311035075	-79.2341164269
-79.305035725	-79.2339047875
-79.299036612	-79.2336930309
-79.297902867	-79.2348139273
-79.291903386	-79.2346020307
-79.285904143	-79.234390017
-79.284768949	-79.235510866
-79.278769338	-79.2352987123
-79.272769964	-79.2350864413
-79.271633321	-79.236207243
-79.26563358	-79.2359948321
-79.259634077	-79.2357823039
-79.258495985	-79.2369030581
-79.252496114	-79.23669039
-79.24535694	-79.2375983112
-79.239356942	-79.2373853859
-79.238216555	-79.2385060675
-79.232216189	-79.2382930022
-79.226216063	-79.2380798197
-79.225074226	-79.2392004537
-79.219073733	-79.2389871311
-79.213073479	-79.2387736912
-79.211930192	-79.2398942775
-79.205929572	-79.2396806976
-79.199929192	-79.2394670005
-79.198784453	-79.240587539
-79.192783707	-79.2403737017
-79.186783202	-79.2401597473
-79.180782936	-79.2399456755
-79.179636141	-79.2410661433
-79.17363551	-79.2408519315
-79.167635119	-79.2406376024
-79.166486873	-79.2417580223
-79.160486117	-79.241543553
-79.154485602	-79.2413289666
-79.148485327	-79.2411142628
-79.147335024	-79.2422346118
-79.141334386	-79.242019768
-79.135333988	-79.2418048068
-79.129333832	-79.2415897285
-79.128181472	-79.2427100064
-79.122180952	-79.2424947879
-79.116180673	-79.2422794521
-79.115026861	-79.2433996819
-79.109026219	-79.2431842059
-79.103025818	-79.2429686127
-79.09702566	-79.2427529023
-79.095869791	-79.2438730608
-79.089869269	-79.2436572101
-79.08386899	-79.2434412422
-79.077868953	-79.2432251571
-79.076711027	-79.2443452443
-79.070710628	-79.2441290189
-79.064710471	-79.2439126763
-79.058710557	-79.2436962165
-79.052710886	-79.2434796394
-79.046711459	-79.2432629452
-79.040712274	-79.2430461338
-79.039550476	-79.2441660802
-79.03355093	-79.2439491285
-79.027551627	-79.2437320596
-79.021552568	-79.2435148735
-79.015553753	-79.2432975702
-79.009555181	-79.2430801498
-79.008390117	-79.2441999782
-79.002391185	-79.2439824174
-78.996392497	-79.2437647395
-78.99522598	-79.2448845191
-78.989226933	-79.2446667008
-78.983228129	-79.2444487654
-78.97722957	-79.2442307128
-78.971231256	-79.244012543
-78.970062077	-79.2451322273
-78.964063404	-79.2449139172
-78.958064975	-79.2446954899
-78.952066792	-79.2444769455
-78.902914095	-79.2438437995
-78.896917519	-79.2436241777
-78.890921189	-79.2434044389
-78.884925106	-79.2431845831
-78.883746984	-79.2443039359
-78.877750544	-79.2440839395
-78.871754351	-79.2438638261
-78.865758405	-79.2436435957
-78.859762705	-79.2434232481
-78.853767253	-79.2432027836
-78.847772048	-79.242982202
-78.841777091	-79.2427615033
-78.835782381	-79.2425406877
-78.829787918	-79.242319755
-78.823793703	-79.2420987053
-78.817799736	-79.2418775386
-78.811806016	-79.241656255
-78.805812545	-79.2414348543
-78.799819322	-79.2412133367
-78.793826347	-79.2409917021
-78.787833621	-79.2407699505
-78.786645607	-79.2418889247
-78.780652527	-79.2416670326
-78.774659695	-79.2414450235
-78.768667112	-79.2412228974
-78.762674779	-79.2410006544
-78.756682694	-79.2407782945
-78.755491421	-79.241897148
-78.749498983	-79.2416746475
-78.743506795	-79.24145203
-78.742314069	-79.2425708335
-78.736321528	-79.2423480754
-78.730329237	-79.2421252004
-78.724337196	-79.2419022085
-78.723142414	-79.2430209382
-78.717150021	-79.2427978056
-78.711157878	-79.2425745561
-78.709961643	-79.2436932356
-78.703969149	-79.2434698455
-78.697976905	-79.2432463384
-78.696779216	-79.2443649677
-78.690786621	-79.2441413199
-78.684794276	-79.2439175552
-78.683595133	-79.2450361343
-78.677602438	-79.2448122289
-78.671609993	-79.2445882065
-78.670409396	-79.2457067352
-78.664416601	-79.2454825721
-78.658424057	-79.2452582922
-78.657222006	-79.2463767704
-78.651229112	-79.2461523497
-78.650026207	-79.2472708013
-78.644032964	-79.2470462398
-78.638039972	-79.2468215614
-78.632047232	-79.2465967661
-78.626054744	-79.2463718538
-78.620062508	-79.2461468247
-78.614070524	-79.2459216787
-78.608078793	-79.2456964159
-78.606871426	-79.2468146973
-78.600879346	-79.2465892937
-78.594887519	-79.2463637731
-78.588895945	-79.2461381357
-78.587686522	-79.2472563424
-78.5816946	-79.2470305641
-78.57570293	-79.246804669
-78.574492052	-79.2479228249
-78.568500035	-79.2476967889
-78.562508272	-79.247470636
-78.561295938	-79.248588741
-78.555303827	-79.2483624473
-78.54931197	-79.2481360367
-78.543320366	-79.2479095092
-78.542105976	-79.2490275392
-78.536114026	-79.2488008708
-78.530122329	-79.2485740855
-78.524130887	-79.2483471835
-78.5181397	-79.2481201646
-78.516922652	-79.2492380952
-78.510931119	-79.2490109354
-78.50493984	-79.2487836587
-78.498948815	-79.2485562653
-78.497729712	-79.2496741205
-78.491738342	-79.2494465861
-78.485747227	-79.2492189348
-78.484526667	-79.2503367388
-78.478535207	-79.2501089465
-78.472544002	-79.2498810374
-78.46056236	-79.2494248688
-78.454571922	-79.2491966094
-78.453348105	-79.2503142892
-78.447357323	-79.2500858887
-78.441366797	-79.2498573715
-78.435376528	-79.2496287374
-78.434150654	-79.2507463415
-78.42816004	-79.2505175663
-78.422169683	-79.2502886744
-78.416179583	-79.2500596658
-78.414951653	-79.2511771939
-78.408961209	-79.2509480442
-78.402971022	-79.2507187776
-78.396981093	-79.2504893944
-78.39099142	-79.2502598944
-78.385002005	-79.2500302777
-78.379012847	-79.2498005442
-78.377781061	-79.250917923
-78.371791561	-79.2506880484
-78.365802319	-79.2504580571
-78.359813334	-79.2502279491
-78.358579492	-79.2513452516
-78.352590166	-79.2511150024
-78.346601098	-79.2508846365
-78.340612288	-79.2506541539
-78.339376389	-79.25177138
-78.333387238	-79.2515407561
-78.327398346	-79.2513100156
-78.321409713	-79.2510791585
-78.320171757	-79.2521963079
-78.314182783	-79.2519653095
-78.308194068	-79.2517341944
-78.302205612	-79.2515029626
-78.3009656	-79.2526200354
-78.294976805	-79.2523886623
-78.288988268	-79.2521571726
-78.282999991	-79.2519255663
-78.281757923	-79.2530425622
-78.275769306	-79.2528108145
-78.26978095	-79.2525789502
-78.263792853	-79.2523469692
-78.262548728	-79.2534638881
-78.256560293	-79.2532317658
-78.250572118	-79.2529995269
-78.249326535	-79.2541163934
-78.243338021	-79.2538840131
-78.237349768	-79.2536515162
-78.231361776	-79.2534189027
-78.230114136	-79.2545356919
-78.224125805	-79.254302937
-78.218137736	-79.2540700655
-78.212149928	-79.2538370773
-78.210900231	-79.2549537893
-78.204912085	-79.2547206597
-78.198924201	-79.2544874135
-78.192936578	-79.2542540508
-78.186949217	-79.2540205714
-78.185696865	-79.255137181
-78.179709167	-79.2549035602
-78.173721732	-79.2546698228
-78.167734558	-79.2544359688
-78.161747646	-79.2542019982
-78.154505392	-79.2550843933
-78.148518406	-79.2548501647
-78.142531684	-79.2546158195
-78.136545224	-79.2543813577
-78.135287562	-79.2554977621
-78.129300767	-79.2552631588
-78.123314235	-79.2550284391
-78.117327966	-79.2547936027
-78.11134196	-79.2545586498
-78.105356218	-79.2543235804
-78.104095304	-79.2554398568
-78.098109228	-79.2552046459
-78.092123415	-79.2549693184
-78.086137866	-79.2547338744
-78.08015258	-79.2544983139
-78.078889013	-79.2556144871
-78.072903394	-79.255378785
-78.066918039	-79.2551429665
-78.060932949	-79.2549070314
-78.054948123	-79.2546709798
-78.048963561	-79.2544348118
-78.042979264	-79.2541985272
-78.036995232	-79.2539621262
-78.031011464	-79.2537256088
-78.025027962	-79.2534889748
-78.019044725	-79.2532522244
-78.013061752	-79.2530153576
-78.007079045	-79.2527783744
-78.001096604	-79.2525412747
-77.995114428	-79.2523040586
-77.989132517	-79.2520667261
-77.983150873	-79.2518292772
-77.977169494	-79.2515917119
-77.975895516	-79.2527074546
-77.969913807	-79.2524697476
-77.963932365	-79.2522319243
-77.957951188	-79.2519939846
-77.951970278	-79.2517559286
-77.945989634	-79.2515177561
-77.940009257	-79.2512794674
-77.934029146	-79.2510410622
-77.928049303	-79.2508025407
-77.922069726	-79.2505639029
-77.92079012	-79.2516794147
-77.914810215	-79.2514406353
-77.908830577	-79.2512017395
-77.902851207	-79.2509627273
-77.896872104	-79.2507235989
-77.890893269	-79.2504843541
-77.889610418	-79.2515997357
-77.883631255	-79.2513603493
-77.877652361	-79.2511208465
-77.871673734	-79.2508812275
-77.865695375	-79.2506414922
-77.859717284	-79.2504016406
-77.85843119	-79.2515168917
-77.852452773	-79.2512768983
-77.846474625	-79.2510367887
-77.845187073	-79.2521519854
-77.839208598	-79.2519117341
-77.833230392	-79.2516713665
-77.827252455	-79.2514308826
-77.794781383	-79.2524566941
-77.788803874	-79.2522154616
-77.782826634	-79.2519741129
-77.776849665	-79.2517326481
-77.770872966	-79.2514910669
-77.764896536	-79.2512493696
-77.763600447	-79.2523642236
-77.757623695	-79.2521223845
-77.751647212	-79.2518804291
-77.745671001	-79.2516383576
-77.744372859	-79.2527531311
-77.738396324	-79.2525109176
-77.73242006	-79.2522685881
-77.726444067	-79.2520261423
-77.725143873	-79.2531408351
-77.719167558	-79.2528982475
-77.713191514	-79.2526555436
-77.707215741	-79.2524127236
-77.705913494	-79.2535273357
-77.6999374	-79.2532843738
-77.693961577	-79.2530412957
-77.687986026	-79.2527981015
-77.686681726	-79.2539126326
-77.680705854	-79.2536692964
-77.674730254	-79.2534258441
-77.673424495	-79.2545403201
-77.667448573	-79.2542967258
-77.661472925	-79.2540530153
-77.655497549	-79.2538091888
-77.654189737	-79.2549235836
-77.64821404	-79.254679615
-77.642238616	-79.2544355303
-77.634953601	-79.2553056431
-77.628978131	-79.2550613002
-77.623002933	-79.2548168413
-77.621691609	-79.2559310994
-77.615716092	-79.2556864984
-77.609740849	-79.2554417813
-77.608428064	-79.2565559838
-77.602452502	-79.2563111247
-77.596477213	-79.2560661494
-77.590502199	-79.2558210581
-77.589187361	-79.256935179
-77.583212028	-79.2566899455
-77.577236969	-79.256444596
-77.575920672	-79.2575586612
-77.569945294	-79.2573131696
-77.563970192	-79.2570675619
-77.556677013	-79.2579358215
-77.550701868	-79.2576899555
-77.544726997	-79.2574439735
-77.543407186	-79.258557901
-77.537431998	-79.2583117769
-77.531457086	-79.2580655366
-77.525482449	-79.2578191803
-77.524160584	-79.2589330258
-77.518185631	-79.2586865273
-77.512210953	-79.2584399128
-77.506236551	-79.2581931822
-77.504912633	-79.2593069455
-77.498937915	-79.2590600727
-77.492963473	-79.2588130838
-77.486989307	-79.258565979
-77.481015418	-79.2583187581
-77.479688854	-79.2594324128
-77.47371465	-79.2591850497
-77.467740722	-79.2589375706
-77.461767071	-79.2586899754
-77.455793697	-79.2584422642
-77.4498206	-79.2581944371
-77.448490799	-79.2593079568
-77.442517388	-79.2590599874
-77.436544254	-79.258811902
-77.435212992	-79.2599253653
-77.429239544	-79.2596771376
-77.423266373	-79.2594287939
-77.417293481	-79.2591803343
-77.415960166	-79.2602937148
-77.40998696	-79.2600451128
-77.404014031	-79.2597963949
-77.398041382	-79.259547561
-77.39206901	-79.2592986111
-77.386096917	-79.2590495453
-77.384760366	-79.2601627901
-77.378787961	-79.259913582
-77.372815834	-79.2596642579
-77.366843985	-79.2594148178
-77.365505382	-79.2605279795
-77.359533222	-79.2602783971
-77.353561341	-79.2600286988
-77.347589739	-79.2597788846
-77.341618417	-79.2595289544
-77.34027717	-79.2606420063
-77.334305536	-79.2603919338
-77.328334182	-79.2601417453
-77.326991474	-79.2612547403
-77.321019809	-79.2610044094
-77.315048424	-79.2607539627
-77.309077319	-79.2605034
-77.303106495	-79.2602527215
-77.301761143	-79.2613656063
-77.295790008	-79.2611147853
-77.289819154	-79.2608638485
-77.28384858	-79.2606127957
-77.282501176	-79.2617255969
-77.276530293	-79.2614744017
-77.27055969	-79.2612230906
-77.264589369	-79.2609716637
-77.263239913	-79.262084381
-77.257269282	-79.2618328116
-77.255918954	-79.2629454983
-77.249948015	-79.2626937863
-77.243977357	-79.2624419586
-77.242625566	-79.2635545879
-77.2366546	-79.2633026176
-77.230683916	-79.2630505314
-77.224713513	-79.2627983294
-77.22335967	-79.2639108746
-77.21738896	-79.26365853
-77.211418532	-79.2634060696
-77.210063226	-79.2645185573
-77.20409249	-79.2642659543
-77.198122037	-79.2640132355
-77.196765268	-79.2651256656
-77.190794508	-79.2648728042
-77.18482403	-79.2646198269
-77.178853836	-79.2643667339
-77.177495014	-79.2654790796
-77.171524513	-79.2652258439
-77.165554295	-79.2649724924
-77.159584361	-79.2647190251
-77.152253246	-79.2655776762
-77.146283289	-79.2653239505
-77.140313616	-79.265070109
-77.138950689	-79.2661822853
-77.13298071	-79.2659283011
-77.127011016	-79.2656742011
-77.121041606	-79.2654199854
-77.119676626	-79.2665320769
-77.113706911	-79.2662777184
-77.107737481	-79.2660232442
-77.106371037	-79.2671352777
-77.100401302	-79.2668806608
-77.094431852	-79.2666259281
-77.088462687	-79.2663710796
-77.08709419	-79.267483028
-77.081124721	-79.2672280368
-77.075155537	-79.2669729299
-77.073785577	-79.2680848201
-77.067816089	-79.2678295704
-77.061846887	-79.2675742049
-77.060475463	-79.2686860368
-77.054505958	-79.2684305286
-77.048536738	-79.2681749047
-77.042567805	-79.267919165
-77.036599158	-79.2676633096
-77.030630797	-79.2674073385
-77.029256142	-79.2685190308
-77.023287479	-79.2682629168
-77.017319102	-79.2680066872
-77.015942983	-79.269118321
-77.009974304	-79.2688619486
-77.004005912	-79.2686054604
-77.00262833	-79.2697170357
-77.00125046	-79.2708286068
-76.995281178	-79.2705719485
-76.993902432	-79.2716834882
-76.987932848	-79.2714266871
-76.986553226	-79.2725381953
-76.985173317	-79.2736496992
-76.979202843	-79.273392728
-76.977822057	-79.2745042005
-76.976440983	-79.2756156687
-76.975059621	-79.2767271327
-76.969087668	-79.276469964
-76.967705429	-79.2775813965
-76.966322902	-79.2786928247
-76.960350059	-79.2784354857
-76.958966654	-79.2795468823
-76.957582961	-79.2806582747
-76.956198979	-79.2817696628
-76.950224656	-79.2815121262
-76.948839796	-79.2826234827
-76.947454647	-79.283734835
-76.941479434	-79.2834771279
-76.93550451	-79.2832193051
-76.934117893	-79.2843305984
-76.928142669	-79.2840726324
-76.922167734	-79.2838145507
-76.920779648	-79.2849257849
-76.914804413	-79.28466756
-76.900074235	-79.2863730541
-76.894098691	-79.2861144271
-76.892707378	-79.2872255387
-76.886731534	-79.2869667685
-76.879363199	-79.2878189349
-76.873387347	-79.2875599056
-76.871993685	-79.2886709262
-76.866017534	-79.2884117537
-76.860041674	-79.2881524654
-76.858646542	-79.2892634267
-76.852670384	-79.2890039951
-76.851274371	-79.2901149245
-76.845297915	-79.2898553496
-76.83932175	-79.289595659
-76.837924268	-79.2907065289
-76.831947805	-79.290446695
-76.825971634	-79.2901867453
-76.824572682	-79.2912975556
-76.818596213	-79.2910374626
-76.812620037	-79.2907772538
-76.811219614	-79.2918880046
-76.80524314	-79.2916276525
-76.803841836	-79.2927383712
-76.797865066	-79.2924778757
-76.791888588	-79.2922172644
-76.790485813	-79.2933279234
-76.784509039	-79.2930671688
-76.783105382	-79.2941777957
-76.777128312	-79.2939168976
-76.771151534	-79.2936558838
-76.769746407	-79.2947664509
-76.763769333	-79.2945052937
-76.762363323	-79.2956158286
-76.756385954	-79.2953545279
-76.750408878	-79.2950931115
-76.749001397	-79.2962035865
-76.743024026	-79.2959420265
-76.741615661	-79.2970524693
-76.735637995	-79.2967907659
-76.734228748	-79.2979011764
-76.732819206	-79.2990115825
-76.726840656	-79.2987497078
-76.725430231	-79.2998600815
-76.719451387	-79.2995980632
-76.718040078	-79.3007084046
-76.712060939	-79.3004462428
-76.710648746	-79.3015565519
-76.704669312	-79.3012942465
-76.703256236	-79.3024045232
-76.697276508	-79.3021420742
-76.695862547	-79.3032523185
-76.689882525	-79.3029897259
-76.68846768	-79.3040999378
-76.682487364	-79.3038372015
-76.681071634	-79.304947381
-76.679655609	-79.3060575559
-76.673674409	-79.3057946481
-76.672257499	-79.3069047905
-76.666276006	-79.306641739
-76.664858211	-79.3077518489
-76.663440119	-79.3088619543
-76.657457743	-79.3085987311
-76.656038765	-79.309708804
-76.654619491	-79.3108188722
-76.648636233	-79.3105554773
-76.647216073	-79.311665513
-76.645795616	-79.3127755441
-76.639811475	-79.3125119775
-76.638390132	-79.313621976
-76.632405698	-79.3133582655
-76.630983468	-79.3144682314
-76.62956094	-79.3155781927
-76.623575624	-79.3153143103
-76.622152209	-79.3164242389
-76.620728498	-79.3175341629
-76.619304488	-79.3186440823
-76.613317699	-79.31838
-76.611892802	-79.3194898867
-76.610467607	-79.3205997687
-76.604479935	-79.3203355144
-76.603053852	-79.3214453637
-76.60162747	-79.3225552084
-76.60020079	-79.3236650484
-76.594211646	-79.3234005939
-76.592784077	-79.3245104012
-76.59135621	-79.3256202038
-76.585366183	-79.3253555772
-76.583937427	-79.326465347
-76.582508372	-79.3275751121
-76.581079017	-79.3286848726
-76.575087517	-79.3284200456
-76.573657273	-79.3295297732
-76.57222673	-79.3306394962
-76.566234347	-79.3303744969
-76.564802913	-79.331484187
-76.56337118	-79.3325938724
-76.561939148	-79.3337035531
-76.555945291	-79.3334383533
-76.554512368	-79.3345480011
-76.553079144	-79.3356576441
-76.551645621	-79.3367672825
-76.54565029	-79.3365018821
-76.544215875	-79.3376114875
-76.54278116	-79.3387210881
-76.536784946	-79.3384555153
-76.535349339	-79.3395650829
-76.533913432	-79.3406746459
-76.532477224	-79.3417842041
-76.526479536	-79.3415184304
-76.525042435	-79.3426279556
-76.523605033	-79.3437374761
-76.52216733	-79.3448469918
-76.520729327	-79.3459565028
-76.514729571	-79.3456904998
-76.513290674	-79.3467999777
-76.511851476	-79.3479094509
-76.510411976	-79.3490189192
-76.504410745	-79.3487527152
-76.502970351	-79.3498621505
-76.501529655	-79.3509715809
