> -L"antarctic_islands_coastlines"
-60.55767839	-63.6955088648
-60.554045284	-63.6983646092
-60.552834068	-63.6993165084
-60.554979625	-63.6998538895
-60.553768373	-63.7008058031
-60.555914075	-63.7013431717
-60.558059869	-63.7018805059
-60.556848635	-63.7028324559
-60.555637311	-63.7037843982
-60.557783304	-63.7043217421
-60.556571944	-63.7052736987
-60.558718083	-63.7058110302
-60.557506687	-63.7067630011
-60.559652972	-63.7073003203
-60.558441539	-63.7082523055
-60.557230016	-63.709204283
-60.559376501	-63.7097416119
-60.558164942	-63.7106936037
-60.560311573	-63.7112309202
-60.561523077	-63.7102789063
-60.563669744	-63.7108161661
-60.565816502	-63.7113533914
-60.567027806	-63.7104013254
-60.569174599	-63.7109384941
-60.571321484	-63.7114756282
-60.573468459	-63.7120127277
-60.575615524	-63.7125497927
-60.577762681	-63.7130868232
-60.579909929	-63.7136238191
-60.581120812	-63.7126716125
-60.583268096	-63.7132085517
-60.584478834	-63.7122563152
-60.586626153	-63.7127931977
-60.588773563	-63.7133300457
-60.590921064	-63.7138668591
-60.58971049	-63.714819162
-60.591858136	-63.715355963
-60.594005873	-63.7158927294
-60.596153701	-63.7164294613
-60.594943201	-63.7173818228
-60.597091175	-63.7179185422
-60.595880639	-63.7188709181
-60.598028758	-63.7194076251
-60.596818187	-63.7203600153
-60.598966452	-63.7208967099
-60.597755845	-63.7218491144
-60.599904256	-63.7223857965
-60.602052757	-63.722922444
-60.600842169	-63.7238748851
-60.602990816	-63.7244115202
-60.605139555	-63.7249481206
-60.606350033	-63.7239956353
-60.60756042	-63.7230431421
-60.609709138	-63.7235796637
-60.61091938	-63.7226271407
-60.613068134	-63.7231636056
-60.611857948	-63.7241161508
-60.610647671	-63.7250686881
-60.612796626	-63.7256051627
-60.614945673	-63.7261416026
-60.613735415	-63.7270941765
-60.615884607	-63.727630604
-60.614674313	-63.7285831922
-60.613463929	-63.7295357727
-60.615613322	-63.7300722098
-60.614402902	-63.7310248046
-60.613192391	-63.7319773917
-60.611042888	-63.7314409103
-60.609832231	-63.7323934674
-60.607682764	-63.7318569293
-60.608621483	-63.7333460168
-60.607410645	-63.7342985584
-60.609560313	-63.7348351062
-60.608349439	-63.7357876622
-60.610499253	-63.7363241975
-60.612649158	-63.7368606982
-60.611438303	-63.7378132907
-60.613588354	-63.738349779
-60.615738496	-63.7388862326
-60.61452766	-63.7398388615
-60.616677948	-63.7403753027
-60.618828327	-63.7409117092
-60.61761751	-63.7418643747
-60.619768035	-63.7424007687
-60.621918651	-63.7429371281
-60.620707854	-63.7438898301
-60.622858616	-63.744426177
-60.625009468	-63.7449624893
-60.623798691	-63.7459152278
-60.625949689	-63.7464515275
-60.628100779	-63.7469877927
-60.626890021	-63.7479405677
-60.629041257	-63.7484768203
-60.631192583	-63.7490130383
-60.633344001	-63.7495492216
-60.635495509	-63.7500853703
-60.636706047	-63.7491325068
-60.638857591	-63.7496685987
-60.640067982	-63.7487157052
-60.642219562	-63.7492517403
-60.644371233	-63.7497877408
-60.645581423	-63.7488347953
-60.647733129	-63.749370739
-60.648943173	-63.7484177636
-60.651094915	-63.7489536505
-60.653246748	-63.7494895027
-60.65445659	-63.7485364754
-60.656608458	-63.7490722708
-60.658760418	-63.7496080315
-60.657550686	-63.7505611031
-60.659702792	-63.7510968513
-60.658493024	-63.7520499373
-60.660645276	-63.752585673
-60.659435473	-63.7535387733
-60.658225579	-63.754491866
-60.656073217	-63.7539560861
-60.654863177	-63.7549091488
-60.65271085	-63.7543733121
-60.651500664	-63.7553263449
-60.650290387	-63.7562793701
-60.649080019	-63.7572323874
-60.651232511	-63.7577682905
-60.653385095	-63.758304159
-60.652174746	-63.7592572128
-60.650964307	-63.7602102589
-60.653117092	-63.760746137
-60.651906617	-63.7616991975
-60.650696051	-63.7626522502
-60.652849038	-63.7631881378
-60.651638436	-63.7641412049
-60.650427743	-63.7650942643
-60.652580931	-63.7656301615
-60.654734211	-63.766166024
-60.656887581	-63.7667018519
-60.659041043	-63.767237645
-60.663348238	-63.7683091272
-60.662137787	-63.7692623116
-60.664291577	-63.7697980228
-60.666445457	-63.7703336993
-60.665235026	-63.7712869202
-60.667389053	-63.7718225841
-60.666178585	-63.7727758195
-60.668332759	-63.7733114708
-60.667122256	-63.7742647205
-60.665911662	-63.7752179625
-60.663757378	-63.7746822669
-60.662546637	-63.775635479
-60.660392388	-63.7750997265
-60.659181501	-63.7760529087
-60.657970524	-63.7770060831
-60.656759454	-63.7779592497
-60.65460513	-63.7774233961
-60.653393915	-63.7783765328
-60.652182608	-63.7793296618
-60.650971211	-63.780282783
-60.649759722	-63.7812358964
-60.651914267	-63.7817718387
-60.654068904	-63.7823077462
-60.656223632	-63.782843619
-60.657434954	-63.7818904391
-60.659589718	-63.782426255
-60.661744572	-63.7829620362
-60.663899518	-63.7834977827
-60.666054555	-63.7840334945
-60.668209683	-63.7845691715
-60.670364902	-63.7851048138
-60.672520212	-63.7856404213
-60.673731055	-63.7846870786
-60.675886401	-63.7852226293
-60.677097098	-63.7842692567
-60.679252479	-63.7848047505
-60.681407951	-63.7853402095
-60.680197366	-63.7862936264
-60.682352984	-63.7868290728
-60.681142363	-63.7877825041
-60.683298129	-63.788317938
-60.685453986	-63.7888533371
-60.684243384	-63.7898068049
-60.686399388	-63.7903421914
-60.685188751	-63.7912956736
-60.687344901	-63.7918310475
-60.686134229	-63.7927845441
-60.688290525	-63.7933199053
-60.690446913	-63.7938552318
-60.689236261	-63.794808765
-60.688025517	-63.7957622904
-60.690182107	-63.7962976264
-60.688971328	-63.7972511662
-60.691128065	-63.7977864896
-60.689917251	-63.7987400439
-60.692074134	-63.7992753546
-60.690863284	-63.8002289233
-60.693020314	-63.8007642214
-60.691809429	-63.8017178044
-60.693966606	-63.80225309
-60.692755685	-63.8032066874
-60.694913009	-63.8037419603
-60.693702052	-63.8046955721
-60.692491004	-63.8056491762
-60.691279865	-63.8066027725
-60.690068634	-63.807556361
-60.688857312	-63.8085099418
-60.691015006	-63.8090452907
-60.689803649	-63.8099988859
-60.691961489	-63.8105342222
-60.69411942	-63.8110695236
-60.697488634	-63.8106511286
-60.698699733	-63.8096974592
-60.700857735	-63.8102326468
-60.703015829	-63.8107677995
-60.701804842	-63.8117215133
-60.703963082	-63.8122566534
-60.706121414	-63.8127917587
-60.704910447	-63.813745509
-60.707068926	-63.8142806017
-60.709227496	-63.8148156595
-60.708016549	-63.8157694464
-60.70680551	-63.8167232255
-60.705594381	-63.8176769969
-60.70438316	-63.8186307605
-60.703171847	-63.8195845163
-60.701012998	-63.8190493477
-60.699801539	-63.8200030736
-60.698589988	-63.8209567918
-60.697378346	-63.8219105023
-60.696166613	-63.8228642049
-60.694954788	-63.8238178999
-60.693742873	-63.824771587
-60.692530865	-63.8257252664
-60.690371717	-63.8251899078
-60.689159563	-63.8261435572
-60.691318767	-63.826678938
-60.690106577	-63.8276326018
-60.688894295	-63.8285862579
-60.691053701	-63.8291216483
-60.689841385	-63.8300753187
-60.688628976	-63.8310289814
-60.687416476	-63.8319826364
-60.686203885	-63.8329362836
-60.684991202	-63.8338899229
-60.683778428	-63.8348435546
-60.681618688	-63.8343080312
-60.680405767	-63.8352616328
-60.678246061	-63.8347260524
-60.677032993	-63.8356796241
-60.675819833	-63.836633188
-60.673660108	-63.8360975284
-60.672446801	-63.8370510623
-60.670287112	-63.8365153457
-60.669073658	-63.8374688496
-60.666914004	-63.836933076
-60.664754442	-63.8363972675
-60.663540785	-63.8373507193
-60.661381259	-63.8368148538
-60.660167455	-63.8377682756
-60.658953559	-63.8387216896
-60.657739572	-63.8396750958
-60.656525493	-63.8406284941
-60.658685242	-63.8411644484
-60.660845082	-63.8417003678
-60.659631023	-63.8426538028
-60.661791011	-63.8431897096
-60.66395109	-63.8437255816
-60.662737051	-63.8446790532
-60.66152292	-63.8456325169
-60.663683203	-63.8461683985
-60.662469036	-63.8471218767
-60.664629466	-63.8476577456
-60.663415263	-63.8486112382
-60.66220097	-63.8495647229
-60.660986584	-63.8505181999
-60.659772107	-63.8514716691
-60.658557538	-63.8524251304
-60.65639683	-63.8518891504
-60.655182114	-63.8528425818
-60.653967307	-63.8537960053
-60.652752407	-63.854749421
-60.650591624	-63.8542133396
-60.649376577	-63.8551667252
-60.647215829	-63.8546305867
-60.646000635	-63.8555839424
-60.643839924	-63.8550477469
-60.642624582	-63.8560010725
-60.641409149	-63.8569543902
-60.639248417	-63.8564181154
-60.638032837	-63.8573714032
-60.635872142	-63.8568350713
-60.634656414	-63.857788329
-60.632495754	-63.8572519401
-60.630335186	-63.8567155164
-60.629119255	-63.8576687218
-60.627903233	-63.8586219193
-60.630063912	-63.8591583875
-60.632224683	-63.8596948209
-60.634385546	-63.8602312194
-60.6365465	-63.8607675831
-60.638707546	-63.861303912
-60.640868684	-63.861840206
-60.643029914	-63.8623764652
-60.644245546	-63.8614231121
-60.646406812	-63.8619593142
-60.647622297	-63.861005931
-60.649783598	-63.8615420761
-60.651944991	-63.8620781863
-60.650729618	-63.863031614
-60.652891158	-63.8635677116
-60.651675749	-63.8645211536
-60.653837437	-63.8650572386
-60.652621991	-63.866010695
-60.654783827	-63.8665467674
-60.653568345	-63.8675002382
-60.652352772	-63.8684537012
-60.654514811	-63.8689897832
-60.653299202	-63.8699432606
-60.655461388	-63.8704793299
-60.657623666	-63.8710153644
-60.656408077	-63.8719688785
-60.658570503	-63.8725049003
-60.66073302	-63.8730408872
-60.662895629	-63.8735768393
-60.66505833	-63.8741127565
-60.666273696	-63.8731591536
-60.668436433	-63.8736950137
-60.669651652	-63.8727413807
-60.670866778	-63.8717877399
-60.673029495	-63.8723235207
-60.675192304	-63.8728592666
-60.676407227	-63.8719055736
-60.678570072	-63.8724412624
-60.680733008	-63.8729769163
-60.679518196	-63.8739306538
-60.68168128	-63.8744662951
-60.680466433	-63.875420047
-60.682629664	-63.8759556756
-60.681414781	-63.8769094419
-60.680199807	-63.8778632004
-60.682363242	-63.8783988385
-60.681148231	-63.8793526115
-60.683311814	-63.8798882369
-60.682096767	-63.8808420243
-60.683994176	-63.8838208551
-60.682778966	-63.8847746634
-60.684943048	-63.8853102731
-60.687107221	-63.8858458479
-60.685892032	-63.8867996928
-60.688056353	-63.8873352549
-60.690220766	-63.8878707821
-60.691435844	-63.8869168926
-60.693600293	-63.8874523626
-60.695764834	-63.8879877977
-60.696979708	-63.8870338561
-60.699144285	-63.887569234
-60.701308953	-63.8881045771
-60.702523623	-63.8871505831
-60.704688327	-63.887685869
-60.706853123	-63.88822112
-60.70806759	-63.8872670738
-60.710232421	-63.8878022677
-60.712397345	-63.8883374266
-60.71456236	-63.8888725505
-60.716727467	-63.8894076395
-60.717941617	-63.8884534968
-60.72010676	-63.8889885286
-60.722271994	-63.8895235256
-60.72443732	-63.8900584875
-60.723223339	-63.891012697
-60.725388813	-63.8915476462
-60.724174795	-63.8925018701
-60.722960686	-63.8934560861
-60.721746485	-63.8944102944
-60.720532192	-63.8953644949
-60.722697982	-63.8958994981
-60.721483653	-63.896853713
-60.720269233	-63.8978079201
-60.722435228	-63.8983429328
-60.724601314	-63.8988779104
-60.723386914	-63.8998321542
-60.725553148	-63.9003671192
-60.727719474	-63.9009020491
-60.729885892	-63.9014369441
-60.728671569	-63.9023912468
-60.730838135	-63.902926129
-60.729623776	-63.9038804461
-60.73179049	-63.9044153156
-60.730576095	-63.9053696471
-60.729361609	-63.9063239709
-60.731528527	-63.9068588498
-60.733695537	-63.9073936938
-60.735862639	-63.9079285028
-60.738029833	-63.9084632768
-60.740197119	-63.9089980158
-60.741411324	-63.908043581
-60.742625437	-63.9070891384
-60.744792702	-63.907623798
-60.746960059	-63.9081584227
-60.749127508	-63.9086930123
-60.751295048	-63.9092275669
-60.752508845	-63.9082730277
-60.753722549	-63.9073184807
-60.754936162	-63.9063639259
-60.75276879	-63.9058294379
-60.753982368	-63.9048748976
-60.751815144	-63.9043403968
-60.753028686	-63.9033858709
-60.754242136	-63.9024313373
-60.752075116	-63.9018968459
-60.753288531	-63.9009423267
-60.75112166	-63.9004078225
-60.74895488	-63.8998732834
-60.750168315	-63.8989188009
-60.748001684	-63.898384249
-60.749215083	-63.8974297808
-60.750428391	-63.8964753049
-60.748261964	-63.8959407624
-60.749475236	-63.894986301
-60.747308957	-63.8944517457
-60.748522194	-63.8934972987
-60.749735339	-63.8925428439
-60.750948392	-63.8915883814
-60.752161354	-63.8906339111
-60.749995391	-63.8900994097
-60.74782952	-63.8895648733
-60.749042502	-63.8886104396
-60.746876779	-63.8880758905
-60.748089726	-63.8871214712
-60.749302581	-63.8861670442
-60.751468192	-63.886701549
-60.752680899	-63.885747092
-60.754846545	-63.8862815396
-60.756059105	-63.8853270527
-60.758224786	-63.8858614432
-60.76039056	-63.8863957986
-60.762556425	-63.8869301192
-60.764722381	-63.8874644047
-60.765934624	-63.8865098213
-60.768100616	-63.8870440497
-60.769312711	-63.8860894363
-60.771478739	-63.8866236076
-60.773644858	-63.8871577438
-60.775811069	-63.8876918451
-60.777977371	-63.8882259114
-60.780143765	-63.8887599427
-60.778931951	-63.889714667
-60.781098493	-63.8902486855
-60.783265127	-63.890782669
-60.785431852	-63.8913166175
-60.787598669	-63.891850531
-60.788810258	-63.890895718
-60.79097711	-63.8914295744
-60.793144054	-63.8919633957
-60.794355438	-63.8910085307
-60.796522417	-63.8915422948
-60.798689488	-63.892076024
-60.797478216	-63.8930309334
-60.799645435	-63.8935646497
-60.801812746	-63.8940983311
-60.803980148	-63.8946319774
-60.802768954	-63.8955869456
-60.804936504	-63.8961205791
-60.803725275	-63.8970755618
-60.805892973	-63.8976091824
-60.804681708	-63.8985641795
-60.806849555	-63.8990977873
-60.805638255	-63.9000527989
-60.807806249	-63.9005863939
-60.806594914	-63.9015414199
-60.807806249	-63.9005863939
-60.809974335	-63.9011199538
-60.812142513	-63.9016534786
-60.813353643	-63.9006984005
-60.815521856	-63.9012318682
-60.81769016	-63.9017653008
-60.816479143	-63.9027204233
-60.818647596	-63.9032538431
-60.817436543	-63.90420898
-60.816225399	-63.9051641092
-60.815014163	-63.9061192307
-60.817182876	-63.906652682
-60.815971605	-63.907607818
-60.814760242	-63.9085629462
-60.813548788	-63.9095180667
-60.812337242	-63.9104731795
-60.811125603	-63.9114282846
-60.813294691	-63.9119618117
-60.812083018	-63.9129169312
-60.809913874	-63.9123833819
-60.808702052	-63.9133384715
-60.807490139	-63.9142935534
-60.806278134	-63.9152486276
-60.808447447	-63.9157822434
-60.807235407	-63.9167373321
-60.806023275	-63.9176924129
-60.808192794	-63.9182260381
-60.810362404	-63.9187596283
-60.812532106	-63.9192931834
-60.8147019	-63.9198267034
-60.815913806	-63.9188715338
-60.818083636	-63.9194049966
-60.819295393	-63.918449797
-60.821465258	-63.9189832026
-60.822676867	-63.9180279731
-60.824846767	-63.9185613214
-60.826058228	-63.917606062
-60.827269598	-63.9166507949
-60.828480875	-63.9156955201
-60.829692061	-63.9147402376
-60.830903155	-63.9137849474
-60.828733538	-63.91325171
-60.829944597	-63.9122964342
-60.827775128	-63.9117631839
-60.828986152	-63.9108079226
-60.826816832	-63.9102746595
-60.82802782	-63.9093194126
-60.829238717	-63.9083641581
-60.830449523	-63.9074088958
-60.832618674	-63.9079420924
-60.833829331	-63.9069868003
-60.835039896	-63.9060315004
-60.83625037	-63.9050761929
-60.837460752	-63.9041208776
-60.838671042	-63.9031655547
-60.839881241	-63.902210224
-60.842050144	-63.9027432525
-60.844219139	-63.903276246
-60.846388225	-63.9038092045
-60.848557404	-63.9043421279
-60.850726673	-63.9048750162
-60.849516757	-63.9058304576
-60.851686175	-63.906363333
-60.850476224	-63.907318789
-60.85264579	-63.9078516515
-60.854815448	-63.9083844789
-60.856985197	-63.9089172713
-60.859155038	-63.9094500285
-60.861324971	-63.9099827507
-60.863494995	-63.9105154378
-60.864704606	-63.9095598489
-60.866874666	-63.9100924788
-60.868084129	-63.90913686
-60.870254223	-63.9096694326
-60.872424409	-63.9102019701
-60.873633667	-63.9092462994
-60.875803888	-63.9097787797
-60.877012997	-63.9088230791
-60.879183253	-63.9093555021
-60.880392214	-63.9083997717
-60.878222016	-63.9078673708
-60.879430942	-63.9069116549
-60.877260891	-63.9063792411
-60.878469783	-63.9054235397
-60.879678583	-63.9044678305
-60.881848521	-63.9050002001
-60.883057173	-63.9040444611
-60.885227145	-63.9045767734
-60.886435648	-63.9036210047
-60.888605655	-63.9041532597
-60.889814011	-63.9031974612
-60.891984053	-63.903729659
-60.89319226	-63.9027738307
-60.895362337	-63.9033059712
-60.896570396	-63.9023501131
-60.897778363	-63.9013942473
-60.898986239	-63.9004383738
-60.900194023	-63.8994824927
-60.901401717	-63.898526604
-60.899231923	-63.8979945741
-60.897062222	-63.8974625091
-60.894892612	-63.896930409
-60.892723093	-63.8963982738
-60.893930921	-63.895442466
-60.891761551	-63.8949103178
-60.889592272	-63.8943781346
-60.887423084	-63.8938459163
-60.886215086	-63.8948016578
-60.884045933	-63.8942693823
-60.881876872	-63.8937370717
-60.880668668	-63.8946927613
-60.878499642	-63.8941603935
-60.876330707	-63.8936279906
-60.874161863	-63.8930955527
-60.875370236	-63.8921399295
-60.873201541	-63.8916074787
-60.874409879	-63.89065187
-60.875618126	-63.8896962537
-60.873449635	-63.8891638121
-60.871281236	-63.8886313354
-60.869112928	-63.8880988236
-60.866944711	-63.8875662768
-60.868153093	-63.8866107414
-60.865985025	-63.8860781816
-60.863817048	-63.8855455869
-60.865025451	-63.884590088
-60.862857622	-63.8840574804
-60.86406599	-63.883101996
-60.861898309	-63.8825693754
-60.863106642	-63.8816139055
-60.860939109	-63.881081272
-60.862147408	-63.8801258166
-60.859980023	-63.8795931702
-60.861188286	-63.8786377293
-60.862396458	-63.8776822807
-60.860229278	-63.8771496435
-60.861437415	-63.8761942094
-60.862645461	-63.8752387676
-60.860478484	-63.8747061396
-60.861686495	-63.8737507123
-60.862894415	-63.8727952773
-60.860727643	-63.8722626586
-60.861935528	-63.8713072381
-60.863143321	-63.8703518098
-60.860976753	-63.8698192004
-60.862184512	-63.8688637866
-60.863392179	-63.8679083652
-60.864599755	-63.8669529362
-60.862433448	-63.8664203581
-60.863640989	-63.8654649435
-60.864848438	-63.8645095212
-60.866055797	-63.8635540913
-60.868221934	-63.864086603
-60.869429145	-63.8631311434
-60.870636264	-63.862175676
-60.87280238	-63.8627081085
-60.874968588	-63.8632405059
-60.877134886	-63.8637728684
-60.875927936	-63.8647284021
-60.878094382	-63.8652607516
-60.88026092	-63.8657930661
-60.882427549	-63.8663253456
-60.884594269	-63.8668575901
-60.885800993	-63.8659019679
-60.887007625	-63.8649463381
-60.889174324	-63.8654785033
-60.890380809	-63.8645228438
-60.889420617	-63.8630350556
-60.890626976	-63.8620794029
-60.888460538	-63.861547269
-60.889666862	-63.8605916308
-60.887500573	-63.860059484
-60.888706862	-63.8591038602
-60.88654072	-63.8585717005
-60.887746975	-63.8576160912
-60.888953138	-63.8566604743
-60.890159211	-63.8557048497
-60.892325183	-63.8562369431
-60.893531108	-63.8552812888
-60.894736942	-63.8543256269
-60.896902892	-63.8548576411
-60.898108578	-63.8539019495
-60.899314173	-63.8529462502
-60.901480102	-63.8534781852
-60.903646122	-63.8540100851
-60.907017567	-63.8535861769
-60.909183713	-63.8541179847
-60.911349949	-63.8546497575
-60.912555079	-63.8536939325
-60.914721351	-63.8542256482
-60.915926333	-63.8532697935
-60.918092639	-63.853801452
-60.919297473	-63.8528455677
-60.921463814	-63.8533771691
-60.923630245	-63.8539087354
-60.925796768	-63.8544402668
-60.927963382	-63.8549717631
-60.926758774	-63.8559277358
-60.928925536	-63.8564592191
-60.931092388	-63.8569906674
-60.933259332	-63.8575220806
-60.935426367	-63.8580534588
-60.936630748	-63.8570973977
-60.938797818	-63.8576287187
-60.940964978	-63.8581600047
-60.94313223	-63.8586912556
-60.94433635	-63.8577351207
-60.946503636	-63.8582663145
-60.948671013	-63.8587974732
-60.950838481	-63.8593285968
-60.953006041	-63.8598596854
-60.954209843	-63.8589034546
-60.956377437	-63.859434486
-60.958545122	-63.8599654823
-60.960712897	-63.8604964436
-60.962880764	-63.8610273697
-60.965048722	-63.8615582608
-60.967216771	-63.8620891168
-60.969384911	-63.8626199378
-60.971553142	-63.8631507236
-60.973721465	-63.8636814743
-60.975889878	-63.8642121899
-60.978058382	-63.8647428705
-60.979261469	-63.8637863893
-60.981430008	-63.8643170127
-60.982632947	-63.8633605019
-60.983835796	-63.8624039836
-60.985038553	-63.8614474577
-60.987207012	-63.8619779798
-60.988409621	-63.8610214243
-60.986241219	-63.8604909243
-60.984072907	-63.8599603891
-60.981904687	-63.8594298189
-60.979736558	-63.8588992136
-60.97756852	-63.8583685732
-60.975400572	-63.8578378977
-60.973232716	-63.8573071871
-60.974435632	-63.8563507785
-60.972267923	-63.8558200549
-60.970100306	-63.8552892962
-60.971303244	-63.8543329241
-60.969135775	-63.8538021524
-60.970338679	-63.8528457948
-60.971541492	-63.8518894296
-60.969374227	-63.851358667
-60.970577005	-63.8504023163
-60.968409888	-63.8498715406
-60.966242862	-63.8493407299
-60.964075926	-63.8488098841
-60.961909081	-63.8482790032
-60.963111996	-63.8473227332
-60.96431482	-63.8463664556
-60.965517552	-63.8454101705
-60.966720194	-63.8444538778
-60.967922745	-63.8434975775
-60.969125205	-63.8425412697
-60.971291709	-63.8430720182
-60.969125205	-63.8425412697
-60.970327574	-63.8415849543
-60.971529852	-63.8406286313
-60.973696243	-63.8411593357
-60.974898373	-63.8402029831
-60.976100413	-63.839246623
-60.973934135	-63.8387159627
-60.972732039	-63.8396723008
-60.970565796	-63.8391415833
-60.969363552	-63.8400978918
-60.967197343	-63.8395671173
-60.965994951	-63.8405233961
-60.963828776	-63.8399925645
-60.962626237	-63.8409488138
-60.960460097	-63.840417925
-60.95925741	-63.8413741446
-60.957091304	-63.8408431988
-60.95588847	-63.8417993888
-60.953722398	-63.8412683858
-60.952519416	-63.8422245462
-60.950353378	-63.8416934861
-60.949150249	-63.8426496168
-60.947947029	-63.84360574
-60.946743717	-63.8445618555
-60.944577601	-63.8440306942
-60.943374142	-63.8449867802
-60.94120806	-63.8444555617
-60.940004453	-63.845411618
-60.938800756	-63.8463676667
-60.936634652	-63.8458363691
-60.935430806	-63.8467923881
-60.93422687	-63.8477483995
-60.932060744	-63.8472170228
-60.93085666	-63.8481730045
-60.928690568	-63.8476415706
-60.927486337	-63.8485975227
-60.926282014	-63.8495534672
-60.9241159	-63.8490219541
-60.92291143	-63.8499778689
-60.92074535	-63.8494462987
-60.919540732	-63.8504021838
-60.917374687	-63.8498705565
-60.915208733	-63.8493388942
-60.91304287	-63.8488071968
-60.914247657	-63.8478513779
-60.912081942	-63.8473196676
-60.909916318	-63.8467879223
-60.907750784	-63.8462561419
-60.905585342	-63.8457243266
-60.904380329	-63.8466800571
-60.902214921	-63.8461481846
-60.900049604	-63.8456162771
-60.898844387	-63.8465719559
-60.896679105	-63.8460399913
-60.894513914	-63.8455079917
-60.893308493	-63.8464636186
-60.891143337	-63.8459315619
-60.889937768	-63.8468871591
-60.887772646	-63.8463550453
-60.88656693	-63.8473106128
-60.884401843	-63.8467784419
-60.882236847	-63.846246236
-60.880071943	-63.8457139951
-60.881277828	-63.8447584939
-60.879113071	-63.8442262402
-60.880318923	-63.8432707535
-60.881524683	-63.8423152591
-60.882730352	-63.8413597571
-60.880565855	-63.8408275346
-60.878401449	-63.8402952772
-60.877195668	-63.841250735
-60.875031297	-63.8407184204
-60.872867017	-63.8401860709
-60.870702828	-63.8396536864
-60.868538731	-63.8391212669
-60.867580788	-63.8376334651
-60.865416929	-63.8371009978
-60.866622957	-63.8361456649
-60.864459246	-63.8356131847
-60.862295625	-63.8350806695
-60.863501676	-63.8341253732
-60.861338203	-63.8335928452
-60.859174821	-63.8330602822
-60.85701153	-63.8325276842
-60.85484833	-63.8319950513
-60.856054514	-63.8310398358
-60.853891462	-63.83050719
-60.8517285	-63.8299745093
-60.852934706	-63.8290193303
-60.850771892	-63.8284866367
-60.848609169	-63.8279539082
-60.846446537	-63.8274211448
-60.845240162	-63.8283762574
-60.844033696	-63.8293313625
-60.841871043	-63.8287985199
-60.839708481	-63.8282656423
-60.838501811	-63.8292206955
-60.836339284	-63.8286877609
-60.835132467	-63.8296427843
-60.83392556	-63.8305978
-60.832718561	-63.8315528081
-60.831511471	-63.8325078086
-60.833674223	-63.8330408316
-60.832467099	-63.8339958464
-60.831259883	-63.8349508537
-60.833422838	-63.835483886
-60.832215588	-63.8364389076
-60.830052576	-63.8359058532
-60.828845177	-63.8368608451
-60.8266822	-63.8363277336
-60.825474655	-63.8372826957
-60.823311713	-63.8367495272
-60.82210402	-63.8377044595
-60.820896235	-63.8386593841
-60.818733272	-63.8381261364
-60.81752534	-63.8390810312
-60.815362412	-63.8385477265
-60.813199575	-63.8380143868
-60.811036829	-63.8374810121
-60.809828638	-63.8384358329
-60.807665927	-63.8379024012
-60.806457588	-63.8388571922
-60.804294913	-63.8383237035
-60.802132328	-63.8377901798
-60.800923786	-63.8387449188
-60.798761236	-63.8382113381
-60.796598778	-63.8376777225
-60.797807433	-63.8367230277
-60.795645122	-63.8361893993
-60.793482902	-63.835655736
-60.794691577	-63.8347010778
-60.792529505	-63.8341674016
-60.793738145	-63.8332127579
-60.79157622	-63.832679069
-60.792784825	-63.8317244397
-60.79157622	-63.832679069
-60.792784825	-63.8317244397
-60.790623048	-63.831190738
-60.788461361	-63.8306570014
-60.789669987	-63.8297024087
-60.790878522	-63.8287478082
-60.788717039	-63.828214081
-60.786555647	-63.8276803189
-60.787764203	-63.826725755
-60.785602958	-63.8261919802
-60.783441804	-63.8256581704
-60.781280741	-63.8251243258
-60.780072018	-63.8260788232
-60.77791099	-63.8255449216
-60.776702119	-63.8264993892
-60.774541127	-63.8259654306
-60.772380226	-63.825431437
-60.771171152	-63.8263858527
-60.769010286	-63.8258518021
-60.766849512	-63.8253177166
-60.768058698	-63.8243633452
-60.76589807	-63.823829247
-60.763737534	-63.8232951139
-60.764946741	-63.8223407791
-60.762786352	-63.8218066333
-60.760626054	-63.8212724526
-60.763995524	-63.8208523129
-60.765204604	-63.8198979847
-60.766413593	-63.8189436489
-60.768573815	-63.8194777283
-60.769782657	-63.8185233626
-60.771942913	-63.819057385
-60.773151608	-63.8181029895
-60.774360212	-63.8171485863
-60.772200068	-63.8166146081
-60.773408636	-63.8156602193
-60.771248639	-63.8151262284
-60.772457173	-63.8141718541
-60.770297322	-63.8136378504
-60.771505821	-63.8126834905
-60.769346117	-63.8121494742
-60.767186505	-63.8116154229
-60.765026984	-63.8110813369
-60.762867554	-63.810547216
-60.761916902	-63.8090588032
-60.763125497	-63.8081045385
-60.764334002	-63.8071502661
-60.765542415	-63.806195986
-60.766750738	-63.8052416981
-60.764591769	-63.8047076181
-60.765800057	-63.8037533448
-60.767958969	-63.8042874026
-60.76916711	-63.8033330994
-60.771326057	-63.8038671004
-60.773485096	-63.8044010664
-60.775644226	-63.8049349976
-60.776852108	-63.8039806204
-60.778059898	-63.8030262355
-60.779267598	-63.8020718429
-60.777108636	-63.801537978
-60.7783163	-63.8005835998
-60.779523874	-63.7996292139
-60.777365114	-63.7990953584
-60.778572653	-63.798140987
-60.77641404	-63.7976071187
-60.774255519	-63.7970732157
-60.775463078	-63.7961188807
-60.777621543	-63.7966527617
-60.7797801	-63.7971866078
-60.780987456	-63.796232221
-60.783146048	-63.7967660102
-60.785304731	-63.7972997645
-60.786511884	-63.7963453258
-60.788670602	-63.7968790232
-60.789877609	-63.7959245548
-60.791084525	-63.7949700786
-60.79229135	-63.7940155948
-60.793498084	-63.7930611033
-60.79133959	-63.7925274943
-60.792546288	-63.7915730172
-60.793752896	-63.7906185325
-60.795911279	-63.7911520973
-60.79711774	-63.7901975828
-60.798324111	-63.7892430606
-60.800482472	-63.7897765464
-60.801688695	-63.7888219945
-60.802894828	-63.7878674349
-60.805053169	-63.7884008416
-60.806259155	-63.7874462523
-60.80746505	-63.7864916554
-60.808670854	-63.7855370507
-60.809876567	-63.7845824384
-60.808924129	-63.7830945222
-60.810129716	-63.7821399167
-60.809177355	-63.7806520165
-60.810382817	-63.7796974178
-60.808225105	-63.7791641181
-60.809430532	-63.7782095338
-60.807272967	-63.7776762213
-60.808478359	-63.7767216514
-60.806320941	-63.7761883262
-60.807526298	-63.7752337708
-60.805369027	-63.7747004327
-60.806574349	-63.7737458918
-60.804417224	-63.773212541
-60.80226019	-63.7726791554
-60.803465533	-63.7717246509
-60.801308646	-63.7711912526
-60.802513954	-63.7702367626
-60.803719172	-63.7692822648
-60.804924298	-63.7683277595
-60.806129335	-63.7673732465
-60.803972761	-63.7668399016
-60.805177762	-63.7658854031
-60.803021335	-63.7653520455
-60.800864999	-63.7648186531
-60.802070021	-63.763864191
-60.799913831	-63.7633307859
-60.797757732	-63.762797346
-60.795601724	-63.7622638713
-60.796806823	-63.7613094678
-60.794650961	-63.7607759803
-60.795856025	-63.7598215913
-60.797060998	-63.7588671945
-60.798265881	-63.7579127901
-60.799470673	-63.7569583781
-60.800675374	-63.7560039584
-60.798519882	-63.7554705465
-60.799724548	-63.7545161413
-60.797569202	-63.7539827167
-60.795413946	-63.7534492573
-60.793258782	-63.7529157631
-60.791103708	-63.7523822341
-60.789898818	-63.7533365511
-60.787743779	-63.7528029653
-60.78558883	-63.7522693447
-60.784383739	-63.7532236099
-60.782228825	-63.7526899325
-60.780074002	-63.7521562203
-60.77791927	-63.7516224734
-60.776713921	-63.7525766647
-60.774559223	-63.7520428609
-60.772404617	-63.7515090223
-60.771199066	-63.7524631619
-60.769044494	-63.7519292665
-60.766890013	-63.7513953363
-60.76568426	-63.752349424
-60.763529814	-63.751815437
-60.762323914	-63.752769495
-60.760169503	-63.7522354512
-60.758015183	-63.7517013726
-60.756809082	-63.7526553787
-60.754654797	-63.7521212433
-60.753448549	-63.7530752197
-60.751294299	-63.7525410275
-60.74914014	-63.7520068005
-60.74793369	-63.752960725
-60.745779566	-63.7524264412
-60.743625532	-63.7518921226
-60.74147159	-63.7513577693
-60.739317737	-63.7508233813
-60.737163976	-63.7502889585
-60.735010306	-63.749754501
-60.733803432	-63.7507082853
-60.731649796	-63.750173771
-60.730442777	-63.7511275255
-60.728289176	-63.7505929544
-60.72708201	-63.7515466791
-60.725874753	-63.7525003962
-60.723721133	-63.7519657461
-60.72251373	-63.7529194334
-60.720360144	-63.7523847265
-60.71820665	-63.7518499849
-60.716999045	-63.7528036202
-60.714845586	-63.7522688218
-60.713637835	-63.7532224273
-60.712429993	-63.7541760252
-60.710276513	-63.7536411478
-60.709068525	-63.7545947159
-60.706915081	-63.7540597817
-60.704761728	-63.7535248128
-60.702608466	-63.7529898092
-60.70381662	-63.7520363075
-60.701663504	-63.7515012912
-60.699510479	-63.7509662403
-60.700718654	-63.7500127751
-60.701926738	-63.7490593022
-60.703134731	-63.7481058215
-60.704342633	-63.7471523332
-60.705550445	-63.7461988371
-60.703397788	-63.745663862
-60.704605564	-63.7447103803
-60.702453053	-63.7441753926
-60.703660793	-63.7432219253
-60.701508429	-63.742686925
-60.702716134	-63.7417334721
-60.700563915	-63.7411984593
-60.701771585	-63.7402450208
-60.699619513	-63.7397099953
-60.700827147	-63.7387565712
-60.698675221	-63.7382215331
-60.69988282	-63.7372681234
-60.69773104	-63.7367330727
-60.69557935	-63.7361979874
-60.69342775	-63.7356628674
-60.692219985	-63.7366162108
-60.690068421	-63.736081034
-60.687916948	-63.7355458226
-60.685765565	-63.7350105765
-60.686973497	-63.7340572993
-60.689124824	-63.7345925234
-60.69033261	-63.7336392164
-60.691540304	-63.7326859018
-60.692747909	-63.7317325794
-60.690596748	-63.7311974217
-60.691804316	-63.7302441137
-60.689653301	-63.7297089434
-60.687502377	-63.7291737384
-60.685351543	-63.7286384988
-60.6832008	-63.7281032245
-60.681050147	-63.7275679156
-60.682257902	-63.7266147104
-60.683465566	-63.7256614974
-60.682522743	-63.7241729995
-60.680372437	-63.7236376876
-60.679164753	-63.724590864
-60.677014483	-63.7240554953
-60.674864304	-63.723520092
-60.673656419	-63.7244732165
-60.671506275	-63.7239377564
-60.669356222	-63.7234022617
-60.667206259	-63.7228667323
-60.665056387	-63.7223311684
-60.666264493	-63.7213781322
-60.667472508	-63.7204250884
-60.668680432	-63.7194720368
-60.670830139	-63.7200075345
-60.672037917	-63.7190544531
-60.673245605	-63.718101364
-60.675395292	-63.7186367828
-60.676602834	-63.7176836639
-60.677810286	-63.7167305373
-60.679959953	-63.7172658773
-60.681167258	-63.7163127209
-60.683316961	-63.7168480042
-60.68452412	-63.715894818
-60.68573119	-63.714941624
-60.687880872	-63.7154768285
-60.689087796	-63.7145236048
-60.691237514	-63.7150587526
-60.690030645	-63.7160119984
-60.688823686	-63.7169652365
-60.687616637	-63.717918467
-60.689766611	-63.7184536464
-60.688559526	-63.7194068912
-60.690709646	-63.719942058
-60.689502526	-63.7208953172
-60.691652791	-63.7214304715
-60.692859856	-63.7204771902
-60.695010157	-63.7210122878
-60.697160549	-63.7215473507
-60.698367413	-63.7205940175
-60.697160549	-63.7215473507
-60.699311031	-63.7220823789
-60.701461604	-63.7226173725
-60.70025476	-63.7235707421
-60.702405479	-63.7241057231
-60.7011986	-63.7250591071
-60.703349464	-63.7255940755
-60.70214255	-63.7265474739
-60.704293561	-63.7270824297
-60.706444662	-63.7276173509
-60.708595854	-63.7281522374
-60.710747136	-63.7286870893
-60.711953829	-63.7277336025
-60.714105147	-63.7282683976
-60.715311694	-63.7273148811
-60.717463047	-63.7278496194
-60.718669448	-63.7268960731
-60.720820836	-63.7274307547
-60.722027091	-63.7264771787
-60.724178514	-63.7270118034
-60.725384623	-63.7260581976
-60.726590642	-63.7251045842
-60.72779657	-63.724150963
-60.725645312	-63.7236164045
-60.726851205	-63.7226627977
-60.724700094	-63.7221282265
-60.725905952	-63.7211746342
-60.728057008	-63.7217091833
-60.729262719	-63.7207555611
-60.73141381	-63.7212900535
-60.732619376	-63.7203364016
-60.733824851	-63.7193827421
-60.735975922	-63.7199171556
-60.737181251	-63.7189634664
-60.739332357	-63.7194978231
-60.74053754	-63.7185441042
-60.742688681	-63.7190784042
-60.741483553	-63.7200321452
-60.74363484	-63.7205664326
-60.742429677	-63.7215201881
-60.741224424	-63.7224739359
-60.74001908	-63.723427676
-60.738813645	-63.7243814085
-60.740965244	-63.7249157495
-60.739759774	-63.7258694963
-60.741911519	-63.7264038247
-60.744063355	-63.7269381183
-60.746215281	-63.7274723773
-60.745009887	-63.7284261827
-60.747161959	-63.728960429
-60.748367298	-63.7280066015
-60.750519405	-63.7285407911
-60.752671603	-63.7290749459
-60.75387674	-63.7281210666
-60.755081786	-63.7271671797
-60.756286742	-63.7262132851
-60.757491607	-63.7252593829
-60.755339631	-63.7247253163
-60.756544462	-63.7237714285
-60.757749202	-63.722817533
-60.759901066	-63.7233515555
-60.76110566	-63.7223976303
-60.76325756	-63.722931596
-60.764462008	-63.7219776411
-60.766613943	-63.72251155
-60.76540955	-63.723465527
-60.767561631	-63.7239994233
-60.769713802	-63.7245332848
-60.771866064	-63.7250671117
-60.774018416	-63.7256009038
-60.775222587	-63.7246468387
-60.776426666	-63.7236927658
-60.778578998	-63.7242264792
-60.779782932	-63.7232723767
-60.780986775	-63.7223182665
-60.778834555	-63.7217845973
-60.780038363	-63.7208305016
-60.781242081	-63.7198763982
-60.779090062	-63.7193427384
-60.780293745	-63.7183886494
-60.778141872	-63.7178549769
-60.77599009	-63.7173212697
-60.774786296	-63.7182753146
-60.772634548	-63.7177415506
-60.77048289	-63.7172077519
-60.771686796	-63.7162537511
-60.769535284	-63.7157199398
-60.767383864	-63.7151860937
-60.765232533	-63.714652213
-60.763081293	-63.7141182976
-60.760930143	-63.7135843474
-60.762134235	-63.7126304492
-60.763338237	-63.7116765434
-60.764542149	-63.71072263
-60.762391256	-63.7101887113
-60.763595132	-63.7092348122
-60.761444385	-63.7087008809
-60.762648226	-63.7077469962
-60.760497625	-63.7072130523
-60.761701432	-63.706259182
-60.762905148	-63.7053053041
-60.760754748	-63.7047713696
-60.761958429	-63.7038175061
-60.76316202	-63.7028636349
-60.764365521	-63.7019097562
-60.765568931	-63.7009558698
-60.767719109	-63.7014897162
-60.768922374	-63.7005358001
-60.770125548	-63.6995818764
-60.771328632	-63.6986279451
-60.772531625	-63.6976740061
-60.773734529	-63.6967200595
-60.77588452	-63.6972537611
-60.777087278	-63.6962997848
-60.778289945	-63.695345801
-60.780439916	-63.6958794238
-60.781642438	-63.6949254103
-60.78284487	-63.6939713891
-60.78499482	-63.6945049333
-60.786197106	-63.6935508825
-60.787399301	-63.6925968241
-60.788601406	-63.6916427581
-60.786451623	-63.69110928
-60.787653693	-63.6901552284
-60.785504055	-63.6896217377
-60.78670609	-63.6886677005
-60.787908036	-63.6877136557
-60.785758599	-63.6871801744
-60.783609252	-63.6866466584
-60.782407195	-63.6876006592
-60.780257883	-63.6870670864
-60.778108661	-63.6865334791
-60.775959529	-63.6859998371
-60.777161751	-63.6850459023
-60.778363884	-63.68409196
-60.776214953	-63.6835583274
-60.77741705	-63.6826043994
-60.778619058	-63.6816504639
-60.776470328	-63.6811168406
-60.7776723	-63.6801629195
-60.778874183	-63.6792089907
-60.780075975	-63.6782550543
-60.782224539	-63.6787886116
-60.783426186	-63.6778346456
-60.785574785	-63.6783681462
-60.787723474	-63.6789016121
-60.78892492	-63.6779475945
-60.791073644	-63.6784810037
-60.792274944	-63.6775269565
-60.794423703	-63.6780603091
-60.796572551	-63.678593627
-60.79872149	-63.6791269103
-60.800870518	-63.6796601589
-60.802071507	-63.678706016
-60.80422057	-63.679239208
-60.806369724	-63.6797723652
-60.807570512	-63.6788181708
-60.8097197	-63.6793512714
-60.810920342	-63.6783970473
-60.812120894	-63.6774428157
-60.813321356	-63.6764885766
-60.814521728	-63.6755343298
-60.812372762	-63.6750013172
-60.810223886	-63.6744682699
-60.8080751	-63.673935188
-60.805926404	-63.6734020714
-60.803777798	-63.6728689201
-60.802577149	-63.6738230569
-60.800428577	-63.673289849
-60.799227782	-63.6742439562
-60.797079246	-63.6737106916
-60.798280096	-63.6727566064
-60.796131704	-63.6722233292
-60.79733252	-63.6712692584
-60.798533245	-63.67031518
-60.799733881	-63.669361094
-60.801882106	-63.6698943053
-60.803082596	-63.6689401897
-60.800934426	-63.6684070005
-60.798786346	-63.6678737766
-60.796638357	-63.667340518
-60.794490457	-63.6668072248
-60.793289745	-63.6677612524
-60.79114188	-63.6672279026
-60.788994106	-63.6666945181
-60.787793193	-63.6676484941
-60.785645453	-63.667115053
-60.784444395	-63.6680689994
-60.78229669	-63.6675355016
-60.781095487	-63.6684894184
-60.779894194	-63.6694433276
-60.778692811	-63.6703972292
-60.780840682	-63.6709307929
-60.782988644	-63.6714643221
-60.785136696	-63.6719978166
-60.787284838	-63.6725312764
-60.786083586	-63.6734852584
-60.783935389	-63.6729517766
-60.782733991	-63.673905729
-60.781532504	-63.6748596737
-60.780330927	-63.6758136109
-60.778182653	-63.6752800284
-60.776980931	-63.676233936
-60.775779118	-63.6771878359
-60.773630824	-63.6766541747
-60.77148262	-63.6761204789
-60.770280607	-63.6770743272
-60.768132438	-63.6765405747
-60.766930279	-63.6774943934
-60.764782145	-63.6769605843
-60.76357984	-63.6779143733
-60.761431741	-63.6773805075
-60.760229291	-63.6783342669
-60.75902675	-63.6792880187
-60.756878631	-63.6787540742
-60.755675945	-63.6797077964
-60.754473169	-63.6806615109
-60.752325029	-63.6801274877
-60.751122108	-63.6810811725
-60.749919096	-63.6820348497
-60.747770936	-63.6815007479
-60.746567779	-63.6824543954
-60.745364531	-63.6834080353
-60.744161194	-63.6843616676
-60.742957766	-63.6853152922
-60.740809475	-63.6847810676
-60.739605901	-63.6857346625
-60.738402238	-63.6866882498
-60.736253926	-63.6861539465
-60.735050117	-63.6871075041
-60.733846218	-63.6880610541
-60.73599464	-63.6885954015
-60.734790705	-63.6895489658
-60.73358668	-63.6905025225
-60.732382565	-63.6914560716
-60.73117836	-63.692409613
-60.729974064	-63.6933631467
-60.727825366	-63.6928286891
-60.726620925	-63.6937821931
-60.724472262	-63.6932476788
-60.723267675	-63.6942011531
-60.721119047	-63.6936665821
-60.719914314	-63.6946200267
-60.717765721	-63.6940853991
-60.716560843	-63.695038814
-60.715355875	-63.6959922212
-60.714150816	-63.6969456207
-60.716299574	-63.6974803145
-60.71509448	-63.6984337285
-60.713889296	-63.6993871347
-60.712684021	-63.7003405333
-60.710535097	-63.6998057733
-60.708386263	-63.6992709787
-60.706237519	-63.6987361494
-60.704088866	-63.6982012855
-60.701940304	-63.697666387
-60.699791831	-63.6971314539
-60.700997437	-63.6961781877
-60.698849111	-63.695643242
-60.696700874	-63.6951082617
-60.695495158	-63.6960614837
-60.693346957	-63.6955264468
-60.692141095	-63.6964796391
-60.690935142	-63.6974328237
-60.6897291	-63.6983860007
-60.687580823	-63.6978508629
-60.686374635	-63.6988040101
-60.685168356	-63.6997571495
-60.68302006	-63.699221933
-60.684226394	-63.6982688156
-60.682078244	-63.6977335865
-60.680871854	-63.6986866818
-60.67872374	-63.698151396
-60.677517205	-63.6991044616
-60.675369125	-63.6985691192
-60.674162444	-63.6995221549
-60.6720144	-63.6989867558
-60.670807574	-63.6999397618
-60.668659565	-63.699404306
-60.666511647	-63.6988688156
-60.66530462	-63.6998217697
-60.663156737	-63.6992862226
-60.661949565	-63.700239147
-60.659801717	-63.6997035432
-60.661008944	-63.6987506409
-60.658861242	-63.6982150247
-60.660068434	-63.6972621368
-60.657920878	-63.696726508
-60.659128034	-63.6957736345
-60.656980623	-63.6952379932
-60.654833303	-63.6947023173
-60.652686073	-63.6941666068
-60.651478751	-63.6951194141
-60.649331557	-63.694583647
-60.647184453	-63.6940478453
-60.645976931	-63.6950006007
-60.643829862	-63.6944647423
-60.642622195	-63.6954174679
-60.640475161	-63.6948815529
-60.639267348	-63.6958342486
-60.637120351	-63.6952982769
-60.635912392	-63.6962509429
-60.63376543	-63.6957149145
-60.631618559	-63.6951788516
-60.629471778	-63.6946427541
-60.627325088	-63.6941066221
-60.625178488	-63.6935704555
-60.623031979	-63.6930342544
-60.62088556	-63.6924980187
-60.618739232	-63.6919617484
-60.61994763	-63.6910092593
-60.617801447	-63.6904729766
-60.615655355	-63.6899366593
-60.613509353	-63.6894003075
-60.611363442	-63.6888639212
-60.610154824	-63.689816322
-60.608008949	-63.689279879
-60.605863164	-63.6887434015
-60.604654346	-63.6896957503
-60.602508596	-63.6891592162
-60.601299633	-63.6901115351
-60.599153919	-63.6895749444
-60.59794481	-63.6905272335
-60.595799132	-63.689990586
-60.594589878	-63.6909428453
-60.592444236	-63.6904061412
-60.590298684	-63.6898694026
-60.58908923	-63.6908216099
-60.586943714	-63.6902848147
-60.585734114	-63.6912369921
-60.583588634	-63.6907001402
-60.581443245	-63.6901632539
-60.579297946	-63.689626333
-60.578088091	-63.6905784362
-60.575942828	-63.6900414587
-60.574732828	-63.6909935321
-60.572587601	-63.690456498
-60.571377455	-63.6914085414
-60.570167218	-63.6923605771
-60.568021972	-63.6918234642
-60.566811591	-63.69277547
-60.565601118	-63.693727468
-60.563455853	-63.6931902764
-60.562245236	-63.6941422445
-60.561034527	-63.6950942048
-60.558889244	-63.6945569344
-60.55767839	-63.6955088648
