> -L"antarctic_islands_coastlines"
-149.397217821	-79.8413303556
-149.433685246	-79.8371755337
-149.439256241	-79.8377561279
-149.442545637	-79.8367729244
-149.451405323	-79.8363700736
-149.454693087	-79.835386749
-149.463551074	-79.8349835675
-149.466837207	-79.834000122
-149.472408354	-79.8345801445
-149.475693495	-79.83359661
-149.481264928	-79.83417648
-149.484549077	-79.8331928565
-149.490120795	-79.8337725742
-149.493403951	-79.8327888616
-149.498975954	-79.8333684269
-149.504548596	-79.8339478971
-149.507830406	-79.8329640383
-149.513403332	-79.833543356
-149.516684149	-79.8325594083
-149.522257359	-79.8331385737
-149.527831208	-79.8337176438
-149.531110678	-79.8327335501
-149.53668481	-79.8333124678
-149.539963288	-79.8323282851
-149.543241127	-79.8313440708
-149.548815188	-79.831922779
-149.552092035	-79.8309384759
-149.555368245	-79.8299541411
-149.560942233	-79.8305326397
-149.56421745	-79.8295482162
-149.567492031	-79.8285637611
-149.573065946	-79.8291420502
-149.576339534	-79.8281575064
-149.579612485	-79.827172931
-149.5828848	-79.826188324
-149.57731195	-79.8256102061
-149.580583984	-79.8246256247
-149.583855381	-79.8236410116
-149.578283878	-79.8230629127
-149.572713011	-79.8224847185
-149.56714278	-79.8219064291
-149.561573186	-79.8213280445
-149.556004228	-79.8207495648
-149.550435906	-79.8201709898
-149.547162381	-79.8211552604
-149.541594342	-79.8205765332
-149.538319827	-79.8215607151
-149.532752069	-79.8209818357
-149.52390909	-79.8213868971
-149.520632594	-79.8223709015
-149.515065403	-79.8217917176
-149.509498848	-79.8212124386
-149.50393293	-79.8206330645
-149.498367649	-79.8200535954
-149.495089104	-79.8210373395
-149.489524107	-79.8204577182
-149.483959747	-79.8198780018
-149.480679859	-79.8208615999
-149.477399334	-79.8218451662
-149.471834906	-79.8212652405
-149.468553391	-79.8222487179
-149.459706743	-79.8226520285
-149.454142885	-79.8220717984
-149.450859391	-79.8230550978
-149.445295819	-79.8224747155
-149.439732884	-79.8218942383
-149.434170587	-79.8213136661
-149.430885399	-79.8222967621
-149.425323389	-79.8217160378
-149.419762016	-79.8211352185
-149.410914402	-79.8215371968
-149.405353954	-79.8209561305
-149.402066085	-79.8219389338
-149.396505925	-79.8213577154
-149.393217067	-79.8223404295
-149.387657194	-79.8217590589
-149.384367347	-79.8227416838
-149.378807761	-79.8221601612
-149.375516925	-79.8231426969
-149.369957628	-79.8225610221
-149.366665803	-79.8235434685
-149.357813981	-79.8239439987
-149.348961458	-79.8243442875
-149.340108236	-79.8247443349
-149.334550095	-79.8241620517
-149.331254314	-79.8251441407
-149.325696463	-79.8245617054
-149.316842132	-79.8249611176
-149.31128521	-79.8243784354
-149.307987102	-79.8253602882
-149.302430472	-79.824777454
-149.299131375	-79.8257592172
-149.293575035	-79.8251762309
-149.290274949	-79.8261579047
-149.284718901	-79.8255747663
-149.281417826	-79.8265563505
-149.27586207	-79.82597306
-149.267004542	-79.826371112
-149.261449717	-79.8257875748
-149.258146317	-79.8267689224
-149.252591785	-79.8261852331
-149.249287397	-79.827166491
-149.243733158	-79.8265826497
-149.24042778	-79.8275638179
-149.234873835	-79.8269798245
-149.231567469	-79.827960903
-149.222706462	-79.8283577462
-149.217153103	-79.8277734487
-149.21384476	-79.8287543476
-149.208291696	-79.8281698981
-149.202739273	-79.8275853539
-149.197187491	-79.8270007153
-149.188325979	-79.8273966187
-149.182775133	-79.8268117335
-149.177224929	-79.8262267539
-149.173913223	-79.8272072431
-149.170600876	-79.8281876999
-149.165050621	-79.8276025107
-149.161737285	-79.8285828776
-149.158423308	-79.829563212
-149.155108688	-79.830543514
-149.151793426	-79.8315237836
-149.148477522	-79.8325040208
-149.145160974	-79.8334842254
-149.150713306	-79.8340697601
-149.147396462	-79.8350499899
-149.144078975	-79.8360301872
-149.140760845	-79.8370103521
-149.137442072	-79.8379904845
-149.134122655	-79.8389705844
-149.13967736	-79.8395563126
-149.136357646	-79.8405364376
-149.141913341	-79.841122129
-149.138593329	-79.8421022791
-149.135272673	-79.8430823968
-149.140829705	-79.8436681089
-149.137508752	-79.8446482517
-149.143066774	-79.8452339269
-149.148625442	-79.8458195076
-149.154184753	-79.8464049936
-149.159744709	-79.8469903851
-149.163064275	-79.8460100116
-149.168624527	-79.8465952508
-149.171943102	-79.8456147872
-149.177503651	-79.8461998741
-149.180821234	-79.8452193204
-149.18638208	-79.845804255
-149.189698671	-79.8448236113
-149.195259813	-79.8454083936
-149.198575413	-79.8444276599
-149.20413685	-79.8450122899
-149.207451459	-79.8440314662
-149.213013192	-79.8446159439
-149.218575568	-79.8452003269
-149.224138588	-79.8457846151
-149.229702251	-79.8463688087
-149.226389037	-79.8473498628
-149.231953693	-79.8479340191
-149.237518992	-79.8485180807
-149.243084935	-79.8491020474
-149.248651521	-79.8496859194
-149.251963339	-79.848704635
-149.25753022	-79.8492883545
-149.260841045	-79.8483069802
-149.266408219	-79.8488905473
-149.275285519	-79.848492498
-149.28085363	-79.8490758178
-149.286422384	-79.8496590428
-149.289730523	-79.8486773738
-149.295299569	-79.8492604463
-149.298606715	-79.8482786875
-149.304176054	-79.8488616076
-149.309746036	-79.8494444328
-149.313051838	-79.8484625268
-149.318622112	-79.8490451995
-149.32192692	-79.8480632038
-149.327497486	-79.848645724
-149.3308013	-79.8476636388
-149.334104472	-79.8466815213
-149.337407002	-79.8456993718
-149.34070889	-79.8447171901
-149.346278693	-79.8452993855
-149.349579588	-79.8443171142
-149.355149682	-79.8448991572
-149.358449583	-79.8439167964
-149.364019967	-79.8444986869
-149.367318876	-79.8435162366
-149.37288955	-79.8440979747
-149.376187465	-79.843115435
-149.381758429	-79.8436970206
-149.385055351	-79.8427143915
-149.388351632	-79.8417317303
-149.393922533	-79.8423131061
-149.397217821	-79.8413303556
