> -L"antarctic_islands_coastlines"
-56.170960859	-63.1712948537
-56.162258435	-63.1712850154
-56.160253682	-63.1706775825
-56.158249023	-63.1700701194
-56.156244458	-63.169462626
-56.154900285	-63.1703686084
-56.152895775	-63.1697610613
-56.15155147	-63.1706670093
-56.149547016	-63.1700594086
-56.147542656	-63.1694517776
-56.14553839	-63.1688441165
-56.144193874	-63.1697499831
-56.142189664	-63.1691422683
-56.140845016	-63.1700481004
-56.138840861	-63.169440332
-56.1368368	-63.1688325333
-56.135491981	-63.1697383075
-56.133487975	-63.1691304552
-56.131484064	-63.1685225726
-56.129480247	-63.1679146599
-56.130825182	-63.1670089561
-56.128821497	-63.1664010367
-56.130166376	-63.1654953453
-56.128162824	-63.1648874192
-56.129507648	-63.1639817404
-56.127504228	-63.1633738075
-56.128848996	-63.1624681412
-56.126845709	-63.1618602016
-56.124842516	-63.1612522318
-56.123497671	-63.1621578512
-56.121494534	-63.1615498278
-56.11949149	-63.1609417742
-56.118146474	-63.1618473356
-56.116801364	-63.1627528861
-56.114798338	-63.1621447554
-56.112795406	-63.1615365946
-56.111450125	-63.1624420871
-56.109447249	-63.1618338726
-56.108101835	-63.1627393307
-56.106099014	-63.1621310626
-56.104096288	-63.1615227642
-56.105441778	-63.1606173531
-56.103439183	-63.1600090481
-56.101436683	-63.1594007129
-56.100091116	-63.1603060771
-56.098088671	-63.1596976883
-56.096086321	-63.1590892694
-56.094084064	-63.1584808203
-56.092081902	-63.157872341
-56.090736087	-63.1587776003
-56.088733981	-63.1581690675
-56.087388034	-63.1590742923
-56.085385982	-63.1584657058
-56.083384025	-63.1578570892
-56.081382163	-63.1572484424
-56.079380394	-63.1566397655
-56.077378719	-63.1560310585
-56.078724857	-63.155125951
-56.076723315	-63.1545172373
-56.078069398	-63.1536121424
-56.076067987	-63.153003422
-56.074066671	-63.1523946716
-56.075412736	-63.1514896125
-56.073411553	-63.1508808554
-56.071410463	-63.1502720682
-56.069409467	-63.1496632508
-56.067408565	-63.1490544034
-56.06875469	-63.1481494272
-56.06675392	-63.1475405731
-56.064753245	-63.1469316889
-56.066099352	-63.1460267487
-56.064098808	-63.1454178579
-56.062098359	-63.1448089369
-56.060098004	-63.1441999858
-56.058097743	-63.1435910047
-56.056097576	-63.1429819934
-56.054097502	-63.1423729521
-56.052097523	-63.1417638806
-56.050097638	-63.1411547791
-56.048097847	-63.1405456475
-56.046751396	-63.1414503764
-56.045404852	-63.1423550943
-56.043405078	-63.1417458856
-56.042058401	-63.142650569
-56.040058684	-63.1420413068
-56.038711875	-63.1429459556
-56.037364972	-63.1438505935
-56.036017975	-63.1447552203
-56.034670885	-63.145659836
-56.0333237	-63.1465644408
-56.031323885	-63.145955031
-56.029976568	-63.1468596012
-56.02797681	-63.146250138
-56.026629361	-63.1471546736
-56.025281818	-63.1480591982
-56.023282077	-63.1474496579
-56.021934402	-63.148354148
-56.019934717	-63.1477445541
-56.018586909	-63.1486490096
-56.016587281	-63.1480393621
-56.014587746	-63.1474296846
-56.013239769	-63.1483340821
-56.01124029	-63.147724351
-56.009240906	-63.1471145898
-56.007241615	-63.1465047986
-56.008589707	-63.1456004716
-56.006590549	-63.1449906738
-56.004591485	-63.1443808459
-56.002592515	-63.143770988
-56.001244309	-63.1446752446
-55.999245395	-63.1440653331
-55.997246575	-63.1434553916
-55.995898199	-63.1443595901
-55.993899435	-63.143749595
-55.992550927	-63.1446537589
-55.991202324	-63.1455579118
-55.989203579	-63.1449478397
-55.987854844	-63.1458519579
-55.985856155	-63.1452418323
-55.984507288	-63.146145916
-55.983158328	-63.1470499886
-55.981159656	-63.1464397859
-55.979810564	-63.1473438239
-55.977811948	-63.1467335677
-55.976462724	-63.1476375712
-55.974464165	-63.1470272614
-55.973114808	-63.1479312302
-55.971116305	-63.1473208669
-55.969766816	-63.1482248012
-55.96776837	-63.1476143843
-55.966418749	-63.148518284
-55.964420358	-63.1479078136
-55.963070605	-63.1488116786
-55.961072271	-63.1482011547
-55.95437587	-63.1487875725
-55.952377742	-63.1481769114
-55.950379709	-63.1475662204
-55.94838177	-63.1469554994
-55.946383925	-63.1463447483
-55.947734131	-63.1454410701
-55.945736418	-63.1448303125
-55.947086568	-63.1439266467
-55.945088987	-63.1433158826
-55.943091501	-63.1427050886
-55.941094108	-63.1420942645
-55.939096809	-63.1414834104
-55.937746508	-63.1423869822
-55.935749266	-63.1417760747
-55.933752118	-63.1411651371
-55.932401647	-63.1420686507
-55.930404555	-63.1414576597
-55.928407557	-63.1408466386
-55.927056917	-63.1417500941
-55.925059976	-63.1411390195
-55.923709203	-63.1420424404
-55.921712318	-63.1414313123
-55.919715527	-63.1408201542
-55.921066376	-63.1399167804
-55.919069717	-63.1393056159
-55.920420509	-63.1384022545
-55.918423982	-63.1377910835
-55.916427549	-63.1371798826
-55.91443121	-63.1365686516
-55.912434966	-63.1359573907
-55.910438816	-63.1353460999
-55.909087836	-63.1362493437
-55.907091742	-63.1356379994
-55.905095742	-63.135026625
-55.903744592	-63.1359298107
-55.901748649	-63.1353183829
-55.900397367	-63.1362215339
-55.898401481	-63.1356100526
-55.896405688	-63.1349985414
-55.895054237	-63.1359016342
-55.893058501	-63.1352900695
-55.891062859	-63.1346784749
-55.889067311	-63.1340668503
-55.887071857	-63.1334551957
-55.885076498	-63.1328435112
-55.883081232	-63.1322317968
-55.881086061	-63.1316200524
-55.879090984	-63.1310082781
-55.877096001	-63.1303964739
-55.875101112	-63.1297846397
-55.873106318	-63.1291727756
-55.871111617	-63.1285608816
-55.869117011	-63.1279489576
-55.867764977	-63.1288517335
-55.865770427	-63.1282397561
-55.863775971	-63.1276277488
-55.86512808	-63.12672502
-55.863133756	-63.1261130063
-55.861139526	-63.1255009627
-55.859787342	-63.1264036444
-55.857793169	-63.1257915474
-55.856440854	-63.1266941944
-55.854446737	-63.1260820439
-55.852452715	-63.1254698635
-55.85110023	-63.1263724524
-55.849106264	-63.1257602185
-55.847753648	-63.1266627726
-55.845759739	-63.1260504854
-55.844406991	-63.1269530048
-55.842413139	-63.1263406641
-55.84106026	-63.1272431488
-55.839066464	-63.1266307547
-55.837713453	-63.1275332047
-55.835719714	-63.1269207571
-55.833726069	-63.1263082797
-55.832372889	-63.1272106714
-55.830379301	-63.1265981405
-55.828385807	-63.1259855798
-55.827032458	-63.1268879132
-55.825039021	-63.1262752991
-55.823685541	-63.1271775978
-55.822331966	-63.1280798853
-55.820978297	-63.1289821616
-55.819624534	-63.1298844268
-55.821618121	-63.1304971351
-55.820264301	-63.1313994126
-55.818910387	-63.1323016788
-55.820904143	-63.1329144044
-55.819550172	-63.133816683
-55.818196107	-63.1347189504
-55.816202276	-63.1341061777
-55.814848079	-63.1350084104
-55.813493788	-63.1359106318
-55.812139403	-63.136812842
-55.814133346	-63.1374256853
-55.812778903	-63.1383279078
-55.811424367	-63.1392301192
-55.810069736	-63.1401323193
-55.812063885	-63.1407452033
-55.810709197	-63.1416474158
-55.809354415	-63.142549617
-55.807360192	-63.1419366858
-55.806005278	-63.1428388523
-55.80465027	-63.1437410075
-55.803295168	-63.1446431515
-55.801300926	-63.1440301198
-55.799945692	-63.144932229
-55.797951508	-63.1443191439
-55.795957418	-63.1437060288
-55.794602015	-63.1446080797
-55.792607981	-63.1439949112
-55.791252447	-63.1448969272
-55.789896818	-63.145798932
-55.791890926	-63.1464121477
-55.790535239	-63.1473141648
-55.789179459	-63.1482161707
-55.787823584	-63.1491181654
-55.786467615	-63.1500201488
-55.785111551	-63.150922121
-55.783755393	-63.1518240819
-55.78239914	-63.1527260316
-55.780404772	-63.152112651
-55.779048387	-63.1530145658
-55.777054075	-63.1524011318
-55.77569756	-63.1533030118
-55.773703305	-63.1526895243
-55.772346657	-63.1535913695
-55.770352459	-63.1529778285
-55.76899568	-63.1538796388
-55.76700154	-63.1532660444
-55.765644629	-63.1541678199
-55.764287623	-63.1550695842
-55.762293502	-63.1544559127
-55.760936365	-63.1553576421
-55.758942302	-63.1547439172
-55.757585033	-63.1556456117
-55.755591027	-63.1550318334
-55.754233626	-63.155933493
-55.752239677	-63.1553196612
-55.750245823	-63.1547057996
-55.748252063	-63.154091908
-55.746258398	-63.1534779866
-55.744264827	-63.1528640354
-55.74227135	-63.1522500543
-55.740277968	-63.1516360433
-55.741635629	-63.1507345487
-55.739642379	-63.1501205315
-55.737649223	-63.1495064844
-55.735656162	-63.1488924075
-55.733663195	-63.1482783008
-55.731670322	-63.1476641642
-55.729677544	-63.1470499978
-55.72831966	-63.1479513509
-55.726326939	-63.147337131
-55.724334313	-63.1467228813
-55.72297626	-63.1476241759
-55.720983691	-63.1470098729
-55.719625507	-63.1479111326
-55.717632995	-63.1472967761
-55.716274679	-63.1481980009
-55.714282225	-63.147583591
-55.712289866	-63.1469691513
-55.7102976	-63.1463546817
-55.70830543	-63.1457401823
-55.709663894	-63.1448390519
-55.707671855	-63.1442245463
-55.709030261	-63.1433234281
-55.710388574	-63.1424222986
-55.708396703	-63.1418078104
-55.709754958	-63.1409066932
-55.707763219	-63.1402921987
-55.709121416	-63.1393910938
-55.707129809	-63.1387765931
-55.708487949	-63.1378755005
-55.706496473	-63.1372609936
-55.704505091	-63.136646457
-55.70586321	-63.1357454002
-55.70387196	-63.1351308573
-55.701880804	-63.1345162846
-55.699889742	-63.1339016821
-55.701247879	-63.1330006848
-55.699256948	-63.1323860761
-55.697266112	-63.1317714376
-55.695275371	-63.1311567694
-55.696633524	-63.1302558315
-55.694642914	-63.129641157
-55.692652398	-63.1290264528
-55.69401053	-63.1281255508
-55.692020146	-63.1275108403
-55.690029856	-63.1268961001
-55.68803966	-63.1262813301
-55.686681416	-63.1271821614
-55.684691278	-63.1265673381
-55.682701234	-63.1259524849
-55.681342823	-63.1268532577
-55.679352836	-63.1262383513
-55.677994293	-63.1271390892
-55.676004364	-63.1265241294
-55.67464569	-63.1274248323
-55.672655818	-63.1268098192
-55.671297013	-63.1277104873
-55.669307199	-63.1270954208
-55.667317479	-63.1264803245
-55.665327854	-63.1258651985
-55.66668677	-63.1249646012
-55.664697276	-63.124349469
-55.662707876	-63.1237343071
-55.660718571	-63.1231191154
-55.65872936	-63.122503894
-55.657370296	-63.123404397
-55.655381143	-63.1227891222
-55.654021948	-63.1236895903
-55.652032852	-63.1230742622
-55.650673527	-63.1239746953
-55.648684488	-63.1233593139
-55.646695545	-63.1227439028
-55.645336051	-63.1236442774
-55.643347165	-63.1230288129
-55.64198754	-63.1239291526
-55.639998711	-63.1233136348
-55.638638955	-63.1242139395
-55.636650184	-63.1235983684
-55.634661507	-63.1229827676
-55.632672925	-63.122367137
-55.630684437	-63.1217514768
-55.628696043	-63.1211357868
-55.627336009	-63.1220359622
-55.625347674	-63.1214202189
-55.623359432	-63.1208044459
-55.62199923	-63.1217045627
-55.620011046	-63.1210887364
-55.618022957	-63.1204728804
-55.616662587	-63.1213729386
-55.614674556	-63.1207570293
-55.613314055	-63.1216570526
-55.611326081	-63.12104109
-55.609965449	-63.1219410783
-55.607977533	-63.1213250624
-55.60661677	-63.1222250157
-55.604628912	-63.1216089465
-55.603268018	-63.1225088649
-55.601280217	-63.1218927423
-55.599919192	-63.1227926257
-55.597931449	-63.1221764499
-55.596570293	-63.1230762983
-55.594582608	-63.1224600692
-55.593221321	-63.1233598826
-55.591859939	-63.1242596846
-55.589872276	-63.1236433785
-55.588510763	-63.1245431456
-55.586523157	-63.1239267862
-55.585161513	-63.1248265182
-55.583799775	-63.1257262389
-55.581812191	-63.1251098026
-55.580450321	-63.1260094882
-55.579088357	-63.1269091625
-55.577100794	-63.1262926493
-55.575738699	-63.1271922885
-55.573751194	-63.126575722
-55.572388968	-63.1274753262
-55.571026648	-63.128374919
-55.569039164	-63.1277582756
-55.567676712	-63.1286578334
-55.566314166	-63.1295573797
-55.564326704	-63.1289406594
-55.562964027	-63.1298401707
-55.561601255	-63.1307396706
-55.560238389	-63.131639159
-55.558250911	-63.1310223382
-55.556887914	-63.1319217916
-55.555524822	-63.1328212336
-55.553537366	-63.1322043358
-55.552174143	-63.1331037428
-55.550810826	-63.1340031383
-55.548823391	-63.1333861636
-55.547459943	-63.134285524
-55.5460964	-63.1351848731
-55.544108987	-63.1345678214
-55.542745313	-63.1354671354
-55.541381544	-63.1363664379
-55.539394153	-63.1357493094
-55.538030253	-63.1366485768
-55.536666258	-63.1375478328
-55.534678889	-63.1369306273
-55.533314763	-63.1378298482
-55.531950543	-63.1387290577
-55.529963195	-63.1381117752
-55.528598844	-63.1390109496
-55.526611554	-63.1383936139
-55.525247072	-63.1392927532
-55.523882495	-63.140191881
-55.521895227	-63.1395744683
-55.520530519	-63.1404735611
-55.519165716	-63.1413726423
-55.517800818	-63.1422717121
-55.519788195	-63.1428891958
-55.51842324	-63.1437882778
-55.517058189	-63.1446873483
-55.515693044	-63.1455864074
-55.517680625	-63.1462039323
-55.516315421	-63.1471030036
-55.514950123	-63.1480020634
-55.51358473	-63.1489011117
-55.51159704	-63.1482835158
-55.510231516	-63.149182529
-55.508243884	-63.1485648798
-55.506878228	-63.1494638579
-55.505512478	-63.1503628245
-55.503524868	-63.1497450983
-55.502158987	-63.1506440297
-55.500171436	-63.1500262503
-55.498805424	-63.1509251466
-55.497439316	-63.1518240314
-55.495451787	-63.151206175
-55.494085549	-63.1521050246
-55.492098078	-63.1514871149
-55.490731708	-63.1523859294
-55.488744296	-63.1517679663
-55.487377795	-63.1526667457
-55.485390441	-63.1520487293
-55.484023809	-63.1529474735
-55.482036513	-63.1523294038
-55.480669751	-63.1532281128
-55.479302893	-63.1541268104
-55.481290261	-63.1547449274
-55.479923345	-63.1556436371
-55.481910845	-63.1562617482
-55.48054387	-63.1571604701
-55.482531501	-63.1577785752
-55.481164467	-63.1586773092
-55.483152229	-63.1592954083
-55.485140086	-63.1599134778
-55.487128038	-63.1605315177
-55.489116084	-63.1611495278
-55.490482972	-63.1602506991
-55.492471077	-63.1608686559
-55.493837833	-63.159969792
-55.495825997	-63.1605876955
-55.497192622	-63.1596887965
-55.498559152	-63.1587898859
-55.500547338	-63.1594077124
-55.501913737	-63.1585087667
-55.503901981	-63.1591265399
-55.505268249	-63.158227559
-55.507256551	-63.1588452789
-55.509244948	-63.159462969
-55.507878753	-63.1603619973
-55.506512463	-63.161261014
-55.505146078	-63.1621600193
-55.503779599	-63.163059013
-55.505768236	-63.1636767682
-55.507756969	-63.1642944938
-55.506390467	-63.1651935234
-55.508379331	-63.1658112429
-55.509745796	-63.1649121896
-55.511734718	-63.1655298558
-55.515090033	-63.1652483802
-55.517079108	-63.1658659633
-55.518445274	-63.1649668161
-55.520434408	-63.1655843459
-55.522423637	-63.166201846
-55.523789635	-63.1653026399
-55.525155539	-63.1644034223
-55.527144789	-63.1650208454
-55.525778922	-63.1659200867
-55.527768304	-63.1665375037
-55.529757781	-63.1671548911
-55.528391892	-63.1680541682
-55.5303815	-63.1686715495
-55.532371204	-63.1692889012
-55.531005293	-63.1701882141
-55.532995127	-63.1708055597
-55.531629159	-63.1717048849
-55.533619124	-63.1723222245
-55.532253097	-63.1732215618
-55.530886975	-63.1741208877
-55.532877109	-63.1747382449
-55.534867338	-63.1753555724
-55.533501194	-63.1762549342
-55.535491554	-63.1768722556
-55.534125352	-63.1777716296
-55.532759055	-63.1786709921
-55.531392663	-63.1795703431
-55.530026176	-63.1804696826
-55.528659594	-63.1813690106
-55.527292917	-63.1822683272
-55.525302337	-63.1816508637
-55.523935529	-63.1825501451
-55.516476678	-63.1855295442
-55.514486106	-63.1849119028
-55.513118749	-63.1858110794
-55.511128235	-63.1851933846
-55.509760747	-63.186092526
-55.507770292	-63.1854747778
-55.506402672	-63.186373884
-55.504412276	-63.1857560825
-55.503044525	-63.1866551535
-55.501676679	-63.187554213
-55.499686304	-63.1869363344
-55.498318326	-63.1878353587
-55.496950254	-63.1887343715
-55.495582086	-63.1896333727
-55.49757257	-63.1902513225
-55.499563149	-63.1908692425
-55.501553824	-63.1914871328
-55.50018567	-63.1923861936
-55.498817422	-63.193285243
-55.497449078	-63.1941842808
-55.49608064	-63.1950833071
-55.494712106	-63.1959823219
-55.493343478	-63.1968813252
-55.495334466	-63.197499328
-55.493965779	-63.1983983435
-55.492596996	-63.1992973474
-55.491228118	-63.2001963398
-55.489859146	-63.2010953207
-55.488490078	-63.2019942901
-55.486498907	-63.2013761687
-55.485129707	-63.2022751028
-55.483760412	-63.2031740254
-55.481769264	-63.2025558269
-55.480399837	-63.2034547143
-55.478408747	-63.2028364624
-55.477039189	-63.2037353145
-55.475669536	-63.204634155
-55.474299788	-63.205532984
-55.472929944	-63.2064318015
-55.470938804	-63.2058134251
-55.469568828	-63.2067122072
-55.468198758	-63.2076109779
-55.464837437	-63.2078912597
-55.462846378	-63.2072727527
-55.461476044	-63.2081714528
-55.460105615	-63.2090701413
-55.458114578	-63.2084515572
-55.456123637	-63.2078329433
-55.452762157	-63.2081129056
-55.451391428	-63.2090114998
-55.449400604	-63.2083927791
-55.448029743	-63.2092913381
-55.446038978	-63.208672564
-55.444667986	-63.2095710877
-55.44267728	-63.2089522602
-55.441306156	-63.2098507485
-55.439934937	-63.2107492253
-55.437944254	-63.2101303206
-55.436572903	-63.2110287621
-55.434582279	-63.210409804
-55.433210796	-63.2113082102
-55.431220231	-63.2106891987
-55.429848617	-63.2115875696
-55.42785811	-63.2109685047
-55.426486365	-63.2118668402
-55.424495917	-63.2112477219
-55.42312404	-63.2121460221
-55.421133651	-63.2115268504
-55.419761643	-63.2124251153
-55.417771313	-63.2118058902
-55.415781079	-63.2111866354
-55.414408902	-63.2120848412
-55.412418727	-63.211465533
-55.410428647	-63.2108461951
-55.411800896	-63.2099480368
-55.409810948	-63.2093286931
-55.407821095	-63.2087093197
-55.405831337	-63.2080899166
-55.4072036	-63.2071918179
-55.405213973	-63.2065724089
-55.403224443	-63.2059529703
-55.404596682	-63.2050549075
-55.402607283	-63.204435463
-55.403979463	-63.2035374123
-55.401990195	-63.2029179619
-55.403362317	-63.2020199233
-55.401373181	-63.201400467
-55.400001023	-63.2022984818
-55.398011946	-63.2016789721
-55.396022964	-63.2010594328
-55.397395194	-63.2001614654
-55.395406343	-63.1995419202
-55.396778514	-63.198643965
-55.39815059	-63.1977459982
-55.396161907	-63.1971264708
-55.395545372	-63.1956089829
-55.393556915	-63.19498942
-55.394928909	-63.1940915012
-55.396300808	-63.1931935708
-55.394312519	-63.1925740257
-55.395684358	-63.1916761074
-55.397056103	-63.1907781776
-55.395067981	-63.1901586503
-55.396439666	-63.1892607326
-55.397811257	-63.1883628033
-55.395823303	-63.1877432939
-55.397194834	-63.1868453767
-55.395207011	-63.1862258614
-55.396578483	-63.1853279564
-55.39794986	-63.1844300397
-55.395962205	-63.1838105423
-55.397333522	-63.1829126377
-55.395962205	-63.1838105423
-55.393974645	-63.1831910152
-55.392603196	-63.1840888844
-55.390615695	-63.183469304
-55.389244114	-63.1843671379
-55.387872439	-63.1852649602
-55.386500668	-63.1861627709
-55.385128803	-63.18706057
-55.383756842	-63.1879583575
-55.382384785	-63.1888561334
-55.381012634	-63.1897538977
-55.379640387	-63.1906516503
-55.377652693	-63.1900318505
-55.376280315	-63.1909295678
-55.37429268	-63.1903097147
-55.37292017	-63.1912073966
-55.370932594	-63.1905874902
-55.369559954	-63.1914851368
-55.367572437	-63.1908651769
-55.365585015	-63.1902451875
-55.364212207	-63.191142775
-55.362224844	-63.1905227323
-55.360237577	-63.18990266
-55.361610457	-63.1890051199
-55.359623321	-63.1883850417
-55.35763628	-63.187764934
-55.356263328	-63.1886624265
-55.354276346	-63.1880422654
-55.352289459	-63.1874220748
-55.35091634	-63.1883195082
-55.349543126	-63.18921693
-55.347556263	-63.1885966623
-55.346182917	-63.1894940487
-55.344196113	-63.1888737277
-55.342822636	-63.1897710788
-55.340835891	-63.1891507044
-55.339462283	-63.1900480201
-55.337475598	-63.1894275924
-55.335489008	-63.1888071351
-55.333502513	-63.1881866483
-55.332128702	-63.1890838811
-55.330142266	-63.188463341
-55.328155926	-63.1878427713
-55.326781948	-63.1887399449
-55.324795667	-63.188119322
-55.322809481	-63.1874986694
-55.321435336	-63.1883957839
-55.31944921	-63.1877750781
-55.318074933	-63.1886721571
-55.316700561	-63.1895692245
-55.315326094	-63.1904662803
-55.313951532	-63.1913633244
-55.311965357	-63.190742494
-55.310590664	-63.1916395026
-55.309215875	-63.1925364996
-55.307229724	-63.1919155922
-55.305854804	-63.1928125537
-55.303868713	-63.192191593
-55.302493661	-63.1930885191
-55.300507629	-63.192467505
-55.299132447	-63.1933643957
-55.297146475	-63.1927433283
-55.295771161	-63.1936401836
-55.293785248	-63.1930190629
-55.292409803	-63.1939158827
-55.291034263	-63.1948126908
-55.289048374	-63.1941914931
-55.287672703	-63.1950882658
-55.285686873	-63.1944670147
-55.284311071	-63.1953637519
-55.282935173	-63.1962604774
-55.280949367	-63.1956391493
-55.279573338	-63.1965358394
-55.278197214	-63.1974325177
-55.276211432	-63.1968111125
-55.274835177	-63.1977077554
-55.273458826	-63.1986043866
-55.271473068	-63.1979829043
-55.270096586	-63.1988795
-55.268720008	-63.199776084
-55.266734274	-63.1991545247
-55.265357565	-63.2000510732
-55.263980761	-63.20094761
-55.261995051	-63.2003259736
-55.260618116	-63.2012224749
-55.258632465	-63.2006007852
-55.257255399	-63.201497251
-55.255878237	-63.202393705
-55.25389261	-63.2017719382
-55.252515318	-63.2026683568
-55.250529751	-63.2020465367
-55.249152326	-63.2029429198
-55.24716682	-63.2023210464
-55.245789264	-63.2032173939
-55.243803817	-63.2025954672
-55.242426131	-63.2034917793
-55.240440743	-63.2028697993
-55.239062925	-63.2037660758
-55.237077598	-63.2031440425
-55.235699649	-63.2040402835
-55.234321605	-63.2049365127
-55.232336302	-63.2043144024
-55.230958126	-63.2052105961
-55.229579855	-63.206106778
-55.228201489	-63.2070029482
-55.230186899	-63.20762513
-55.228808473	-63.2085213122
-55.227429951	-63.2094174827
-55.226051334	-63.2103136415
-55.224672621	-63.2112097885
-55.222687068	-63.2105875116
-55.221308224	-63.211483623
-55.219929284	-63.2123797227
-55.217943755	-63.2117573687
-55.216564684	-63.2126534328
-55.215185518	-63.2135494852
-55.213200014	-63.212927054
-55.211820716	-63.2138230708
-55.210441323	-63.2147190758
-55.208455843	-63.2140965676
-55.207076319	-63.214992537
-55.205090899	-63.2143699755
-55.203711243	-63.2152659094
-55.201725884	-63.2146432945
-55.200346097	-63.2155391928
-55.198360797	-63.2149165246
-55.196980879	-63.2158123873
-55.194995639	-63.2151896659
-55.193010496	-63.2145669149
-55.191630411	-63.2154627182
-55.189645327	-63.214839914
-55.187660339	-63.2142170803
-55.186280087	-63.2151128241
-55.184295159	-63.2144899371
-55.182310327	-63.2138670207
-55.18032559	-63.2132440747
-55.178340949	-63.2126210993
-55.176356403	-63.2119980944
-55.174371953	-63.2113750601
-55.172387599	-63.2107519963
-55.17040334	-63.210128903
-55.168419177	-63.2095057802
-55.16643511	-63.2088826281
-55.164451138	-63.2082594464
-55.162467261	-63.2076362353
-55.163847938	-63.2067407773
-55.161864193	-63.2061175605
-55.159880544	-63.2054943144
-55.161261196	-63.2045988921
-55.159277677	-63.2039756403
-55.160658269	-63.2030802301
-55.158674882	-63.2024569727
-55.160055414	-63.2015615744
-55.16143585	-63.2006661644
-55.159452629	-63.2000429251
-55.160833005	-63.1991475271
-55.158849914	-63.1985242823
-55.16023023	-63.1976288962
-55.161610451	-63.1967334984
-55.159627527	-63.1961102718
-55.161007687	-63.195214886
-55.159024894	-63.1945916537
-55.160404994	-63.1936962799
-55.158422332	-63.193073042
-55.159802372	-63.1921776802
-55.15781984	-63.1915544366
-55.15919982	-63.1906590869
-55.15721742	-63.1900358377
-55.155235115	-63.1894125591
-55.15661507	-63.1885172452
-55.154632896	-63.187893961
-55.152650817	-63.1872706474
-55.151270791	-63.1881659138
-55.14989067	-63.1890611683
-55.148510453	-63.1899564111
-55.147130141	-63.190851642
-55.145749733	-63.1917468612
-55.14436923	-63.1926420686
-55.142988631	-63.1935372641
-55.141607937	-63.1944324478
-55.140227147	-63.1953276198
-55.138846262	-63.1962227799
-55.140828694	-63.1968463315
-55.139447748	-63.1977415037
-55.138066707	-63.198636664
-55.13668557	-63.1995318124
-55.138668204	-63.2001554061
-55.137287007	-63.2010505666
-55.135905714	-63.2019457153
-55.13392301	-63.2013220739
-55.132541587	-63.2022171869
-55.130558943	-63.2015934924
-55.128576395	-63.2009697684
-55.127194805	-63.2018648219
-55.125212317	-63.2012410447
-55.123830597	-63.2021360626
-55.121848169	-63.2015122321
-55.120466318	-63.2024072144
-55.12244878	-63.2030310687
-55.121066869	-63.2039260629
-55.119684861	-63.2048210453
-55.118302758	-63.2057160158
-55.116920559	-63.2066109745
-55.115538265	-63.2075059214
-55.113555626	-63.206881948
-55.1121732	-63.2077768592
-55.110790679	-63.2086717586
-55.109408062	-63.2095666461
-55.107425413	-63.2089425718
-55.106042666	-63.2098374236
-55.104659822	-63.2107322636
-55.103276883	-63.2116270917
-55.101893848	-63.2125219079
-55.100510718	-63.2134167123
-55.098527988	-63.2127924894
-55.097144727	-63.2136872581
-55.09576137	-63.214582015
-55.093778665	-63.213957715
-55.092395177	-63.2148524361
-55.090412534	-63.2142280829
-55.089028914	-63.2151227683
-55.0876452	-63.2160174419
-55.085662581	-63.2153930115
-55.084278735	-63.2162876494
-55.082894794	-63.2171822753
-55.080912201	-63.2165577679
-55.082894794	-63.2171822753
-55.081510756	-63.2180768894
-55.080126623	-63.2189714916
-55.078742394	-63.2198660819
-55.080725188	-63.2204906315
-55.079340899	-63.2213852338
-55.077956513	-63.2222798242
-55.075973649	-63.2216552269
-55.074589133	-63.2225497816
-55.072606329	-63.221925131
-55.071221681	-63.22281965
-55.069238938	-63.2221949462
-55.06785416	-63.2230894294
-55.065871477	-63.2224646724
-55.064486568	-63.2233591198
-55.063101563	-63.2242535553
-55.061716461	-63.2251479789
-55.060331265	-63.2260423906
-55.058945972	-63.2269367905
-55.057560583	-63.2278311784
-55.056175098	-63.2287255544
-55.054789518	-63.2296199185
-55.053403841	-63.2305142707
-55.05538684	-63.2311392425
-55.054001103	-63.2320336066
-55.055984233	-63.2326585729
-55.054598435	-63.233552949
-55.053212541	-63.2344473132
-55.055195836	-63.2350722978
-55.053809882	-63.235966674
-55.052423831	-63.2368610382
-55.053021182	-63.2383804174
-55.051634974	-63.2392747816
-55.052232334	-63.2407941792
-55.050056818	-63.2441023238
-55.052040778	-63.2447273819
-55.050654196	-63.2456217582
-55.052638288	-63.2462468107
-55.051251645	-63.247141199
-55.053235869	-63.247766246
-55.055220188	-63.2483912635
-55.053833519	-63.2492856876
-55.05581797	-63.2499106997
-55.05443124	-63.2508051358
-55.053044414	-63.2516995599
-55.051657493	-63.2525939721
-55.053642145	-63.2532190264
-55.052255162	-63.2541134506
-55.050868083	-63.2550078628
-55.052852902	-63.2556329355
-55.051465762	-63.2565273597
-55.053450712	-63.2571524268
-55.052063511	-63.258046863
-55.050676214	-63.2589412872
-55.052661331	-63.2595663727
-55.051273973	-63.2604608089
-55.049886519	-63.2613552332
-55.048498969	-63.2622496455
-55.047111323	-63.2631440459
-55.045723581	-63.2640384343
-55.044335742	-63.2649328108
-55.042947807	-63.2658271754
-55.044933266	-63.2664523987
-55.04354527	-63.2673467752
-55.042157179	-63.2682411398
-55.044142804	-63.2688663815
-55.042754651	-63.269760758
-55.041366402	-63.2706551226
-55.043352194	-63.2712803827
-55.041963883	-63.2721747592
-55.040575477	-63.2730691238
-55.042561436	-63.2736944023
-55.041172968	-63.2745887788
-55.039784404	-63.2754831434
-55.04177053	-63.2761084402
-55.040381905	-63.2770028167
-55.042368161	-63.2776281081
-55.040979475	-63.2785224966
-55.039590693	-63.2794168731
-55.041577116	-63.2800421828
-55.040188273	-63.2809365713
-55.042174828	-63.2815618755
-55.040785924	-63.2824562759
-55.04277261	-63.2830815746
-55.041383645	-63.283975987
-55.043370462	-63.2846012801
-55.041981436	-63.2854957045
-55.040592313	-63.2863901169
-55.039203094	-63.2872845173
-55.041190114	-63.2879098527
-55.039800833	-63.2888042651
-55.038411456	-63.2896986655
-55.040398643	-63.2903240193
-55.039009205	-63.2912184317
-55.040996523	-63.29184378
-55.039607024	-63.2927382043
-55.046766304	-63.2976536755
-55.045376692	-63.2985481835
-55.04736473	-63.2991734507
-55.045975056	-63.3000679708
-55.044585287	-63.3009624788
-55.046573491	-63.3015877644
-55.045183661	-63.3024822844
-55.047171997	-63.3031075644
-55.045782105	-63.3040020964
-55.047770574	-63.3046273709
-55.04638062	-63.3055219148
-55.04836922	-63.3061471838
-55.046979206	-63.3070417397
-55.048967938	-63.3076670031
-55.047577863	-63.3085615709
-55.049566726	-63.3091868288
-55.051555687	-63.3098120571
-55.050165585	-63.3107066609
-55.052154677	-63.3113318836
-55.054143866	-63.3119570769
-55.052753738	-63.3128517166
-55.054743059	-63.3134769043
-55.053352871	-63.3143715559
-55.055342323	-63.3149967381
-55.055941658	-63.3165165783
-55.054551347	-63.3174112539
-55.056541063	-63.3180364249
-55.055150691	-63.3189311124
-55.057140539	-63.3195562779
-55.055750105	-63.3204509774
-55.056349591	-63.3219708488
-55.056949147	-63.3234907266
-55.055558495	-63.324385438
-55.057548774	-63.3250106107
-55.05953915	-63.3256357539
-55.061529623	-63.3262608676
-55.06013898	-63.3271556389
-55.062129585	-63.327780747
-55.064120286	-63.3284058255
-55.062729617	-63.3293006328
-55.064720451	-63.3299257058
-55.066711381	-63.3305507492
-55.068702407	-63.3311757631
-55.070693531	-63.3318007474
-55.072684751	-63.3324257023
-55.071294163	-63.3333206173
-55.073285515	-63.3339455665
-55.075276964	-63.3345704862
-55.077268509	-63.3351953763
-55.075877931	-63.3360903512
-55.077869608	-63.3367152358
-55.079861382	-63.3373400908
-55.08125189	-63.3364450679
-55.083243725	-63.3370698694
-55.085235657	-63.3376946413
-55.087227686	-63.3383193836
-55.089219812	-63.3389440964
-55.091212034	-63.3395687796
-55.093204352	-63.3401934333
-55.095196768	-63.3408180573
-55.09718928	-63.3414426518
-55.099181889	-63.3420672168
-55.101174595	-63.3426917521
-55.103167397	-63.3433162578
-55.101777281	-63.3442115441
-55.103770215	-63.3448360443
-55.105763246	-63.3454605148
-55.107756375	-63.3460849558
-55.109749599	-63.3467093671
-55.108359528	-63.3476047373
-55.110352885	-63.348229143
-55.112346339	-63.3488535191
-55.11433989	-63.3494778656
-55.116333537	-63.3501021825
-55.118327281	-63.3507264698
-55.120321122	-63.3513507275
-55.122315059	-63.3519749556
-55.124309093	-63.3525991541
-55.126303224	-63.3532233229
-55.128297452	-63.3538474622
-55.130291776	-63.3544715718
-55.132286197	-63.3550956518
-55.134280715	-63.3557197022
-55.13627533	-63.3563437229
-55.138270041	-63.3569677141
-55.14026485	-63.3575916755
-55.141654349	-63.3566959222
-55.143649219	-63.3573198301
-55.145644184	-63.3579437083
-55.147033516	-63.3570478951
-55.151023667	-63.3582955148
-55.153018887	-63.3589192802
-55.155014204	-63.3595430159
-55.156403296	-63.358647095
-55.158398674	-63.3592707772
-55.159787633	-63.3583748204
-55.161783072	-63.3589984489
-55.163171898	-63.3581024562
-55.164560628	-63.3572064517
-55.166556092	-63.3578300027
-55.168551653	-63.358453524
-55.17054731	-63.3590770157
-55.169158688	-63.3599730921
-55.171154478	-63.360596578
-55.171761718	-63.3621161467
-55.170372974	-63.3630122472
-55.171761718	-63.3621161467
-55.173757737	-63.3627395973
-55.175753854	-63.3633630182
-55.177750067	-63.3639864094
-55.179138606	-63.3630902252
-55.18113488	-63.3637135628
-55.183131251	-63.3643368707
-55.184519621	-63.3634406267
-55.186516053	-63.364063881
-55.188512581	-63.3646871056
-55.189900783	-63.3637908018
-55.191897373	-63.3644139728
-55.193285442	-63.3635176332
-55.195282092	-63.3641407505
-55.196670029	-63.3632443751
-55.200054544	-63.3629710275
-55.201442251	-63.3620746043
-55.202829862	-63.3611781692
-55.204826561	-63.3618011315
-55.206214039	-63.3609046606
-55.208210799	-63.3615275692
-55.211594965	-63.3612539174
-55.213591883	-63.3618767427
-55.21497906	-63.3609801763
-55.216976038	-63.3616029479
-55.218973113	-63.3622256898
-55.220360121	-63.3613290636
-55.222357256	-63.3619517519
-55.224354488	-63.3625744105
-55.225741328	-63.3616777246
-55.22773862	-63.3623003295
-55.22973601	-63.3629229048
-55.23112268	-63.3620261591
-55.23312013	-63.3626486807
-55.234506668	-63.3617518993
-55.236504179	-63.3623743672
-55.238501786	-63.3629968054
-55.239888155	-63.3620999643
-55.241885823	-63.3627223489
-55.243272059	-63.3618254719
-55.245269787	-63.3624478029
-55.247267613	-63.363070104
-55.24865368	-63.3621731674
-55.250651565	-63.362795415
-55.252037499	-63.3618984426
-55.254035446	-63.3625206365
-55.256033489	-63.3631428006
-55.257419254	-63.3622457685
-55.259417357	-63.362867879
-55.26080299	-63.3619708112
-55.262801154	-63.362592868
-55.264186653	-63.3616957644
-55.266184877	-63.3623177676
-55.268183198	-63.362939741
-55.269568529	-63.3620425778
-55.27156691	-63.3626644975
-55.272952108	-63.3617672985
-55.27495055	-63.3623891646
-55.276335615	-63.3614919299
-55.278334117	-63.3621137423
-55.280332716	-63.3627355249
-55.281717612	-63.3618382306
-55.283716271	-63.3624599595
-55.285715027	-63.3630816587
-55.287099754	-63.3621843047
-55.28909857	-63.3628059503
-55.29248204	-63.3625301524
-55.294481013	-63.3631517145
-55.295865438	-63.3622542652
-55.297864471	-63.3628757736
-55.299863601	-63.3634972522
-55.301247857	-63.3625997432
-55.303247047	-63.3632211682
-55.305246334	-63.3638425634
-55.30663042	-63.3629449948
-55.308629767	-63.3635663363
-55.310629211	-63.364187648
-55.312013128	-63.3632900198
-55.314012632	-63.3639112778
-55.315396416	-63.3630136139
-55.31739598	-63.3636348182
-55.318779631	-63.3627371186
-55.320779256	-63.3633582693
-55.322162774	-63.362460534
-55.323546195	-63.361562787
-55.325545843	-63.36218386
-55.326929132	-63.3612860773
-55.328312324	-63.3603882827
-55.330311996	-63.3610092782
-55.331695055	-63.360111448
-55.333078018	-63.359213606
-55.335077714	-63.3598345239
-55.336460543	-63.3589366462
-55.338460299	-63.3595575104
-55.339842996	-63.3586595971
-55.341842811	-63.3592804076
-55.343225375	-63.3583824586
-55.344607842	-63.3574844979
-55.346607682	-63.3581052308
-55.347990016	-63.3572072344
-55.349989916	-63.3578279136
-55.351372117	-63.3569298816
-55.353372077	-63.3575505071
-55.355372133	-63.3581711028
-55.356754165	-63.3572730113
-55.3581361	-63.356374908
-55.36013618	-63.3569954261
-55.361517982	-63.3560972872
-55.362899688	-63.3551991365
-55.364281297	-63.354300974
-55.366281364	-63.3549213907
-55.36766284	-63.3540231926
-55.373806708	-63.3519488194
-55.375806822	-63.3525690809
-55.377187839	-63.3516707881
-55.378568761	-63.3507724837
-55.379949586	-63.3498741675
-55.381330314	-63.3489758395
-55.382710946	-63.3480774998
-55.380711015	-63.3474573577
-55.382091588	-63.3465590302
-55.383472064	-63.3456606909
-55.381472302	-63.3450405667
-55.382852718	-63.3441422396
-55.384233038	-63.3432439008
-55.385613262	-63.3423455502
-55.386993389	-63.341447188
-55.388373419	-63.340548814
-55.389753354	-63.3396504283
-55.391133192	-63.3387520309
-55.392512934	-63.3378536218
-55.394512403	-63.3384735551
-55.395892011	-63.3375751104
-55.397271524	-63.3366766541
-55.399271016	-63.3372965099
-55.400650396	-63.3363980179
-55.40202968	-63.3354995143
-55.403408867	-63.334600999
-55.405408345	-63.3352207534
-55.4067874	-63.3343222025
-55.408786938	-63.3349419033
-55.41016586	-63.3340433168
-55.411544685	-63.3331447187
-55.413544246	-63.333764342
-55.414922939	-63.3328657083
-55.41692256	-63.3334852779
-55.41830112	-63.3325866087
-55.419679583	-63.3316879278
-55.42105795	-63.3307892353
-55.423057558	-63.3314087035
-55.424435792	-63.3305099754
-55.42581393	-63.3296112357
-55.42781356	-63.3302306264
-55.429191566	-63.3293318511
-55.430569475	-63.3284330642
-55.432569128	-63.3290523774
-55.433946904	-63.3281535549
-55.435946617	-63.3287728144
-55.437324261	-63.3278739565
-55.439324033	-63.3284931623
-55.440701543	-63.3275942689
-55.442078958	-63.3266953638
-55.444078753	-63.3273144921
-55.445456035	-63.3264155516
-55.447455889	-63.3270346262
-55.448833038	-63.3261356501
-55.450832952	-63.3267546711
-55.454209941	-63.3264746269
-55.45621001	-63.3270935643
-55.457586857	-63.3261944935
-55.459586985	-63.3268133772
-55.462963887	-63.326533101
-55.466340715	-63.3262527356
-55.467717163	-63.3253535583
-55.46971747	-63.325972281
-55.471093785	-63.3250730683
-55.473094151	-63.3256917373
-55.475094613	-63.3263103765
-55.476470758	-63.3254111045
-55.47847128	-63.32602969
-55.480471898	-63.3266482456
-55.482472611	-63.3272667713
-55.484473421	-63.3278852671
-55.485849323	-63.3269858882
-55.487850192	-63.3276043304
-55.489851157	-63.3282227426
-55.49122689	-63.3273233045
-55.493227914	-63.3279416631
-55.495229034	-63.3285599917
-55.496604597	-63.3276604943
-55.498605777	-63.3282787693
-55.500607052	-63.3288970144
-55.502608424	-63.3295152295
-55.504609892	-63.3301334148
-55.506611456	-63.3307515702
-55.508613117	-63.3313696956
-55.509988362	-63.3304700438
-55.511990081	-63.3310881155
-55.513365193	-63.3301884282
-55.515366971	-63.3308064462
-55.517368846	-63.3314244344
-55.519370816	-63.3320423926
-55.520745721	-63.3311426222
-55.522747751	-63.3317605267
-55.524122523	-63.330860721
-55.526124612	-63.3314785717
-55.527499251	-63.3305787306
-55.529501399	-63.3311965276
-55.530875905	-63.3302966511
-55.532878112	-63.3309143944
-55.534880415	-63.3315321077
-55.536882814	-63.3321497912
-55.538257113	-63.3312498317
-55.540259571	-63.3318674614
-55.542262125	-63.3324850611
-55.544264776	-63.333102631
-55.542890588	-63.3340026619
-55.544893371	-63.3346202256
-55.546896251	-63.3352377594
-55.545522041	-63.3361378264
-55.547525054	-63.336755354
-55.546150785	-63.3376554332
-55.548153931	-63.3382729547
-55.546779604	-63.3391730461
-55.548782883	-63.3397905614
-55.550786258	-63.3404080468
-55.549411908	-63.3413081743
-55.551415416	-63.3419256535
-55.550041008	-63.3428257932
-55.548666503	-63.3437259213
-55.550670182	-63.3443434182
-55.552044649	-63.3434432663
-55.554048387	-63.3440607095
-55.555422721	-63.3431605222
-55.557426518	-63.3437779115
-55.558800719	-63.3428776888
-55.560174824	-63.3419774546
-55.562178643	-63.3425947664
-55.563552615	-63.3416944967
-55.56492649	-63.3407942155
-55.568304073	-63.3405111331
-55.56967772	-63.339610805
-55.571681582	-63.3402279616
-55.573055095	-63.3393275981
-55.576432396	-63.3390443021
-55.57780568	-63.3381438917
-55.579178868	-63.3372434697
-55.581182773	-63.3378604712
-55.582555828	-63.3369600139
-55.584559792	-63.3375769616
-55.585932714	-63.336676469
-55.587936737	-63.3372933629
-55.589940857	-63.3379102269
-55.591313608	-63.3370096751
-55.593317786	-63.3376264853
-55.594690403	-63.3367258982
-55.59669464	-63.3373426546
-55.598067125	-63.3364420321
-55.600071421	-63.3370587348
-55.602075812	-63.3376754075
-55.603448126	-63.3367747259
-55.605452577	-63.3373913448
-55.606824758	-63.3364906279
-55.608829267	-63.337107193
-55.612205882	-63.3368229521
-55.614210546	-63.3374394334
-55.615582423	-63.3365386221
-55.617587146	-63.3371550496
-55.618958889	-63.336254203
-55.620330537	-63.3353533449
-55.622335281	-63.3359696949
-55.623706795	-63.3350688014
-55.625078213	-63.3341678965
-55.627082979	-63.3347841689
-55.628454264	-63.3338832286
-55.629825453	-63.3329822769
-55.63183024	-63.3335984717
-55.633201295	-63.3326974847
-55.634572255	-63.3317964862
-55.635943119	-63.3308954761
-55.637313887	-63.3299944546
-55.638684559	-63.3290934215
-55.640055135	-63.328192377
-55.641425615	-63.327291321
-55.642795999	-63.3263902534
-55.644166288	-63.3254891744
-55.646170834	-63.3261051253
-55.647540989	-63.325204011
-55.649545594	-63.3258199082
-55.650915616	-63.3249187586
-55.65292028	-63.325534602
-55.654925039	-63.3261504153
-55.656294891	-63.3252492068
-55.658299708	-63.3258649663
-55.660304622	-63.3264806958
-55.661674303	-63.3255794283
-55.663679275	-63.326195104
-55.665048822	-63.3252938013
-55.667053853	-63.3259094232
-55.668423267	-63.3250080852
-55.670428356	-63.3256236534
-55.671797637	-63.3247222802
-55.673166821	-63.3238208955
-55.674535911	-63.3229194993
-55.676540983	-63.3235349662
-55.677909939	-63.3226335348
-55.684753281	-63.3181262061
-55.686121662	-63.317224706
-55.688126568	-63.3178399766
-55.689494816	-63.3169384413
-55.690862968	-63.3160368945
-55.692867895	-63.3166520876
-55.694235914	-63.3157505057
-55.695603837	-63.3148489123
-55.696971664	-63.3139473075
-55.698339396	-63.3130456912
-55.699707032	-63.3121440635
-55.701074572	-63.3112424244
-55.702442017	-63.3103407738
-55.703809365	-63.3094391119
-55.705814088	-63.310054085
-55.707181304	-63.3091523879
-55.708548424	-63.3082506793
-55.710553167	-63.3088655749
-55.711920153	-63.3079638312
-55.713287045	-63.307062076
-55.71465384	-63.3061603095
-55.71602054	-63.3052585315
-55.718025229	-63.3058733022
-55.719391795	-63.304971489
-55.720758266	-63.3040696645
-55.718753653	-63.3034549413
-55.720120066	-63.302553129
-55.721486383	-63.3016513054
-55.71948194	-63.3010365995
-55.7208482	-63.3001347882
-55.722214364	-63.2992329654
-55.724218731	-63.2998476239
-55.725584762	-63.298945766
-55.727589188	-63.2995603707
-55.728955085	-63.2986584777
-55.730959569	-63.2992730286
-55.732325333	-63.2983711005
-55.733691002	-63.297469161
-55.735695506	-63.2980836344
-55.737061042	-63.2971816598
-55.740431006	-63.2968940698
-55.741796314	-63.2959920487
-55.743161525	-63.2950900162
-55.744526641	-63.2941879723
-55.745891661	-63.2932859171
-55.743887287	-63.2926716159
-55.74525225	-63.291769573
-55.747256586	-63.2923838504
-55.748621416	-63.2914817724
-55.74998615	-63.290579683
-55.751990507	-63.291193883
-55.753355107	-63.2902917585
-55.754719613	-63.2893896226
-55.75672399	-63.2900037452
-55.758088362	-63.2891015742
-55.760092797	-63.289715643
-55.761457036	-63.288813437
-55.76282118	-63.2879112197
-55.764825635	-63.288525211
-55.766189646	-63.2876229586
-55.767553561	-63.2867206948
-55.769558036	-63.2873346087
-55.770921818	-63.2864323099
-55.772285505	-63.2855299997
-55.77429	-63.2861438361
-55.776294591	-63.2867576425
-55.777658107	-63.2858552736
-55.779662755	-63.2864690262
-55.781667499	-63.2870827488
-55.783030844	-63.2861803212
-55.785035646	-63.28679399
-55.786398858	-63.2858915273
-55.787761974	-63.2849890533
-55.789766796	-63.2856026446
-55.791129779	-63.2847001356
-55.792492667	-63.2837976152
-55.794497509	-63.2844111291
-55.796502446	-63.285024613
-55.795139633	-63.2859271807
-55.797144703	-63.2865406582
-55.795781832	-63.2874432383
-55.797787036	-63.2880567093
-55.796424108	-63.2889593017
-55.795061084	-63.2898618828
-55.797066458	-63.2904753711
-55.795703377	-63.2913779646
-55.794340201	-63.2922805467
-55.792334751	-63.291667011
-55.790971442	-63.2925695581
-55.789608037	-63.2934720938
-55.788244536	-63.2943746182
-55.786239069	-63.2937609813
-55.784875435	-63.2946634707
-55.782870026	-63.29404978
-55.781506259	-63.2949522343
-55.780142396	-63.2958546773
-55.778137007	-63.2952409092
-55.776773011	-63.2961433171
-55.77540892	-63.2970457136
-55.773403551	-63.296431868
-55.772039327	-63.2973342295
-55.770675007	-63.2982365796
-55.769310592	-63.2991389183
-55.767946081	-63.3000412457
-55.769951601	-63.3006551861
-55.768587033	-63.3015575258
-55.770592686	-63.3021714598
-55.76922806	-63.3030738118
-55.771233847	-63.3036877394
-55.769869162	-63.3045901038
-55.771875083	-63.305204025
-55.77051034	-63.3061064017
-55.772516394	-63.3067203166
-55.774522543	-63.3073342014
-55.773157781	-63.3082366141
-55.775164063	-63.3088504925
-55.773799243	-63.3097529176
-55.772434327	-63.3106553313
-55.774440781	-63.311269227
-55.773075807	-63.3121716531
-55.775082394	-63.3127855424
-55.773717363	-63.3136879808
-55.775724083	-63.3143018637
-55.774358993	-63.3152043144
-55.772993809	-63.3161067538
-55.771628528	-63.3170091818
-55.770263152	-63.3179115984
-55.76889768	-63.3188140036
-55.770904685	-63.319427975
-55.769539155	-63.3203303925
-55.771546293	-63.3209443576
-55.770180706	-63.3218467874
-55.772187977	-63.3224607461
-55.774195344	-63.3230746746
-55.775560856	-63.3221721972
-55.777568281	-63.3227860719
-55.779575802	-63.3233999165
-55.780941143	-63.3224973803
-55.782948721	-63.323111171
-55.784956395	-63.3237249316
-55.786321565	-63.3228223367
-55.788329297	-63.3234360434
-55.789694333	-63.3225334134
-55.791702122	-63.3231470663
-55.793710008	-63.3237606891
-55.795074873	-63.3228580002
-55.797082816	-63.3234715692
-55.798447547	-63.3225688453
-55.800455548	-63.3231823604
-55.801820146	-63.3222796014
-55.803828205	-63.3228930626
-55.805192669	-63.3219902686
-55.807200785	-63.3226036759
-55.808565116	-63.3217008468
-55.81057329	-63.3223142004
-55.811937487	-63.3214113362
-55.813945719	-63.3220246359
-55.815309783	-63.3211217367
-55.817318073	-63.3217349825
-55.818682002	-63.3208320482
-55.82069035	-63.3214452402
-55.822054146	-63.3205422709
-55.824062551	-63.321155409
-55.826071052	-63.321768517
-55.827434677	-63.3208654889
-55.828798206	-63.3199624495
-55.830806727	-63.3205754799
-55.832170122	-63.3196724055
-55.834178701	-63.3202853821
-55.835541963	-63.3193822726
-55.836905129	-63.3184791518
-55.838913727	-63.3190920508
-55.84027676	-63.318188895
-55.8382682	-63.3175760197
-55.839631176	-63.3166728762
-55.837622749	-63.3160599944
-55.838985667	-63.3151568634
-55.836977374	-63.3145439751
-55.838340235	-63.3136408564
-55.839702999	-63.3127377264
-55.837694878	-63.3121248554
-55.839057585	-63.3112217377
-55.837049598	-63.3106088602
-55.838412247	-63.3097057549
-55.839774801	-63.3088026383
-55.837766985	-63.3081897781
-55.837121799	-63.3066738071
-55.835114211	-63.3060609103
-55.836476688	-63.3051578421
-55.83783907	-63.3042547626
-55.839201356	-63.3033516718
-55.841208829	-63.3039644976
-55.842570982	-63.3030613718
-55.843933039	-63.3021582347
-55.845940532	-63.302770983
-55.847302456	-63.3018678109
-55.849310006	-63.3024805053
-55.850671797	-63.3015772982
-55.852679405	-63.3021899389
-55.854041062	-63.3012866968
-55.855402623	-63.3003834435
-55.857410251	-63.3009960066
-55.858771679	-63.3000927183
-55.860779364	-63.3007052276
-55.862140659	-63.2998019043
-55.864148401	-63.3004143598
-55.865509562	-63.2995110015
-55.866870628	-63.298607632
-55.86887839	-63.29922001
-55.870239322	-63.2983166055
-55.872247141	-63.2989289296
-55.87360794	-63.2980254902
-55.875615817	-63.2986377605
-55.876976482	-63.2977342861
-55.878337053	-63.2968308004
-55.880344948	-63.2974429933
-55.881705385	-63.2965394727
-55.883713338	-63.2971516117
-55.885073641	-63.2962480561
-55.88643385	-63.2953444893
-55.888441822	-63.2959565508
-55.889801896	-63.2950529491
-55.891809926	-63.2956649568
-55.89381805	-63.2962769343
-55.895177953	-63.2953732739
-55.897186135	-63.2959851976
-55.898545905	-63.2950815024
-55.900554144	-63.2956933722
-55.90191378	-63.2947896421
-55.903922077	-63.2954014581
-55.905281579	-63.294497693
-55.907289933	-63.2951094552
-55.905930468	-63.2960132439
-55.907938955	-63.2966249996
-55.909947537	-63.297236725
-55.911956214	-63.2978484203
-55.913964987	-63.2984600854
-55.915973855	-63.2990717203
-55.917982819	-63.2996833249
-55.916623488	-63.3005872443
-55.918632585	-63.3011988425
-55.917273196	-63.3021027743
-55.919282427	-63.3027143659
-55.917922982	-63.3036183101
-55.919932346	-63.3042298951
-55.918572843	-63.3051338518
-55.917213245	-63.3060377971
-55.919222781	-63.3066493993
-55.917863126	-63.3075533571
-55.916503376	-63.3084573036
-55.918513084	-63.3090689228
-55.917153276	-63.3099728818
-55.919163117	-63.3105844945
-55.917803253	-63.3114884658
-55.916443293	-63.3123924259
-55.915083237	-63.3132963748
-55.917093288	-63.3139080283
-55.915733176	-63.3148119895
-55.914372968	-63.3157159395
-55.913012664	-63.3166198782
-55.915022926	-63.3172315725
-55.917033283	-63.3178432365
-55.91567296	-63.3187472113
-55.917683451	-63.3193588688
-55.919694037	-63.3199704961
-55.926377148	-63.3233208083
-55.92838825	-63.323932308
-55.927028004	-63.324836426
-55.92903924	-63.3254479192
-55.931050571	-63.3260593821
-55.933061997	-63.3266708148
-55.935073519	-63.3272822172
-55.933713332	-63.3281864186
-55.935724988	-63.3287978144
-55.937736739	-63.32940918
-55.939748586	-63.3300205153
-55.941760529	-63.3306318204
-55.940400399	-63.3315361053
-55.942412475	-63.3321474037
-55.944424647	-63.3327586719
-55.946436914	-63.3333699099
-55.945076804	-63.3342742545
-55.947089205	-63.3348854858
-55.945729038	-63.3357898429
-55.947741573	-63.3364010676
-55.946381349	-63.3373054371
-55.945021028	-63.3382097953
-55.947033736	-63.3388210371
-55.945673359	-63.3397254078
-55.9476862	-63.340336643
-55.946325766	-63.3412410261
-55.948338741	-63.3418522547
-55.949699138	-63.3409478479
-55.951712171	-63.3415590225
-55.953725299	-63.3421701669
-55.955085523	-63.3412657015
-55.956445651	-63.3403612249
-55.957805683	-63.3394567371
-55.95916562	-63.338552238
-55.960525462	-63.3376477276
-55.961885208	-63.3367432061
-55.963898201	-63.3373541781
-55.965257813	-63.3364496216
-55.967270863	-63.3370605397
-55.968630341	-63.3361559483
-55.970643449	-63.3367668124
-55.972002793	-63.3358621861
-55.974015957	-63.3364729962
-55.975375167	-63.3355683351
-55.977388389	-63.3361790912
-55.978747464	-63.3352743952
-55.980106445	-63.3343696879
-55.982119685	-63.3349803664
-55.98413302	-63.3355910147
-55.985491828	-63.3346862489
-55.987505221	-63.3352968431
-55.988863895	-63.3343920424
-55.990877344	-63.3350025827
-55.992235884	-63.3340977472
-55.993594328	-63.3331929004
-55.995607796	-63.3338033631
-55.996966106	-63.3328984815
-55.998979631	-63.3335088902
-56.000337807	-63.3326039737
-56.002351389	-63.3332143284
-56.004365066	-63.3338246528
-56.00572307	-63.3329196778
-56.007736804	-63.3335299483
-56.009094673	-63.3326249384
-56.011108464	-63.3332351549
-56.01312235	-63.3338453411
-56.015136332	-63.3344554969
-56.013778578	-63.3353605777
-56.015792694	-63.3359707268
-56.014434884	-63.3368758201
-56.016449133	-63.3374859625
-56.015091266	-63.3383910683
-56.01710565	-63.339001204
-56.017762244	-63.3405164513
-56.019776858	-63.3411265501
-56.018418915	-63.3420317044
-56.017060877	-63.3429368475
-56.019075664	-63.3435469632
-56.017717569	-63.3444521188
-56.01973249	-63.3450622278
-56.018374338	-63.3459673958
-56.017016091	-63.3468725527
-56.019031184	-63.3474826787
-56.01767288	-63.348387848
-56.019688108	-63.3489979673
-56.018329747	-63.349903149
-56.020345109	-63.3505132617
-56.018986691	-63.3514184559
-56.021002187	-63.3520285618
-56.023017779	-63.3526386374
-56.021659343	-63.3535438677
-56.020300811	-63.3544490869
-56.022316576	-63.3550591794
-56.020957988	-63.355964411
-56.019599304	-63.3568696315
-56.021615241	-63.357479741
-56.0202565	-63.3583849739
-56.022272573	-63.3589950767
-56.020913775	-63.359900322
-56.019554881	-63.3608055562
-56.018195892	-63.3617107791
-56.016836807	-63.3626159909
-56.01885313	-63.363226158
-56.017493988	-63.3641313822
-56.019510445	-63.3647415426
-56.018151246	-63.3656467793
-56.020167838	-63.366256933
-56.022184525	-63.3668670563
-56.020825308	-63.3677723291
-56.02284213	-63.3683824458
-56.024859047	-63.368992532
-56.02687606	-63.3696025879
-56.028893168	-63.3702126133
-56.030910373	-63.3708226084
-56.029551254	-63.3717279884
-56.031568593	-63.3723379768
-56.033586027	-63.3729479347
-56.03222689	-63.3738533509
-56.034244459	-63.3744633021
-56.036262124	-63.3750732229
-56.034902969	-63.3759786752
-56.036920768	-63.3765885893
-56.035561556	-63.3774940541
-56.034202249	-63.3783995077
-56.036220221	-63.3790094387
-56.036878964	-63.3805248291
-56.038897167	-63.381134723
-56.040915466	-63.3817445866
-56.042274714	-63.3808390495
-56.04429307	-63.3814488589
-56.046311521	-63.3820586379
-56.048330068	-63.3826683864
-56.046970937	-63.3835739946
-56.048989619	-63.3841837364
-56.051008396	-63.3847934478
-56.05302727	-63.3854031287
-56.055046239	-63.3860127793
-56.057065304	-63.3866223994
-56.058424241	-63.3857166728
-56.060443363	-63.3863262388
-56.06246258	-63.3869357743
-56.063821344	-63.3860299893
-56.065840618	-63.3866394707
-56.067199247	-63.3857336507
-56.069218578	-63.386343078
-56.070577072	-63.3854372232
-56.07259646	-63.3860465964
-56.074615944	-63.3866559391
-56.076635524	-63.3872652514
-56.078655199	-63.3878745332
-56.080013441	-63.3869685725
-56.082033173	-63.3875778002
-56.084053001	-63.3881869974
-56.08541107	-63.3872809782
-56.087430954	-63.3878901213
-56.089450935	-63.3884992339
-56.090808829	-63.3875931562
-56.092828866	-63.3882022147
-56.094848999	-63.3888112427
-56.09620672	-63.3879051065
-56.098226909	-63.3885140803
-56.100247195	-63.3891230237
-56.101604742	-63.388216829
-56.103625083	-63.3888257182
-56.104982496	-63.3879194887
-56.107002894	-63.3885283238
-56.109023388	-63.3891371284
-56.111043978	-63.3897459026
-56.113064664	-63.3903546462
-56.115085446	-63.3909633594
-56.113728229	-63.3918697072
-56.115749145	-63.3924784136
-56.117770157	-63.3930870894
-56.119791265	-63.3936957347
-56.11843407	-63.3946021424
-56.120455313	-63.3952107809
-56.122476651	-63.3958193889
-56.121119439	-63.3967258329
-56.123140912	-63.397334434
-56.125162482	-63.3979430047
-56.125826956	-63.3994580486
-56.127848756	-63.4000665819
-56.129870652	-63.4006750847
-56.131892643	-63.4012835569
-56.13391473	-63.4018919987
-56.135936913	-63.4025004099
-56.137959192	-63.4031087906
-56.139316147	-63.4022021448
-56.141338483	-63.4028104713
-56.142695303	-63.4019037907
-56.144717695	-63.402512063
-56.146074381	-63.4016053477
-56.148096829	-63.4022135658
-56.150119373	-63.4028217533
-56.151475884	-63.4019149795
-56.153498485	-63.4025231129
-56.155521181	-63.4031312157
-56.157543974	-63.403739288
-56.158900271	-63.4028324321
-56.16092312	-63.4034404502
-56.162946064	-63.4040484377
-56.164302187	-63.4031415233
-56.166325188	-63.4037494566
-56.168348285	-63.4043573594
-56.170371477	-63.4049652316
-56.171727386	-63.4040582352
-56.173750635	-63.4046660532
-56.17577398	-63.4052738406
-56.177129714	-63.4043667857
-56.179153115	-63.4049745189
-56.180508715	-63.4040674293
-56.182532172	-63.4046751083
-56.183887637	-63.4037679839
-56.18591115	-63.4043756087
-56.187266479	-63.4034684495
-56.189290049	-63.4040760201
-56.190645244	-63.4031688262
-56.19266887	-63.4037763425
-56.194023929	-63.4028691139
-56.196047611	-63.403476576
-56.19807139	-63.4040840075
-56.199426274	-63.4031767205
-56.201450109	-63.4037840978
-56.203474039	-63.4043914445
-56.205498065	-63.4049987606
-56.207522187	-63.4056060462
-56.208876818	-63.4046986535
-56.210900995	-63.4053058848
-56.212255491	-63.4043984574
-56.214279725	-63.4050056345
-56.215634086	-63.4040981723
-56.217658376	-63.4047052952
-56.219012601	-63.4037977983
-56.220366731	-63.4028902904
-56.222391038	-63.4034973353
-56.225769395	-63.4031967834
-56.227793854	-63.4038037436
-56.229147674	-63.4028961426
-56.231172189	-63.4035030485
-56.233196799	-63.4041099237
-56.234550444	-63.4032022644
-56.236575111	-63.4038090855
-56.238599873	-63.4044158759
-56.240624731	-63.4050226357
-56.241978162	-63.4041148944
-56.244003076	-63.4047216
-56.246028086	-63.4053282749
-56.249406407	-63.405027096
-56.251431569	-63.4056336861
-56.254809867	-63.405332364
-56.25683518	-63.4059388692
-56.258860589	-63.4065453438
-56.260213455	-63.4056374039
-56.26223892	-63.4062438242
-56.260886094	-63.4071517877
-56.262911694	-63.407758201
-56.26493739	-63.4083645836
-56.266963181	-63.4089709356
-56.265610378	-63.409878959
-56.267636305	-63.410485304
-56.266283446	-63.4113933399
-56.268309508	-63.4119996778
-56.270335666	-63.4126059852
-56.268982791	-63.4135140573
-56.271009084	-63.4141203576
-56.273035473	-63.4147266273
-56.271682581	-63.4156347356
-56.273709106	-63.4162409983
-56.272356158	-63.4171491192
-56.274382818	-63.4177553748
-56.276409574	-63.4183615998
-56.278436425	-63.4189677941
-56.279789253	-63.4180596022
-56.281816161	-63.4186657422
-56.283843164	-63.4192718515
-56.285870262	-63.4198779301
-56.287222875	-63.4189696563
-56.290602508	-63.4186673722
-56.29398206	-63.4183649992
-56.295334307	-63.4174566451
-56.297361534	-63.4180625372
-56.298713645	-63.4171541484
-56.300740927	-63.4177599862
-56.302092902	-63.4168515628
-56.303444782	-63.4159431284
-56.305472081	-63.4165488883
-56.306823825	-63.4156404192
-56.308851179	-63.4162461248
-56.312230198	-63.4159432724
-56.314257704	-63.4165488929
-56.316285305	-63.4171544828
-56.318313002	-63.4177600419
-56.320340795	-63.4183655704
-56.321017314	-63.4198797135
-56.319665848	-63.4207883479
-56.318314288	-63.4216969713
-56.316286279	-63.4210914027
-56.314934583	-63.4219999914
-56.313582791	-63.4229085692
-56.312230903	-63.4238171359
-56.310202871	-63.4232114657
-56.308850848	-63.4241199978
-56.306822871	-63.4235142733
-56.305470712	-63.4244227708
-56.304118458	-63.4253312572
-56.302766107	-63.4262397327
-56.301413661	-63.4271481971
-56.300061119	-63.4280566505
-56.302089294	-63.4286624931
-56.300736697	-63.4295709592
-56.302765008	-63.4301767948
-56.301412354	-63.4310852734
-56.303440801	-63.4316911019
-56.305469343	-63.4322968998
-56.307497982	-63.4329026669
-56.309526716	-63.4335084033
-56.311555546	-63.434114109
-56.312908	-63.4332055122
-56.314936886	-63.4338111636
-56.316965867	-63.4344167842
-56.318318146	-63.4335081291
-56.320347183	-63.4341136954
-56.321699326	-63.4332050057
-56.323728419	-63.4338105176
-56.325080427	-63.4329017933
-56.326432338	-63.4319930579
-56.328461447	-63.4325984918
-56.329813223	-63.4316897219
-56.331842388	-63.4322951015
-56.333194028	-63.4313862968
-56.335223248	-63.4319916221
-56.337252565	-63.4325969166
-56.339281977	-63.4332021803
-56.341311485	-63.4338074134
-56.339960004	-63.4347163125
-56.341989648	-63.4353215384
-56.340638112	-63.4362304501
-56.342667892	-63.4368356689
-56.344697767	-63.437440857
-56.343346215	-63.438349805
-56.345376226	-63.4389549859
-56.347406333	-63.4395601361
-56.348757804	-63.4386511408
-56.350787967	-63.4392562366
-56.352818225	-63.4398613017
-56.35416952	-63.4389522482
-56.356199834	-63.4395572588
-56.358230244	-63.4401622387
-56.359581363	-63.439253127
-56.361611829	-63.4398580525
-56.362962812	-63.4389489062
-56.364993333	-63.4395537773
-56.366344181	-63.4386445964
-56.368374758	-63.4392494131
-56.36972547	-63.4383401976
-56.371756102	-63.4389449599
-56.373106678	-63.4380357098
-56.375137366	-63.4386404178
-56.376487806	-63.4377311331
-56.378518549	-63.4383357867
-56.380549388	-63.4389404094
-56.381899653	-63.4380310665
-56.383930547	-63.4386356349
-56.385280676	-63.4377262575
-56.387311626	-63.4383307715
-56.388661618	-63.4374213594
-56.390692624	-63.438025819
-56.39204248	-63.4371163724
-56.394073542	-63.4377207776
-56.395423262	-63.4368112965
-56.396772887	-63.4359018043
-56.398803964	-63.4365061316
-56.400153453	-63.4355966049
-56.402184585	-63.4362008777
-56.404215813	-63.4368051197
-56.406247136	-63.4374093309
-56.408278555	-63.4380135113
-56.410310069	-63.438617661
-56.411659262	-63.4377080053
-56.413690832	-63.4383121005
-56.415722497	-63.4389161649
-56.417071513	-63.4380064511
-56.418420434	-63.4370967264
-56.420452115	-63.4377007128
-56.421800899	-63.4367909536
-56.423832635	-63.4373948855
-56.425181284	-63.4364850918
-56.427213075	-63.4370889693
-56.428561588	-63.436179141
-56.429910005	-63.4352693018
-56.431941811	-63.4358731014
-56.433290092	-63.4349632277
-56.435321954	-63.4355669728
-56.436670099	-63.4346570646
-56.438018148	-63.4337471454
-56.440050025	-63.4343508126
-56.441397938	-63.4334408589
-56.442745756	-63.4325308943
-56.444777648	-63.4331344835
-56.446125329	-63.4322244844
-56.447472916	-63.4313144744
-56.448820406	-63.4304044536
-56.450167802	-63.4294944218
-56.451515101	-63.4285843791
-56.452862305	-63.4276743255
-56.454209413	-63.4267642611
-56.455556426	-63.4258541857
-56.456903344	-63.4249440995
-56.458250166	-63.4240340023
-56.459596892	-63.4231238943
-56.460943523	-63.4222137753
-56.462290058	-63.4213036455
-56.463636498	-63.4203935048
-56.461605171	-63.4197902458
-56.462951556	-63.4188801178
-56.464297846	-63.4179699789
-56.462266695	-63.4173667362
-56.46361293	-63.41645661
-56.461581915	-63.41585336
-56.459550996	-63.4152500793
-56.457520172	-63.4146467677
-56.455489444	-63.4140434253
-56.456835744	-63.4131333825
-56.454805152	-63.4125300328
-56.452774654	-63.4119266524
-56.45412094	-63.4110166458
-56.452090579	-63.4104132581
-56.453436809	-63.4095032643
-56.454782944	-63.4085932595
-56.452752759	-63.4079898882
-56.454098839	-63.4070798961
-56.455444823	-63.4061698931
-56.453414814	-63.4055665381
-56.454760743	-63.4046565478
-56.454076744	-63.403143208
-56.455422523	-63.4022332195
-56.456768207	-63.4013232202
-56.454738549	-63.4007198978
-56.456084178	-63.3998099111
-56.457429711	-63.3988999136
-56.458775149	-63.3979899052
-56.460120492	-63.3970798859
-56.461465739	-63.3961698558
-56.462810891	-63.3952598147
-56.464840307	-63.3958629958
-56.466185323	-63.3949529203
-56.467530244	-63.394042834
-56.469559675	-63.3946459372
-56.47090446	-63.3937358165
-56.472933946	-63.3943388653
-56.474278595	-63.3934287102
-56.476308136	-63.3940317047
-56.47765265	-63.3931215152
-56.479682245	-63.3937244554
-56.481026624	-63.3928142315
-56.482370908	-63.3919039967
-56.484400517	-63.392506859
-56.486430222	-63.3931096905
-56.487774329	-63.3921993978
-56.489804089	-63.3928021749
-56.491148061	-63.3918918479
-56.493177876	-63.3924945707
-56.494521712	-63.3915842093
-56.496551581	-63.3921868777
-56.497895282	-63.3912764819
-56.499925206	-63.391879096
-56.501268772	-63.3909686659
-56.50329875	-63.3915712256
-56.50464218	-63.3906607611
-56.506672214	-63.3912632665
-56.508702343	-63.3918657411
-56.510045596	-63.3909552187
-56.51207578	-63.391557639
-56.513418898	-63.3906470822
-56.51476192	-63.3897365146
-56.516792118	-63.390338857
-56.518135005	-63.3894282551
-56.519477797	-63.3885176424
-56.521508009	-63.3891199069
-56.522850666	-63.3882092598
-56.524880932	-63.3888114699
-56.526223453	-63.3879007885
-56.527565879	-63.3869900963
-56.528908209	-63.3860793933
-56.532280644	-63.3857707647
-56.533622744	-63.3848600166
-56.535652998	-63.3854620475
-56.536994962	-63.384551265
-56.538336831	-63.3836404718
-56.539678605	-63.3827296677
-56.541020284	-63.3818188529
-56.542361868	-63.3809080273
-56.543703356	-63.3799971908
-56.54504475	-63.3790863436
-56.546386048	-63.3781754856
-56.547727252	-63.3772646169
-56.54906836	-63.3763537373
-56.550409373	-63.375442847
-56.551750292	-63.3745319458
-56.549720523	-63.373930197
-56.551061387	-63.3730193086
-56.552402156	-63.3721084095
-56.55374283	-63.3711974995
-56.555083409	-63.3702865788
-56.553053898	-63.3696848932
-56.554394422	-63.3687739852
-56.555734852	-63.3678630664
-56.553705517	-63.3672613969
-56.555045892	-63.3663504909
-56.553016692	-63.3657488141
-56.554357012	-63.3648379208
-56.552327948	-63.3642362366
-56.553668214	-63.363325356
-56.551639285	-63.3627236646
-56.549610451	-63.3621219424
-56.550950704	-63.361211098
-56.552290861	-63.3603002428
-56.553630923	-63.3593893769
-56.551602306	-63.3587876943
-56.552942314	-63.3578768411
-56.552253785	-63.3563643107
-56.550225438	-63.3557626135
-56.551565337	-63.3548517857
-56.549537126	-63.3542500812
-56.550876971	-63.3533392661
-56.548848894	-63.3527375543
-56.550188685	-63.351826752
-56.548160744	-63.3512250328
-56.54950048	-63.3503142432
-56.547472674	-63.3497125167
-56.545444963	-63.3491107594
-56.546784686	-63.348200006
-56.54475711	-63.3475982415
-56.546096778	-63.3466875008
-56.544069337	-63.3460857289
-56.545408951	-63.3451750009
-56.546748469	-63.3442642622
-56.548087893	-63.3433535127
-56.549427222	-63.3424427525
-56.547400038	-63.3418410437
-56.548739313	-63.3409302962
-56.546712264	-63.3403285801
-56.548051484	-63.3394178453
-56.54602457	-63.338816122
-56.543997752	-63.3382143678
-56.545336958	-63.3373036692
-56.543310274	-63.3367019078
-56.541283685	-63.3361001156
-56.539257191	-63.3354982926
-56.540596424	-63.3345876537
-56.538570064	-63.3339858234
-56.5365438	-63.3333839624
-56.537883019	-63.3324733596
-56.535856889	-63.3318714913
-56.533830855	-63.3312695923
-56.531804915	-63.3306676624
-56.530465575	-63.3315781948
-56.528439689	-63.3309762108
-56.526413899	-63.330374196
-56.524388203	-63.3297721505
-56.522362601	-63.3291700742
-56.520337095	-63.3285679672
-56.518311682	-63.3279658295
-56.516972006	-63.3288762102
-56.514946649	-63.3282740183
-56.512921386	-63.3276717956
-56.510896218	-63.3270695422
-56.508871144	-63.3264672581
-56.506846166	-63.3258649432
-56.505506193	-63.3267751958
-56.504166126	-63.3276854376
-56.502141162	-63.3270830451
-56.50080096	-63.3279932527
-56.49877605	-63.3273908059
-56.496751235	-63.3267883285
-56.494726515	-63.3261858203
-56.493386097	-63.3270959466
-56.491361431	-63.3264933843
-56.48933686	-63.3258907912
-56.487996268	-63.3268008598
-56.485971751	-63.3261982125
-56.483947329	-63.3255955345
-56.482606562	-63.3265055454
-56.480582195	-63.3259028132
-56.479241292	-63.3268127897
-56.47721698	-63.3262100034
-56.475875943	-63.3271199456
-56.473851685	-63.3265171051
-56.472510513	-63.3274270131
-56.470486309	-63.3268241184
-56.468462201	-63.3262211929
-56.466438187	-63.3256182368
-56.4650968	-63.3265280635
-56.46307284	-63.3259250532
-56.461048976	-63.3253220123
-56.459025206	-63.3247189406
-56.457683604	-63.325628686
-56.455659889	-63.3250255602
-56.453636269	-63.3244224037
-56.452294492	-63.3253320913
-56.45095262	-63.326241768
-56.448929015	-63.3256385339
-56.446905504	-63.325035269
-56.444882088	-63.3244319735
-56.442858767	-63.3238286473
-56.444200799	-63.3229190646
-56.442177613	-63.3223157312
-56.440154521	-63.3217123672
-56.441496539	-63.3208028206
-56.439473582	-63.3201994494
-56.43745072	-63.3195960476
-56.438792722	-63.3186865371
-56.436769995	-63.3180831281
-56.438111943	-63.3171736303
-56.43608935	-63.3165702141
-56.437431243	-63.315660729
-56.435408785	-63.3150573057
-56.433386422	-63.3144538517
-56.432044449	-63.3153632898
-56.430022141	-63.3147597817
-56.427999927	-63.314156243
-56.42934198	-63.3132468518
-56.427319901	-63.3126433059
-56.428661899	-63.3117339274
-56.430003802	-63.310824538
-56.431345611	-63.3099151379
-56.43336757	-63.3105186133
-56.434709244	-63.3096091788
-56.436050823	-63.3086997335
-56.438072797	-63.3093031313
-56.439414241	-63.3083936517
-56.44143627	-63.3089969954
-56.44277758	-63.3080874814
-56.444799663	-63.308690771
-56.446140838	-63.3077812227
-56.448162976	-63.3083844582
-56.449504017	-63.3074748756
-56.450844963	-63.3065652823
-56.452867116	-63.3071684401
-56.454207927	-63.3062588125
-56.456230134	-63.3068619162
-56.457570811	-63.3059522542
-56.459593073	-63.3065553038
-56.460933615	-63.3056456076
-56.462955932	-63.306248603
-56.464296339	-63.3053388726
-56.465636652	-63.3044291313
-56.467658983	-63.3050320491
-56.468999161	-63.3041222736
-56.470339245	-63.3032124872
-56.47236159	-63.3038153274
-56.473701539	-63.3029055068
-56.47572394	-63.3035082929
-56.477063754	-63.3025984381
-56.478403474	-63.3016885724
-56.479743099	-63.300778696
-56.481082629	-63.2998688088
-56.482422065	-63.2989589107
-56.480399865	-63.298356242
-56.47837776	-63.2977535425
-56.479717181	-63.2968436807
-56.47769521	-63.296240974
-56.479034577	-63.2953311248
-56.477012741	-63.294728411
-56.474990999	-63.2941256665
-56.476330352	-63.2932158535
-56.474308744	-63.2926131018
-56.475648042	-63.2917033014
-56.47362657	-63.2911005425
-56.471605191	-63.290497753
-56.469583908	-63.2898949328
-56.470923231	-63.2889851921
-56.468902082	-63.2883823647
-56.466881027	-63.2877795067
-56.468220336	-63.2868698021
-56.469559551	-63.2859600867
-56.467538671	-63.2853572449
-56.468877831	-63.2844475422
-56.466857085	-63.2838446933
-56.468196191	-63.2829350032
-56.466175579	-63.2823321471
-56.464155062	-63.2817292605
-56.46213464	-63.2811263432
-56.460114311	-63.2805233952
-56.461453483	-63.2796137882
-56.459433289	-63.2790108331
-56.45741319	-63.2784078473
-56.455393185	-63.277804831
-56.456732381	-63.2768952835
-56.45471251	-63.27629226
-56.452692734	-63.2756892059
-56.451353458	-63.2765987065
-56.450014088	-63.2775081963
-56.447994326	-63.2769050647
-56.445974659	-63.2763019025
-56.443955087	-63.2756987097
-56.445294577	-63.2747892902
-56.443275138	-63.2741860903
-56.441255794	-63.2735828597
-56.439236545	-63.2729795985
-56.43721739	-63.2723763068
-56.438556945	-63.2714669704
-56.436537924	-63.2708636715
-56.434518998	-63.270260342
-56.432500166	-63.269656982
-56.433839746	-63.2687477051
-56.431821048	-63.2681443379
-56.429802445	-63.2675409402
-56.43114201	-63.2666316994
-56.432481481	-63.2657224479
-56.430463052	-63.2651190665
-56.428444717	-63.2645156544
-56.429784173	-63.263606439
-56.427765972	-63.2630030199
-56.425747866	-63.2623995702
-56.427087307	-63.2614903908
-56.425069335	-63.260886934
-56.423051456	-63.2602834467
-56.424390883	-63.2593743034
-56.422373139	-63.2587708089
-56.42035549	-63.2581672839
-56.418337934	-63.2575637283
-56.419677386	-63.2566546446
-56.417659964	-63.2560510819
-56.415642638	-63.2554474886
-56.413625405	-63.2548438648
-56.412947782	-63.2533312097
-56.410930778	-63.2527275483
-56.408913868	-63.2521238563
-56.408236593	-63.2506111926
-56.406219912	-63.250007463
-56.40554285	-63.2484947978
-56.403526397	-63.2478910305
-56.404865868	-63.2469821381
-56.402849548	-63.2463783638
-56.400833323	-63.2457745589
-56.398817192	-63.2451707236
-56.396801155	-63.2445668577
-56.394785213	-63.2439629613
-56.396124788	-63.2430541753
-56.394108979	-63.2424502718
-56.392093265	-63.2418463378
-56.393432825	-63.2409375879
-56.391417244	-63.2403336468
-56.389401758	-63.2397296753
-56.390741303	-63.2388209614
-56.38872595	-63.2382169828
-56.386710692	-63.2376129737
-56.384695528	-63.2370089341
-56.382680458	-63.236404864
-56.381340755	-63.2373134841
-56.37932574	-63.2367093601
-56.377310819	-63.2361052055
-56.375295993	-63.2355010205
-56.37328126	-63.234896805
-56.371266622	-63.234292559
-56.369252078	-63.2336882826
-56.367237629	-63.2330839756
-56.365223273	-63.2324796382
-56.363209012	-63.2318752703
-56.361194845	-63.2312708719
-56.359180772	-63.2306664431
-56.357166794	-63.2300619838
-56.358506971	-63.229153645
-56.356493126	-63.2285491787
-56.354479375	-63.2279446819
-56.352465719	-63.2273401546
-56.35380592	-63.2264318753
-56.351792397	-63.2258273411
-56.349778968	-63.2252227764
-56.351119154	-63.2243145331
-56.349105859	-63.2237099614
-56.347092658	-63.2231053593
-56.345079551	-63.2225007266
-56.343066539	-63.2218960636
-56.34105362	-63.2212913701
-56.339040796	-63.2206866462
-56.337700374	-63.2215947487
-56.335687605	-63.2209899709
-56.334347049	-63.2218980392
-56.332334335	-63.2212932075
-56.330993646	-63.2222012415
-56.328980986	-63.2215963559
-56.32696842	-63.2209914399
-56.325627559	-63.2218994161
-56.323615048	-63.2212944462
-56.321602632	-63.2206894459
-56.319590309	-63.2200844152
-56.318249235	-63.2209923102
-56.316236968	-63.2203872256
-56.314224795	-63.2197821106
-56.312212716	-63.2191769652
-56.310200732	-63.2185717893
-56.308188841	-63.2179665831
-56.306177045	-63.2173613464
-56.304165343	-63.2167560794
-56.302153735	-63.2161507819
-56.300812253	-63.2170584784
-56.2988007	-63.2164531271
-56.296789241	-63.2158477454
-56.295447586	-63.2167553841
-56.293436182	-63.2161499486
-56.291424873	-63.2155444826
-56.290083046	-63.2164520636
-56.288071791	-63.2158465438
-56.286060631	-63.2152409936
-56.284718631	-63.2161485167
-56.282707526	-63.2155429127
-56.281365393	-63.2164504015
-56.279354342	-63.2158447436
-56.277343386	-63.2152390554
-56.275332525	-63.2146333367
-56.273321757	-63.2140275877
-56.271979373	-63.2149349718
-56.269968661	-63.214329169
-56.267958043	-63.2137233357
-56.266615486	-63.214630662
-56.264604923	-63.214024775
-56.262594454	-63.2134188575
-56.26058408	-63.2128129098
-56.2585738	-63.2122069316
-56.256563613	-63.2116009231
-56.254553521	-63.2109948843
-56.252543524	-63.2103888151
-56.25053362	-63.2097827155
-56.251876489	-63.208875577
-56.249866719	-63.2082694705
-56.251209533	-63.2073623445
-56.249199895	-63.2067562312
-56.250542654	-63.2058491178
-56.24853315	-63.2052429976
-56.246523741	-63.204636847
-56.244514425	-63.2040306662
-56.242505204	-63.2034244549
-56.243848024	-63.2025174245
-56.243181701	-63.2010041885
-56.244524372	-63.2000971596
-56.245866949	-63.1991901199
-56.243858072	-63.1985839418
-56.241849289	-63.1979777335
-56.24319185	-63.1970707298
-56.2411832	-63.1964645145
-56.239174644	-63.195858269
-56.237166183	-63.1952519931
-56.235823505	-63.1961589265
-56.233815099	-63.1955525968
-56.231806787	-63.1949462369
-56.229798569	-63.1943398466
-56.227790445	-63.193733426
-56.225782415	-63.1931269751
-56.223774479	-63.1925204939
-56.221766638	-63.1919139824
-56.21975889	-63.1913074407
-56.217751237	-63.1907008686
-56.215743678	-63.1900942662
-56.214400517	-63.191000954
-56.212393013	-63.1903942979
-56.210385604	-63.1897876114
-56.208378288	-63.1891808947
-56.206371066	-63.1885741477
-56.204363939	-63.1879673704
-56.202356906	-63.1873605629
-56.203700299	-63.1864540158
-56.201693399	-63.1858472015
-56.199686593	-63.1852403568
-56.20102997	-63.1843338457
-56.199023296	-63.1837269943
-56.200366618	-63.1828204957
-56.198360078	-63.1822136375
-56.196353631	-63.1816067489
-56.197696936	-63.1807002864
-56.195690623	-63.180093391
-56.197033873	-63.179186941
-56.195027692	-63.1785800389
-56.196370887	-63.1776736014
-56.194364839	-63.1770666925
-56.195707978	-63.1761602675
-56.193702063	-63.1755533517
-56.191696242	-63.1749464057
-56.190353025	-63.1758527838
-56.188347259	-63.1752457841
-56.186341587	-63.1746387541
-56.18433601	-63.1740316939
-56.182992583	-63.1749379907
-56.18098706	-63.1743308768
-56.178981632	-63.1737237326
-56.176976298	-63.1731165582
-56.174971058	-63.1725093536
-56.172965911	-63.1719021188
-56.170960859	-63.1712948537
