> -L"antarctic_islands_coastlines"
-153.179599955	-77.2593161517
-153.188847907	-77.2577998164
-153.191171803	-77.2567851687
-153.195770392	-77.2572978647
-153.19809364	-77.2562831561
-153.202692327	-77.2567957289
-153.205014927	-77.2557809593
-153.207337155	-77.2547661709
-153.209659009	-77.2537513636
-153.205061147	-77.2532389171
-153.207382904	-77.2522241331
-153.209704289	-77.2512093302
-153.212025301	-77.2501945085
-153.214345941	-77.249179668
-153.218942703	-77.2496919463
-153.221262696	-77.2486770449
-153.225859556	-77.2491892001
-153.230456788	-77.2497012743
-153.232775859	-77.24868627
-153.237373188	-77.2491982213
-153.24197089	-77.2497100916
-153.244289038	-77.2486949844
-153.248886836	-77.2492067317
-153.251204337	-77.2481915637
-153.253521466	-77.2471763769
-153.255838224	-77.2461611714
-153.258154609	-77.2451459471
-153.262751679	-77.2456574453
-153.265067417	-77.2446421602
-153.269664583	-77.2451535355
-153.27426212	-77.2456648297
-153.276576937	-77.244649442
-153.28117457	-77.2451606132
-153.28348874	-77.2441451648
-153.290399992	-77.2436407039
-153.292713143	-77.242625176
-153.295025924	-77.2416096294
-153.297338333	-77.2405940642
-153.299650371	-77.2395784802
-153.304247094	-77.2400892377
-153.306558486	-77.2390735932
-153.308869506	-77.2380579299
-153.315776424	-77.2375527987
-153.320373062	-77.2380632684
-153.32268279	-77.237047484
-153.327279523	-77.2375578307
-153.331876626	-77.2380680965
-153.334185432	-77.2370522096
-153.336493868	-77.2360363042
-153.338801933	-77.2350203801
-153.341109628	-77.2340044374
-153.343416953	-77.2329884761
-153.345723908	-77.2319724962
-153.348030493	-77.2309564977
-153.352626036	-77.2314663891
-153.354931975	-77.2304503302
-153.359527612	-77.2309600988
-153.364123619	-77.2314697864
-153.368719996	-77.2319793929
-153.371024737	-77.2309631898
-153.375621208	-77.2314726735
-153.380218048	-77.2319820762
-153.382521868	-77.2309657708
-153.387118802	-77.2314750506
-153.389421975	-77.2304586849
-153.394019003	-77.2309678417
-153.396321531	-77.2299514157
-153.400918651	-77.2304604497
-153.403220533	-77.2294439633
-153.405522046	-77.2284274584
-153.407823189	-77.227410935
-153.41241985	-77.2279197625
-153.414720348	-77.2269031788
-153.417020476	-77.2258865767
-153.419320236	-77.2248699561
-153.421619627	-77.2238533169
-153.426215551	-77.2243618963
-153.433110313	-77.2238536534
-153.435408414	-77.2228368938
-153.440004522	-77.2233452275
-153.442301977	-77.2223284078
-153.444599064	-77.2213115696
-153.446895782	-77.220294713
-153.449192132	-77.2192778379
-153.451488113	-77.2182609444
-153.453783727	-77.2172440326
-153.458378545	-77.2177520348
-153.460673513	-77.2167350628
-153.462968114	-77.2157180724
-153.465262346	-77.2147010636
-153.467556211	-77.2136840364
-153.469849708	-77.2126669908
-153.472142837	-77.2116499269
-153.467549678	-77.2111421748
-153.462956887	-77.2106343417
-153.465250201	-77.2096173427
-153.460658054	-77.2091094703
-153.462951277	-77.2080924946
-153.465244132	-77.2070755005
-153.460652905	-77.2065676304
-153.462945669	-77.2055506596
-153.458355085	-77.2050427501
-153.453764869	-77.2045347597
-153.456057818	-77.2035178539
-153.451468244	-77.2030098241
-153.446879039	-77.2025017134
-153.444585538	-77.2035185359
-153.439996424	-77.2030103025
-153.435407677	-77.2025019882
-153.430819298	-77.2019935929
-153.426231286	-77.2014851167
-153.421643642	-77.2009765596
-153.419348396	-77.2019931553
-153.414760844	-77.2014844756
-153.412464956	-77.2025010111
-153.407877496	-77.2019922088
-153.400993597	-77.2024997592
-153.396406598	-77.2019907534
-153.394109148	-77.2030071268
-153.389522241	-77.2024979984
-153.384935702	-77.2019887891
-153.382637335	-77.2030050606
-153.378050889	-77.2024957287
-153.373464811	-77.2019863159
-153.371165526	-77.2030024854
-153.366579541	-77.20249295
-153.361993925	-77.2019833338
-153.355108199	-77.2024896625
-153.350523045	-77.2019798429
-153.348221924	-77.2029958083
-153.343636863	-77.2024858661
-153.339052171	-77.2019758431
-153.336750133	-77.2029917064
-153.332165535	-77.2024815608
-153.329862854	-77.2034973637
-153.32527835	-77.2029870955
-153.322975027	-77.2040028381
-153.318390617	-77.2034924473
-153.316086651	-77.2045081295
-153.311502336	-77.2039976161
-153.304613506	-77.2045026019
-153.297724128	-77.2050074046
-153.295418233	-77.2060229055
-153.290834203	-77.2055120243
-153.288527665	-77.2065274647
-153.28394373	-77.206016461
-153.281636549	-77.2070318409
-153.277052709	-77.2065207145
-153.272469238	-77.2060095073
-153.267886136	-77.2054982195
-153.263303404	-77.2049868509
-153.25872104	-77.2044754017
-153.254139047	-77.2039638717
-153.249557422	-77.2034522611
-153.244976167	-77.2029405697
-153.2060275	-77.199858827
-153.201449297	-77.1993463682
-153.196871463	-77.1988338287
-153.194558627	-77.1998484171
-153.189980891	-77.1993357551
-153.187667413	-77.2003502828
-153.183089774	-77.1998374983
-153.180775654	-77.2008519653
-153.176198113	-77.2003390583
-153.173883351	-77.2013534645
-153.169305907	-77.200840435
-153.166990503	-77.2018547804
-153.162413157	-77.2013416285
-153.160097111	-77.2023559131
-153.155519863	-77.2018426386
-153.153203175	-77.2028568625
-153.148626025	-77.2023434655
-153.141731643	-77.202844109
-153.134836718	-77.2033445691
-153.130260135	-77.2028308466
-153.127941249	-77.2038448459
-153.123364765	-77.2033310008
-153.121045236	-77.2043449392
-153.116468851	-77.2038309716
-153.114148681	-77.2048448491
-153.109572394	-77.204330759
-153.107251582	-77.2053445756
-153.102675395	-77.204830363
-153.10035394	-77.2058441186
-153.098032114	-77.2068578553
-153.093455755	-77.2063434781
-153.091133287	-77.2073571539
-153.088810448	-77.2083708107
-153.086487238	-77.2093844486
-153.084163656	-77.2103980675
-153.081839703	-77.2114116676
-153.079515379	-77.2124252486
-153.077190684	-77.2134388107
-153.074865617	-77.2144523539
-153.072540178	-77.2154658781
-153.070214368	-77.2164793834
-153.067888185	-77.2174928696
-153.072467531	-77.2180077099
-153.070141248	-77.2190212193
-153.067814594	-77.2200347098
-153.065487568	-77.2210481812
-153.063160169	-77.2220616337
-153.060832398	-77.2230750672
-153.058504256	-77.2240884817
-153.05617574	-77.2251018772
-153.053846853	-77.2261152537
-153.058428744	-77.2266303506
-153.056099755	-77.2276437503
-153.053770394	-77.2286571309
-153.058353201	-77.2291722316
-153.056023739	-77.2301856354
-153.053693905	-77.2311990202
-153.058277628	-77.2317141248
-153.055947693	-77.2327275327
-153.053617385	-77.2337409216
-153.051286704	-77.2347542915
-153.04895565	-77.2357676424
-153.046624223	-77.2367809742
-153.051209679	-77.2372962092
-153.048878151	-77.2383095642
-153.04654625	-77.2393229002
-153.044213975	-77.2403362171
-153.048800621	-77.2408514981
-153.046468245	-77.2418648382
-153.044135496	-77.2428781592
-153.04872306	-77.2433934441
-153.053310998	-77.2439086483
-153.05097842	-77.2449220347
-153.055567004	-77.2454372005
-153.053234324	-77.2464506102
-153.057823555	-77.2469657375
-153.055490774	-77.2479791704
-153.05315762	-77.2489925841
-153.057747769	-77.2495077153
-153.055414514	-77.2505211523
-153.06000531	-77.251036245
-153.06459648	-77.251551257
-153.062263396	-77.2525647594
-153.066855213	-77.253079733
-153.071447404	-77.2535946258
-153.076039968	-77.2541094378
-153.07370733	-77.2551230479
-153.078300542	-77.2556378215
-153.082894128	-77.2561525142
-153.087488087	-77.2566671262
-153.092082421	-77.2571816575
-153.094413966	-77.2561678784
-153.0990084	-77.2566822866
-153.103603208	-77.2571966139
-153.11052874	-77.2566969358
-153.115124022	-77.2572110593
-153.117453725	-77.2561970734
-153.122049107	-77.2567110739
-153.126644862	-77.2572249935
-153.128973643	-77.2562109042
-153.133569498	-77.2567247008
-153.138165727	-77.2572384166
-153.140493586	-77.256224224
-153.145089914	-77.2567378167
-153.149686615	-77.2572513285
-153.15428369	-77.2577647594
-153.158881138	-77.2582781095
-153.156554376	-77.2592924708
-153.161152472	-77.2598057821
-153.16347896	-77.2587913786
-153.168077155	-77.2593045669
-153.170402995	-77.2582901023
-153.175001288	-77.2588031675
-153.179599955	-77.2593161517
