> -L"antarctic_islands_coastlines"
166.651718551	-77.8481659985
166.63443288	-77.8437924708
166.635681719	-77.8426852227
166.630425722	-77.8424221165
166.631674786	-77.8413148895
166.632923621	-77.840207659
166.627668763	-77.8399445006
166.628917824	-77.8388372913
166.630166655	-77.8377300783
166.624912936	-77.8374668678
166.626161993	-77.836359676
166.627410821	-77.8352524806
166.622158239	-77.8349892181
166.623407292	-77.8338820438
166.624656117	-77.832774866
166.625904712	-77.8316676846
166.627153079	-77.8305604997
166.633651528	-77.8297164506
166.634898983	-77.828609234
166.640149069	-77.8288722473
166.641395841	-77.8277650026
166.646645702	-77.82802789
166.647891792	-77.8269206171
166.654386835	-77.8260760775
166.655632015	-77.824968773
166.656876967	-77.8238614649
166.658121691	-77.8227541533
166.659366187	-77.8216468382
166.65411882	-77.8213841997
166.655363542	-77.8202769056
166.656608035	-77.8191696081
166.657852301	-77.818062307
166.659096339	-77.8169550025
166.660340149	-77.8158476944
166.661583731	-77.8147403828
166.656339312	-77.8144777904
166.65758312	-77.8133704999
166.6588267	-77.8122632058
166.660070052	-77.8111559083
166.65482722	-77.8108932883
166.656070797	-77.8097860118
166.657314148	-77.8086787318
166.65855727	-77.8075714483
166.659800165	-77.8064641613
166.665041187	-77.8067266831
166.666283402	-77.8056193681
166.667525391	-77.8045120496
166.672765735	-77.8047744212
166.674007044	-77.8036670747
166.679247163	-77.8039293206
166.684487508	-77.8041914654
166.685727685	-77.8030840664
166.690967806	-77.8033460856
166.692207303	-77.8022386586
166.697447198	-77.8025005521
166.698686017	-77.8013930972
166.699924609	-77.8002856389
166.701162974	-77.799178177
166.695924436	-77.7989163569
166.697163028	-77.7978089161
166.698401393	-77.7967014718
166.699639531	-77.795594024
166.700877443	-77.7944865728
166.706114173	-77.7947482951
166.711351129	-77.7950099163
166.716588311	-77.7952714365
166.721825718	-77.7955328555
166.727063352	-77.7957941734
166.732301212	-77.7960553901
166.733536186	-77.7949477889
166.738773819	-77.7952088802
166.740008115	-77.7941012512
166.741242186	-77.7929936188
166.74247603	-77.7918859829
166.743709649	-77.7907783437
166.74094129	-77.7883021099
166.742174685	-77.7871944848
166.73694044	-77.7869334631
166.738174061	-77.7858258589
166.739407457	-77.7847182513
166.744640798	-77.7849792243
166.745873517	-77.7838715889
166.747106011	-77.7827639501
166.74833828	-77.7816563079
166.749570323	-77.7805486622
166.750802142	-77.7794410132
166.756033452	-77.7797017635
166.757264595	-77.7785940867
166.758495512	-77.7774864066
166.759726205	-77.776378723
166.764956387	-77.7766392993
166.766186404	-77.7755315881
166.767416197	-77.7744238735
166.772645701	-77.7746843002
166.773874819	-77.7735765579
166.775103712	-77.7724688122
166.776332381	-77.7713610631
166.777560826	-77.7702533107
166.778789047	-77.7691455549
166.773561796	-77.7688852495
166.774790243	-77.7677775146
166.776018466	-77.7666697763
166.78492679	-77.7636067252
166.786153667	-77.7624989491
166.791378438	-77.7627590081
166.792604642	-77.7616512044
166.793830621	-77.7605433975
166.795056377	-77.7594355871
166.796281909	-77.7583277734
166.797507219	-77.7572199564
166.802729964	-77.7574797933
166.8039546	-77.7563719487
166.805179012	-77.7552641008
166.810401081	-77.7555237885
166.811624821	-77.754415913
166.816846663	-77.7546754757
166.823291345	-77.7538270104
166.828513183	-77.7540863472
166.829735127	-77.7529783926
166.830956849	-77.7518704346
166.825735911	-77.7516111461
166.82695786	-77.750503209
166.828179586	-77.7493952685
166.829401089	-77.7482873248
166.83062237	-77.7471793777
166.831843429	-77.7460714273
166.833064265	-77.7449634736
166.834284879	-77.7438555166
166.83550527	-77.7427475562
166.836725439	-77.7416395926
166.837945387	-77.7405316257
166.843161832	-77.7407906729
166.844381108	-77.7396826786
166.845600162	-77.7385746809
166.846818994	-77.73746668
166.841603895	-77.737207705
166.842822954	-77.7360997248
166.844041792	-77.7349917414
166.838827812	-77.7347327138
166.840046876	-77.7336247511
166.841265718	-77.7325167852
166.842484338	-77.7314088159
166.843702737	-77.7303008433
166.848914922	-77.7305597746
166.850132651	-77.7294517746
166.851350158	-77.7283437714
166.852567444	-77.7272357649
166.853784508	-77.7261277551
166.855001351	-77.725019742
166.860211518	-77.7252784523
166.861427692	-77.7241704119
166.862643644	-77.7230623683
166.863859376	-77.7219543213
166.870283483	-77.7211047846
166.871498324	-77.7199967071
166.876706694	-77.7202550961
166.877920867	-77.7191469913
166.87913482	-77.7180388833
166.884342515	-77.7182971236
166.885555799	-77.7171889883
166.890763267	-77.717447104
166.891975883	-77.7163389416
166.893188279	-77.7152307758
166.894400455	-77.7141226068
166.8996068	-77.7143805501
166.900818308	-77.7132723539
166.902029596	-77.7121641545
166.903240663	-77.7110559518
166.908445887	-77.7113137227
166.909656287	-77.7102054929
166.910866468	-77.7090972598
166.912076428	-77.7079890236
166.91728053	-77.7082466221
166.918489824	-77.7071383587
166.919698898	-77.7060300921
166.926110733	-77.7051792486
166.932521674	-77.7043282535
166.93893172	-77.703477107
166.940138576	-77.7023687559
166.945340873	-77.7026258091
166.946547062	-77.7015174309
166.951749132	-77.7017743597
166.952954655	-77.7006659545
166.95415996	-77.6995575462
166.955365046	-77.6984491346
166.956569913	-77.6973407199
166.957774561	-77.696232302
166.952574726	-77.6959754924
166.951369631	-77.6970838865
166.950164317	-77.6981922774
166.944963807	-77.6979353196
166.943757827	-77.6990436835
166.93855709	-77.6987866014
166.933356571	-77.6985294189
166.928156271	-77.6982721359
166.922956191	-77.6980147524
166.921748206	-77.6991230176
166.920540002	-77.7002312796
166.915339248	-77.6999737479
166.914130378	-77.7010819828
166.912921288	-77.7021902144
166.911711979	-77.7032984429
166.910502451	-77.7044066681
166.905300129	-77.7041489403
166.900098027	-77.703891112
166.901308449	-77.7027829346
166.902518652	-77.7016747539
166.897317663	-77.701416873
166.898528092	-77.700308713
166.89332777	-77.7000507555
166.888127667	-77.6997926975
166.886916345	-77.7009008096
166.885704803	-77.7020089184
166.884493041	-77.703117024
166.883281059	-77.7042251264
166.882068857	-77.7053332254
166.876866742	-77.7050749472
166.87807939	-77.7039668721
166.874090817	-77.702600463
166.868890035	-77.7023420318
166.863689474	-77.7020835002
166.858489132	-77.701824868
166.853289012	-77.7015661355
166.852074351	-77.702674094
166.85085947	-77.7037820491
166.856060484	-77.7040408297
166.854845829	-77.7051488056
166.853630953	-77.7062567783
166.848429047	-77.7059979497
166.847213504	-77.707105895
166.84599774	-77.7082138371
166.840795161	-77.70795486
166.835592804	-77.7076957824
166.83680946	-77.7065878884
166.83160777	-77.7063287344
166.832824652	-77.7052208612
166.827623629	-77.7049616308
166.828840736	-77.7038537783
166.82364038	-77.7035944715
166.818440245	-77.7033350643
166.817222246	-77.7044428686
166.812021886	-77.7041833369
166.810803219	-77.7052911139
166.80958433	-77.7063988876
166.808365221	-77.707506658
166.813566919	-77.7077662619
166.812348035	-77.7088740531
166.811128929	-77.7099818409
166.809909602	-77.7110896255
166.804706564	-77.7108299493
166.799503747	-77.7105701725
166.800723968	-77.7094624362
166.795521819	-77.7092025831
166.796742264	-77.7080948676
166.791540784	-77.7078349382
166.786339525	-77.7075749084
166.781138488	-77.7073147781
166.775937673	-77.7070545474
166.77073708	-77.7067942163
166.765536708	-77.7065337848
166.760336559	-77.7062732529
166.755136631	-77.7060126206
166.753912618	-77.707120143
166.748712467	-77.7068593861
166.743512538	-77.7065985288
166.738312832	-77.7063375712
166.737087259	-77.7074450176
166.73188733	-77.7071839353
166.730661089	-77.7082913542
166.729434625	-77.7093987696
166.728207939	-77.7105061817
166.726981029	-77.7116135904
166.725753898	-77.7127209957
166.720551962	-77.7124596919
166.715350248	-77.7121982876
166.716578272	-77.7110909308
166.711377228	-77.7108294505
166.712605474	-77.7097221145
166.707405099	-77.709460558
166.702204946	-77.7091989012
166.697005016	-77.7089371439
166.69180531	-77.7086752863
166.690575281	-77.7097825251
166.685375352	-77.7095205429
166.684144654	-77.710627754
166.678944504	-77.7103656471
166.677713137	-77.7114728305
166.676481547	-77.7125800104
166.671280728	-77.7123177545
166.670048469	-77.7134249067
166.664847428	-77.713162526
166.666080134	-77.7120553982
166.660879763	-77.7117929415
166.655679616	-77.7115303844
166.65444602	-77.7126374636
166.649245651	-77.7123747818
166.648011385	-77.7134818332
166.646776896	-77.7145888811
166.64157586	-77.7143260502
166.636375049	-77.714063119
166.631174462	-77.7138000874
166.6259741	-77.7135369555
166.620773962	-77.7132737232
166.615574048	-77.7130103906
166.614336662	-77.7141172886
166.609136528	-77.7138538312
166.607898472	-77.7149607013
166.602698117	-77.7146971191
166.597497987	-77.7144334366
166.592298082	-77.7141696538
166.593537474	-77.7130628571
166.59477664	-77.7119560568
166.58957785	-77.7116922226
166.590817237	-77.7105854434
166.585619117	-77.7103215333
166.580421221	-77.710057523
166.579180945	-77.7111642533
166.577940444	-77.7122709801
166.576699717	-77.7133777034
166.575458766	-77.7144844232
166.574217589	-77.7155911395
166.569017695	-77.7153269064
166.563818025	-77.715062573
166.558618582	-77.7147981393
166.553419364	-77.7145336054
166.548220371	-77.7142689711
166.549463772	-77.7131623774
166.54426545	-77.7128976674
166.539067353	-77.7126328571
166.533869483	-77.7123679466
166.532624748	-77.7134744666
166.531379787	-77.714580983
166.5301346	-77.7156874959
166.524935621	-77.7154224114
166.519736869	-77.7151572266
166.520982945	-77.7140507629
166.515784863	-77.7137855024
166.510587007	-77.7135201417
166.509340042	-77.7146265562
166.508092851	-77.7157329672
166.502894332	-77.715467457
166.50164647	-77.7165738397
166.496447734	-77.7163082047
166.491249224	-77.7160424693
166.492497975	-77.7149361359
166.487300136	-77.7146703249
166.488549105	-77.7135640125
166.483351936	-77.713298126
166.478154995	-77.7130321392
166.47295828	-77.7127660523
166.471707979	-77.7138722907
166.466511047	-77.7136060789
166.461314342	-77.7133397669
166.462565531	-77.7122335778
166.463816494	-77.7111273851
166.458620903	-77.7108610222
166.459872082	-77.7097548506
166.461123035	-77.7086486754
166.462373761	-77.7075424965
166.463624259	-77.7064363141
166.464874532	-77.7053301281
166.466124577	-77.7042239384
166.467374396	-77.7031177452
166.472566882	-77.7033839353
166.473816031	-77.7022777139
166.479008299	-77.7025437792
166.484200794	-77.7028097445
166.489393515	-77.7030756096
166.488145696	-77.704181905
166.493339087	-77.7044476947
166.494586462	-77.7033413746
166.499779636	-77.7036070395
166.501026341	-77.7025006913
166.506219297	-77.7027662314
166.504973035	-77.7038726042
166.51016666	-77.7041380687
166.515360511	-77.7044034331
166.51411491	-77.7055098515
166.519309431	-77.7057751403
166.520554588	-77.7046686973
166.521799519	-77.7035622508
166.523044225	-77.7024558007
166.524288705	-77.701349347
166.525532959	-77.7002428898
166.530725487	-77.7005079556
166.53591824	-77.7007729212
166.534674873	-77.7018794275
166.539868295	-77.7021443175
166.538625146	-77.7032508448
166.543819238	-77.7035156592
166.549013555	-77.7037803734
166.554208097	-77.7040449874
166.555449914	-77.7029383865
166.556691506	-77.7018317821
166.561885385	-77.7020962469
166.563126308	-77.7009896144
166.568319968	-77.7012539545
166.573513853	-77.7015181944
166.572273818	-77.7026248758
166.577468373	-77.70288904
166.582663151	-77.7031531039
166.587858155	-77.7034170677
166.589096857	-77.7023103129
166.594291641	-77.7025741519
166.595529675	-77.7014673692
166.596767484	-77.700360583
166.591573588	-77.7000967928
166.592811617	-77.6989900275
166.58761839	-77.6987261616
166.592811617	-77.6989900275
166.594049421	-77.6978832588
166.599242429	-77.6981470001
166.604435661	-77.6984106412
166.609629117	-77.6986741821
166.614822798	-77.6989376228
166.61358677	-77.7000444893
166.618781118	-77.7003078542
166.623975691	-77.7005711189
166.629170487	-77.7008342833
166.634365508	-77.7010973475
166.639560752	-77.7013603115
166.640794559	-77.7002533231
166.645989582	-77.7005161624
166.647222721	-77.6994091463
166.648455635	-77.6983021267
166.649688326	-77.6971951036
166.650920794	-77.6960880771
166.656114264	-77.6963507189
166.661307957	-77.6966132604
166.666501873	-77.6968757017
166.665270739	-77.6979828011
166.670465323	-77.6982451665
166.669234409	-77.6993522868
166.674429661	-77.6996145762
166.673198969	-77.7007217175
166.678394889	-77.7009839309
166.683591032	-77.7012460441
166.688787397	-77.7015080569
166.690016755	-77.7004008428
166.69124589	-77.6992936253
166.688508903	-77.6968172643
166.683314539	-77.6965552483
166.684543894	-77.6954480691
166.685773026	-77.6943408865
166.687001936	-77.6932337005
166.692194967	-77.6934956437
166.693423209	-77.6923884301
166.698616018	-77.6926502488
166.69738822	-77.6937574867
166.702581696	-77.6940192294
166.70135412	-77.6951264882
166.706548263	-77.6953881549
166.711742629	-77.6956497214
166.716937217	-77.6959111876
166.715710752	-77.6970185156
166.720906007	-77.6972799058
166.722132027	-77.6961725535
166.72732706	-77.6964338191
166.732522315	-77.6966949845
166.733747223	-77.6955875804
166.738942255	-77.6958486213
166.744137509	-77.6961095618
166.745361306	-77.695002106
166.750556337	-77.6952629221
166.75575159	-77.6955236379
166.760947065	-77.6957842535
166.766142761	-77.6960447687
166.767364556	-77.6949372129
166.768586129	-77.6938296537
166.76980748	-77.6927220912
166.775002063	-77.6929824337
166.776222748	-77.6918748438
166.781417108	-77.6921350619
166.786611689	-77.6923951797
166.785391893	-77.6935028178
166.79058714	-77.6937628594
166.795782608	-77.6940228007
166.800978298	-77.6942826417
166.802196757	-77.6931749313
166.807392222	-77.6934346478
166.808610016	-77.69232691
166.813805256	-77.6925865022
166.819000718	-77.692845994
166.8241964	-77.6931053855
166.825412637	-77.6919975723
166.826628653	-77.6908897557
166.831823665	-77.6911489989
166.837018898	-77.6914081416
166.835803772	-77.6925160062
166.84099967	-77.6927750727
166.846195788	-77.6930340388
166.844981333	-77.6941419481
166.850178117	-77.6944008379
166.851392127	-77.6932929045
166.852605917	-77.692184968
166.853819486	-77.6910770281
166.859015154	-77.6913357455
166.860228058	-77.6902277784
166.861440742	-77.6891198081
166.866635739	-77.6893783772
166.8654235	-77.6904863715
166.870619162	-77.6907448643
166.875815044	-77.6910032567
166.877026392	-77.6898952145
166.87823752	-77.688787169
166.879448428	-77.6876791203
166.874253883	-77.6874207998
166.875465017	-77.6863127718
166.880659117	-77.6865710684
166.881869586	-77.6854630132
166.887063461	-77.6857211856
166.885853437	-77.6868292647
166.891047976	-77.6870873607
166.896242735	-77.6873453563
166.900228806	-77.6887113991
166.905424448	-77.6889692179
166.90663291	-77.6878610464
166.907841152	-77.6867528717
166.913036122	-77.6870105424
166.9142437	-77.6859023406
166.915451059	-77.6847941356
166.920645357	-77.6850516582
166.921852051	-77.6839434261
166.927046123	-77.6842008245
166.928252153	-77.6830925654
166.929457965	-77.6819843031
166.924264784	-77.6817269524
166.919071821	-77.6814695014
166.920278305	-77.6803612836
166.915086006	-77.6801037562
166.911101081	-77.6787379551
166.912308018	-77.6776297786
166.907117046	-77.6773720983
166.901926294	-77.6771143177
166.903133901	-77.6760061857
166.897943812	-77.6757483287
166.899151645	-77.6746402174
166.89396222	-77.674382284
166.888773013	-77.6741242504
166.889981516	-77.6730161837
166.884792973	-77.6727580737
166.879604649	-77.6724998635
166.874416544	-77.6722415532
166.875626161	-77.6711335549
166.870438719	-77.6708751682
166.866461782	-77.6695087276
166.862485733	-77.6681422315
166.858510572	-77.6667756799
166.853325338	-77.6665169643
166.854536298	-77.6654090726
166.850562911	-77.6640424099
166.845379003	-77.663783542
166.846590412	-77.6626756917
166.841407166	-77.6624167476
166.836224139	-77.6621577034
166.831041331	-77.6618985591
166.825858743	-77.6616393147
166.820676375	-77.6613799702
166.815494225	-77.6611205257
166.810312296	-77.6608609811
166.811526587	-77.6597532954
166.80634532	-77.6594936747
166.801164273	-77.659233954
166.799949096	-77.6603415917
166.794767826	-77.660081747
166.793551986	-77.6611893573
166.788370493	-77.6609293885
166.781972275	-77.6617768787
166.776790779	-77.6615166858
166.771609504	-77.6612563928
166.772827334	-77.6601488819
166.774044944	-77.6590413676
166.775262333	-77.6579338501
166.770082606	-77.6576735293
166.771300218	-77.6565660325
166.766121152	-77.6563056358
166.760942307	-77.656045139
166.755763682	-77.6557845423
166.750585278	-77.6555238457
166.749365897	-77.6566312461
166.74418727	-77.6563704254
166.742967227	-77.6574777985
166.737788379	-77.6572168537
166.732609752	-77.6569558089
166.731388604	-77.6580631304
166.726209755	-77.6578019615
166.727431345	-77.6566946642
166.72225316	-77.6564334195
166.717075195	-77.6561720749
166.711897451	-77.6559106303
166.706719928	-77.6556490858
166.702766205	-77.6542802614
166.697589566	-77.6540185413
166.698813365	-77.6529113821
166.693637388	-77.6526495862
166.688461633	-77.6523876904
166.689686093	-77.6512805763
166.684511001	-77.6510186048
166.685735681	-77.6499115114
166.680561251	-77.6496494643
166.679336129	-77.6507565334
166.674161479	-77.6504943622
166.672935695	-77.6516014038
166.667760825	-77.6513391085
166.66898705	-77.6502320912
166.663812843	-77.6499697203
166.665039288	-77.6488627237
166.666265511	-77.6477557238
166.671438837	-77.6480180463
166.672664398	-77.6469110188
166.673889737	-77.6458039878
166.668717294	-77.6455417138
166.669942853	-77.6444347037
166.664771071	-77.644172354
166.66599685	-77.6430653647
166.66082573	-77.6428029395
166.662051728	-77.6416959711
166.656881269	-77.6414334702
166.651711032	-77.6411708697
166.646541017	-77.6409081694
166.645313698	-77.6420150651
166.644086157	-77.6431219575
166.642858395	-77.6442288465
166.641630412	-77.645335732
166.640402206	-77.6464426142
166.639173779	-77.6475494929
166.63794513	-77.6486563682
166.63671626	-77.6497632401
166.631542942	-77.649500246
166.626369846	-77.649237152
166.627599598	-77.6481303287
166.628829128	-77.6470235019
166.623657136	-77.6467603567
166.624886884	-77.6456535508
166.619715554	-77.6453903301
166.620945521	-77.6442835451
166.615774853	-77.6440202489
166.610604407	-77.643756853
166.605434183	-77.6434933574
166.600264182	-77.643229762
166.595094403	-77.6429660669
166.589924846	-77.6427022721
166.584755511	-77.6424383775
166.579586399	-77.6421743832
166.580819664	-77.6410677893
166.575651214	-77.6408037196
166.576884696	-77.6396971466
166.571716908	-77.6394330016
166.572950607	-77.6383264494
166.567783481	-77.6380622292
166.562616578	-77.6377979092
166.563850933	-77.6366914023
166.558684692	-77.6364270071
166.553518674	-77.6361625122
166.548352878	-77.6358979178
166.543187305	-77.6356332236
166.538021955	-77.6353684299
166.536785404	-77.6364748149
166.531619837	-77.6362098971
166.526454494	-77.6359448797
166.525216842	-77.6370512123
166.520051283	-77.6367860709
166.514885948	-77.6365208299
166.513647195	-77.6376271101
166.508481643	-77.637361745
166.507242228	-77.6384679973
166.502076461	-77.6382025081
166.500836384	-77.6393087324
166.495670402	-77.6390431191
166.490504643	-77.6387774063
166.489263464	-77.639883578
166.484097491	-77.6396177411
166.478931741	-77.6393518045
166.473766216	-77.6390857683
166.468600914	-77.6388196326
166.469843849	-77.6377135589
166.46467921	-77.6374473481
166.460758383	-77.6360750095
166.455594631	-77.6358086241
166.456838433	-77.6347026169
166.451675343	-77.6344361565
166.452919359	-77.6333301703
166.447756932	-77.6330636349
166.449001161	-77.6319576696
166.443839397	-77.6316910593
166.438677856	-77.6314243495
166.43351654	-77.6311575401
166.428355448	-77.6308906313
166.427109467	-77.6319964983
166.421948161	-77.6317294654
166.423194581	-77.630623623
166.418033938	-77.6303565153
166.41928057	-77.6292506939
166.415367434	-77.6278777109
166.416614055	-77.6267719069
166.411455174	-77.626504674
166.412702008	-77.625398891
166.413948617	-77.6242931045
166.408790834	-77.6240258214
166.403633277	-77.6237584388
166.404880536	-77.6226526979
166.39972364	-77.6223852406
166.394566968	-77.6221176839
166.395814876	-77.6210119885
166.390658866	-77.6207443571
166.385503081	-77.6204766262
166.38034752	-77.6202087961
166.381596514	-77.619103171
166.376441615	-77.6188352661
166.37128694	-77.6185672619
166.372536582	-77.6174616825
166.367382569	-77.6171936036
166.362228781	-77.6169254254
166.363479071	-77.6158198917
166.358325943	-77.6155516388
166.359576444	-77.6144461262
166.354423978	-77.6141777987
166.355674691	-77.6130723071
166.356925178	-77.6119668119
166.35817544	-77.610861313
166.359425478	-77.6097558105
166.35427498	-77.6094874824
166.355525229	-77.6083820009
166.356775253	-77.6072765158
166.358025052	-77.6061710271
166.352876086	-77.6059026737
166.354126096	-77.604797206
166.355375881	-77.6036917347
166.35022801	-77.6034233315
166.351478006	-77.6023178811
166.346330795	-77.6020494034
166.341183809	-77.6017808264
166.339932942	-77.6028862274
166.338681851	-77.6039916247
166.333534219	-77.6037228993
166.332282468	-77.6048282683
166.327134626	-77.6045594189
166.321987009	-77.6042904704
166.320734162	-77.6053957864
166.321987009	-77.6042904704
166.316839617	-77.6040214227
166.318092673	-77.6029161278
166.319345504	-77.6018108293
166.314199207	-77.6015417318
166.315452248	-77.6004364543
166.310306611	-77.6001672825
166.311559861	-77.599062026
166.306414884	-77.5987927798
166.307668344	-77.5976875444
166.308921579	-77.5965823053
166.303777695	-77.5963130094
166.30503114	-77.5952077914
166.310174589	-77.5954770626
166.311427374	-77.5943718162
166.312679934	-77.5932665662
166.31782274	-77.5935356889
166.319074641	-77.5924304105
166.324217237	-77.5926994094
166.325468479	-77.5915941027
166.320326317	-77.5913251284
166.321577769	-77.5902198427
166.322828996	-77.5891145534
166.317687927	-77.5888455294
166.318939364	-77.5877402611
166.320190576	-77.5866349891
166.315050599	-77.5863659155
166.31630202	-77.5852606646
166.311162702	-77.5849915166
166.306023608	-77.5847222697
166.307275672	-77.5836170645
166.308527511	-77.5825118556
166.303389509	-77.5822425591
166.304641557	-77.5811373712
166.311030517	-77.5803014269
166.316167877	-77.5805705751
166.31741861	-77.5794653306
166.322555761	-77.5797343552
166.327693136	-77.5800032808
166.328942778	-77.5788979834
166.330192196	-77.5777926823
166.33144139	-77.5766873776
166.326305315	-77.5764185259
166.327554718	-77.5753132422
166.322419299	-77.5750443162
166.323668911	-77.5739390535
166.328803897	-77.5742079548
166.330052852	-77.5731026639
166.331301584	-77.5719973693
166.332550091	-77.570892071
166.327416404	-77.5706232436
166.328665121	-77.5695179664
166.323532091	-77.5692490647
166.324781016	-77.5681438085
166.319648642	-77.5678748326
166.318399284	-77.5689800642
166.313266701	-77.5687109647
166.312016687	-77.569816168
166.306883896	-77.5695469451
166.308134343	-77.5684417664
166.303002208	-77.5681724693
166.304252863	-77.5670673116
166.305503295	-77.5659621504
166.300372249	-77.5656928037
166.301622888	-77.5645876634
166.296492498	-77.5643182426
166.297743346	-77.5632131234
166.292613612	-77.5629436284
166.288735589	-77.561568961
166.289986853	-77.5604638838
166.284858431	-77.5601942406
166.279730232	-77.5599244986
166.280982135	-77.5588194671
166.275854592	-77.558549651
166.270727274	-77.5582797362
166.269474508	-77.5593847183
166.264346982	-77.55911468
166.263093561	-77.5602196337
166.261839915	-77.5613245837
166.260586044	-77.5624295301
166.25933195	-77.5635344727
166.264461202	-77.5638046099
166.263207314	-77.5649095736
166.267083542	-77.5662846215
166.272214107	-77.5665546105
166.270960634	-77.5676596163
166.276091856	-77.5679295312
166.281223302	-77.5681993473
166.285102571	-77.5695741408
166.290234898	-77.5698437839
166.288982705	-77.5709488812
166.294115689	-77.5712184502
166.292863705	-77.5723235685
166.291611496	-77.5734286832
166.290359062	-77.5745337942
166.285224781	-77.5742641511
166.280090724	-77.5739944092
166.274956891	-77.5737245684
166.269823284	-77.5734546287
166.264689901	-77.5731845901
166.260811771	-77.5718094901
166.25567927	-77.5715392785
166.251802663	-77.5701640513
166.246671044	-77.5698936669
166.24153965	-77.5696231836
166.242795957	-77.5685183126
166.23766522	-77.5682477553
166.232534708	-77.5679770991
166.227404421	-77.5677063442
166.228661799	-77.5666015439
166.223532169	-77.566330715
166.218402764	-77.5660597873
166.21966078	-77.5649550328
166.214532032	-77.5646840312
166.215790254	-77.5635792977
166.210662163	-77.5633082222
166.211920591	-77.5622035098
166.206793156	-77.5619323603
166.201665946	-77.5616611121
166.202925011	-77.5605564457
166.197798458	-77.5602851236
166.192672131	-77.5600137028
166.187546028	-77.5597421833
166.188806161	-77.5586375876
166.183680715	-77.5583659943
166.178555495	-77.5580943022
166.1734305	-77.5578225116
166.174691699	-77.5567179867
166.16956736	-77.5564461222
166.170828764	-77.5553416185
166.172089943	-77.554237111
166.173350896	-77.5531325997
166.178473943	-77.5534043896
166.17973424	-77.5522998498
166.180994312	-77.5511953062
166.182254159	-77.5500907589
166.18351378	-77.5489862078
166.184773176	-77.5478816529
166.17965228	-77.5476099872
166.180911881	-77.5465054535
166.175791639	-77.546233714
166.170671623	-77.545961876
166.171931859	-77.5448573882
166.173191869	-77.5437528967
166.174451654	-77.5426484014
166.175711214	-77.5415439023
166.17697055	-77.5404393995
166.182088418	-77.5407111134
166.183347098	-77.5396065821
166.188464762	-77.5398781726
166.189722788	-77.5387736127
166.194840247	-77.53904508
166.19995793	-77.5393164486
166.201214873	-77.5382118355
166.206332351	-77.5384830808
166.211450054	-77.5387542277
166.212705913	-77.5376495613
166.213961548	-77.5365448911
166.215216959	-77.5354402173
166.210100545	-77.5351691447
166.204984355	-77.5348979736
166.199868389	-77.534626704
166.194752648	-77.534355336
166.19349552	-77.5354599108
166.188379574	-77.5351884194
166.183263852	-77.5349168296
166.178148356	-77.5346451413
166.176889715	-77.5357496379
166.171774014	-77.5354778263
166.166658538	-77.5352059162
166.161543287	-77.5349339077
166.162803214	-77.5338294855
166.164062916	-77.5327250596
166.165322393	-77.5316206299
166.166581646	-77.5305161965
166.171695182	-77.5307881057
166.172953781	-77.5296836438
166.178067113	-77.5299554298
166.183180669	-77.5302271173
166.18829445	-77.5304987064
166.189551539	-77.5293941664
166.194665115	-77.5296656322
166.199778916	-77.5299369997
166.201034922	-77.5288324063
166.206148518	-77.5291036506
166.207403872	-77.5279990287
166.212517263	-77.5282701498
166.213771964	-77.5271654995
166.21502644	-77.5260608455
166.220139198	-77.5263318186
166.221393022	-77.5252271362
166.222646622	-77.5241224501
166.223899998	-77.5230177603
166.225153151	-77.5219130669
166.220042108	-77.5216421926
166.221295466	-77.5205375202
166.216185075	-77.5202665723
166.217438638	-77.5191619209
166.212328898	-77.5188908993
166.213582666	-77.5177862689
166.208473578	-77.5175151737
166.20972755	-77.5164105643
166.210981298	-77.5153059512
166.212234823	-77.5142013345
166.213488124	-77.513096714
166.2185955	-77.5133677104
166.219848149	-77.5122630616
166.22495532	-77.5125339349
166.226207319	-77.5114292577
166.231314285	-77.511700008
166.236421474	-77.51197066
166.241528886	-77.5122412137
166.240278171	-77.5133459649
166.245386234	-77.5136164449
166.250494521	-77.5138868265
166.249244439	-77.5149916234
166.254353376	-77.5152619313
166.258213088	-77.5166369833
166.2633229	-77.5169071191
166.268432934	-77.5171771564
166.269681525	-77.5160722646
166.270929893	-77.5149673692
166.276039293	-77.5152372589
166.277287011	-77.5141323352
166.278534505	-77.5130274078
166.283643271	-77.5132971499
166.284890115	-77.5121921944
166.286136737	-77.5110872352
166.287383136	-77.5099822724
166.288629313	-77.5088773059
166.293736588	-77.5091468513
166.294982115	-77.5080418566
166.29622742	-77.5069368584
166.30133406	-77.5072062563
166.302578715	-77.5061012299
166.30768515	-77.5063705048
166.308929155	-77.5052654503
166.314035383	-77.5055346024
166.315278738	-77.5044295196
166.320384759	-77.5046985489
166.325491002	-77.5049674797
166.32673328	-77.5038623444
166.331839316	-77.5041311524
166.338186774	-77.5032946741
166.339427753	-77.5021894826
166.344533375	-77.5024580449
166.345773705	-77.5013528254
166.352118801	-77.5005160173
166.357224009	-77.500784334
166.358463041	-77.4996790584
166.364806425	-77.4988419487
166.366044587	-77.4977366416
166.371148952	-77.4980046883
166.372386466	-77.4968993532
166.377490624	-77.4971672771
166.378727489	-77.4960619141
166.379964134	-77.4949565475
166.385067657	-77.4952243242
166.386303653	-77.4941189297
166.38753943	-77.4930135317
166.388774986	-77.4919081301
166.393877445	-77.4921757354
166.395112354	-77.4910703059
166.396347043	-77.4899648729
166.401448866	-77.4902323312
166.402682908	-77.4891268703
166.403916729	-77.488021406
166.410251091	-77.487183225
166.411484046	-77.4860777293
166.412716781	-77.48497223
166.417816906	-77.48523937
166.419048994	-77.484133843
166.420280863	-77.4830283124
166.421512513	-77.4819227783
166.422743944	-77.4808172408
166.423975155	-77.4797116998
166.429073363	-77.47997862
166.430303928	-77.4788730512
166.431534274	-77.4777674789
166.436631846	-77.4780342522
166.437861546	-77.4769286522
166.439091028	-77.4758230487
166.44032029	-77.4747174417
166.4454168	-77.474984044
166.446645417	-77.4738784093
166.447873816	-77.4727727711
166.449101996	-77.4716671295
166.450329957	-77.4705614844
166.4515577	-77.4694558358
166.452785225	-77.4683501837
166.454012532	-77.4672445283
166.45523962	-77.4661388693
166.451373821	-77.4647668227
166.4526009	-77.4636611811
166.45382776	-77.462555536
166.448736161	-77.4622891021
166.44996323	-77.4611834778
166.444872275	-77.46091697
166.446099552	-77.4598113664
166.441009241	-77.4595447847
166.435919148	-77.459278105
166.437147059	-77.4581725464
166.433285728	-77.456800255
166.434513628	-77.4556947138
166.43574131	-77.4545891691
166.436968773	-77.4534836209
166.438196019	-77.4523780693
166.439423047	-77.4512725142
166.440649857	-77.4501669557
166.435563605	-77.4499002736
166.436790622	-77.4487947358
166.438017421	-77.4476891946
166.432932237	-77.447422463
166.434159244	-77.4463169425
166.429074703	-77.4460501371
166.430301917	-77.4449446374
166.431528913	-77.4438391342
166.432755692	-77.4427336275
166.437838958	-77.4430003603
166.439065095	-77.441894826
166.440291013	-77.4407892882
166.441516714	-77.439683747
166.446598924	-77.4399503092
166.447823984	-77.4388447404
166.452905987	-77.4391111805
166.454130404	-77.438005584
166.460435975	-77.4371662779
166.461659534	-77.4360606504
166.466740697	-77.4363268222
166.467963614	-77.4352211671
166.474266846	-77.4343815342
166.475488905	-77.4332758482
166.480569229	-77.4335417517
166.481790647	-77.4324360381
166.483011848	-77.4313303211
166.48809154	-77.4315960785
166.4893121	-77.430490334
166.494391584	-77.4307559694
166.495611504	-77.4296501975
166.496831207	-77.4285444221
166.498050695	-77.4274386433
166.503129122	-77.4277041086
166.504347969	-77.4265983023
166.509426188	-77.4268636457
166.510644395	-77.425757812
166.515722406	-77.4260230333
166.516939973	-77.4249171723
166.523234702	-77.4240763832
166.524451413	-77.4229704913
166.529528583	-77.4232354448
166.530744655	-77.4221295256
166.531960511	-77.421023603
166.538252265	-77.4201824606
166.539467266	-77.4190765073
166.540682053	-77.4179705506
166.541896623	-77.4168645906
166.543110979	-77.4157586272
166.538036561	-77.4154939395
166.539251126	-77.4143879968
166.540465475	-77.4132820506
166.541679609	-77.4121761012
166.542893528	-77.4110701484
166.544107233	-77.4099641923
166.545320722	-77.4088582328
166.546533997	-77.40775227
166.547747057	-77.4066463038
166.552818087	-77.4069107997
166.55403051	-77.4058048063
166.555242717	-77.4046988095
166.55645471	-77.4035928094
166.561524686	-77.4038571357
166.562736042	-77.4027511084
166.570227031	-77.4008032005
166.571437321	-77.3996971393
166.576506034	-77.3999611745
166.577715687	-77.3988550861
166.578925126	-77.3977489943
166.585202009	-77.3969067651
166.586410598	-77.3958006429
166.587618972	-77.3946945174
166.588827133	-77.3935883885
166.590035081	-77.3924822564
166.591242814	-77.391376121
166.592450334	-77.3902699823
166.593657641	-77.3891638403
166.598722556	-77.3894274414
166.599929226	-77.3883212723
166.601135684	-77.3872150999
166.602341929	-77.3861089242
166.60354796	-77.3850027452
166.608611399	-77.3852661534
166.609816795	-77.3841599473
166.611021978	-77.383053738
166.616084786	-77.3833170009
166.617289334	-77.3822107645
166.623555846	-77.3813676426
166.624759546	-77.3802613759
166.629821514	-77.3805243722
166.631024579	-77.3794180785
166.632227433	-77.3783117815
166.637288769	-77.3785746327
166.638490988	-77.3774683087
166.639692995	-77.3763619814
166.640894789	-77.3752556509
166.642096371	-77.3741493172
166.643297741	-77.3730429802
166.644498899	-77.37193664
166.639440092	-77.3716739313
166.64064146	-77.3705676116
166.641842615	-77.3694612886
166.643043557	-77.3683549624
166.644244288	-77.367248633
166.649301409	-77.3675112469
166.650501507	-77.3664048905
166.655558419	-77.3666673831
166.656757883	-77.3655609998
166.661814586	-77.3658233712
166.663013418	-77.364716961
166.66806991	-77.3649792111
166.669268109	-77.363872774
166.670466097	-77.3627663337
166.665410447	-77.3625041309
166.666608644	-77.361397711
166.66780663	-77.360291288
166.662752033	-77.360029035
166.663950229	-77.3589226324
166.665148213	-77.3578162266
166.660094669	-77.3575539235
166.661292862	-77.3564475382
166.662490844	-77.3553411496
166.663688615	-77.3542347579
166.658636544	-77.3539724284
166.659834524	-77.3528660571
166.661032293	-77.3517596825
166.655981274	-77.351497303
166.657179252	-77.3503909489
166.658377018	-77.3492845916
166.65332705	-77.349022162
166.649475689	-77.3476533219
166.644426564	-77.3473907212
166.640576674	-77.3460217541
166.635528391	-77.3457589824
166.636727623	-77.3446527339
166.631679971	-77.3443898885
166.632879412	-77.3432836605
166.629032039	-77.3419145339
166.630231477	-77.3408083231
166.625185505	-77.3405453542
166.62133981	-77.3391761214
166.616294681	-77.3389129817
166.612450454	-77.3375436222
166.607406167	-77.3372803117
166.608607065	-77.3361742097
166.603563408	-77.3359108256
166.598519962	-77.3356473443
166.599721487	-77.3345412866
166.594678672	-77.3342777318
166.589636068	-77.3340140798
166.585796245	-77.3326443408
166.580754482	-77.3323805181
166.575712932	-77.3321165983
166.576916126	-77.3310106528
166.578119108	-77.329904704
166.579321879	-77.328798752
166.580524439	-77.3276927967
166.581726786	-77.3265868382
166.582928922	-77.3254808764
166.577890092	-77.3252170019
166.579092435	-77.3241110606
166.580294566	-77.3230051161
166.575256783	-77.322741192
166.576459121	-77.3216352679
166.577661247	-77.3205293406
166.57262451	-77.3202653669
166.573826843	-77.31915946
166.575028964	-77.3180535499
166.569993273	-77.3177895266
166.571195601	-77.316683637
166.566160539	-77.3164195404
166.561125689	-77.3161553468
166.562328639	-77.3150495014
166.557294417	-77.3147852345
166.558497573	-77.3136794096
166.553463979	-77.3134150695
166.548430598	-77.3131506323
166.549634376	-77.3120448517
166.544601622	-77.3117803413
166.545805606	-77.3106745812
166.54077348	-77.3104099976
166.541977669	-77.3093042579
166.536946172	-77.3090396011
166.538150565	-77.307933882
166.533119696	-77.307669152
166.531914886	-77.3087748474
166.526883812	-77.3085099966
166.52185295	-77.3082450489
166.516822299	-77.3079800043
166.51179186	-77.3077148627
166.512998335	-77.3066092626
166.507968525	-77.306344048
166.509175204	-77.3052384684
166.510381672	-77.3041328856
166.511587928	-77.3030272994
166.512793972	-77.30192171
166.507766037	-77.3016564937
166.508972285	-77.3005509247
166.510178322	-77.2994453525
166.511384147	-77.298339777
166.506357671	-77.2980745352
166.5075637	-77.2969689802
166.502537851	-77.2967036655
166.503744084	-77.295598131
166.498718862	-77.2953327432
166.499925298	-77.2942272292
166.494900703	-77.2939617685
166.496107344	-77.292856275
166.491083375	-77.2925907413
166.492290219	-77.2914852683
166.487266877	-77.2912196616
166.482243747	-77.2909539581
166.477220828	-77.2906881579
166.472198122	-77.2904222608
166.467175627	-77.290156267
166.462153344	-77.2898901765
166.463362465	-77.2887848433
166.458340809	-77.2885186799
166.459550133	-77.2874133673
166.454529103	-77.287147131
166.455738629	-77.2860418389
166.456947944	-77.2849365435
166.461968145	-77.285202732
166.463176833	-77.2840974094
166.468196831	-77.2843634774
166.469404893	-77.2832581276
166.474424689	-77.283524075
166.475632125	-77.282418698
166.47683935	-77.2813133177
166.478046363	-77.2802079341
166.479253164	-77.2791025472
166.474235025	-77.2788366952
166.47544203	-77.2777313288
166.470424516	-77.2774654039
166.465407214	-77.2771993824
166.466614835	-77.2760940603
166.467822244	-77.274988735
166.469029442	-77.2738834063
166.465220993	-77.2725120514
166.466428182	-77.27140674
166.467635159	-77.2703014251
166.462620762	-77.2700353534
166.463827942	-77.2689300591
166.458814169	-77.2686639146
166.460021551	-77.2675586408
166.455008403	-77.2672924236
166.449995466	-77.2670261098
166.451203463	-77.2659208803
166.44619115	-77.2656544938
166.44117905	-77.2653880107
166.43616716	-77.2651214311
166.431155482	-77.264854755
166.429945834	-77.2659598889
166.424933955	-77.2656930923
166.419922287	-77.2654261992
166.414910832	-77.2651592096
166.413699733	-77.2662642685
166.408688077	-77.2659971584
166.403676632	-77.2657299519
166.398665399	-77.2654626488
166.399877736	-77.2643576616
166.394867128	-77.264090286
166.396079665	-77.2629853194
166.39729199	-77.2618803494
166.398504103	-77.2607753761
166.403513474	-77.26104268
166.404724963	-77.2599376794
166.40593624	-77.2588326754
166.407147305	-77.2577276681
166.412155651	-77.2579948038
166.413366092	-77.2568897692
166.414576322	-77.2557847313
166.419584055	-77.2560517227
166.420793661	-77.2549466575
166.422003056	-77.253841589
166.427010176	-77.2541084362
166.428218947	-77.2530033404
166.433225866	-77.2532700674
166.434434014	-77.2521649444
166.435641951	-77.2510598181
166.440648258	-77.2513264009
166.441855572	-77.2502212475
166.446861677	-77.25048771
166.448068368	-77.2493825293
166.443062675	-77.2491160907
166.444269567	-77.2480109306
166.439264496	-77.2477444193
166.440471589	-77.2466392797
166.435467141	-77.2463726958
166.436674435	-77.2452675768
166.431670609	-77.2450009204
166.426666995	-77.2447341676
166.427874901	-77.2436290929
166.429082596	-77.2425240148
166.43029008	-77.2414189334
166.43529246	-77.2416856146
166.440295052	-77.2419521995
166.441501502	-77.2408470671
166.442707742	-77.2397419314
166.443913772	-77.2386367923
166.445119591	-77.23753165
166.440118645	-77.2372651604
166.441324664	-77.2361600385
166.43632434	-77.2358934764
166.43753056	-77.234788375
166.432530857	-77.2345217404
166.433737277	-77.2334166596
166.428738195	-77.2331499525
166.429944816	-77.2320448921
166.424946355	-77.2317781126
166.426153176	-77.2306730727
166.431151226	-77.2309398284
166.436149486	-77.2312064878
166.437355275	-77.230101397
166.442353335	-77.2303679363
166.443558504	-77.2292628184
166.444763461	-77.2281576971
166.445968209	-77.2270525725
166.447172747	-77.2259474446
166.448377074	-77.2248423134
166.449581192	-77.2237371789
166.444585594	-77.2234707823
166.445789912	-77.2223656683
166.440794935	-77.2220991993
166.441999453	-77.2209941057
166.44320376	-77.2198890088
166.444407858	-77.2187839087
166.445611747	-77.2176788052
166.446815425	-77.2165736984
166.451808352	-77.2168400486
166.453011411	-77.2157349147
166.45421426	-77.2146297776
166.4554169	-77.2135246371
166.45661933	-77.2124194934
166.45782155	-77.2113143464
166.459023561	-77.2102091961
166.460225363	-77.2091040425
166.465215632	-77.2093701303
166.466416815	-77.2082649496
166.467617789	-77.2071597657
166.468818554	-77.2060545786
166.473807804	-77.2063204991
166.47500795	-77.2052152849
166.479997001	-77.2054810857
166.481196529	-77.2043758445
166.486185378	-77.2046415254
166.487384288	-77.2035362574
166.493571229	-77.2026965235
166.499757352	-77.2018566429
166.500954818	-77.2007513178
166.505942656	-77.2010166157
166.507139504	-77.1999112637
166.508336144	-77.1988059084
166.513323372	-77.199071063
166.514519394	-77.1979656808
166.515715208	-77.1968602954
166.520701827	-77.1971253066
166.521897024	-77.1960198944
166.523092013	-77.1949144789
166.529272393	-77.1940739046
166.530466557	-77.1929684591
166.531660513	-77.1918630103
166.536645503	-77.1921277115
166.541630701	-77.1923923166
166.542823631	-77.1912868175
166.544016355	-77.1901813151
166.54520887	-77.1890758096
166.551384948	-77.1882347157
166.55257664	-77.1871291802
166.553768125	-77.1860236416
166.554959403	-77.1849180997
166.556150474	-77.1838125546
166.561132816	-77.1840767793
166.562323271	-77.1829712075
166.563513519	-77.1818656325
166.568495251	-77.1821297141
166.569684884	-77.1810241125
166.574666415	-77.1812880746
166.575855432	-77.1801824463
166.580836762	-77.1804462889
166.582025164	-77.1793406339
166.587006292	-77.179604357
166.591987626	-77.1798679841
166.593175005	-77.178762279
166.598156137	-77.1790257867
166.603137475	-77.1792891984
166.604323831	-77.1781834432
166.609304967	-77.1784467355
166.61428631	-77.1787099317
166.620452782	-77.1778672033
166.625434128	-77.1781301841
166.626618437	-77.177024329
166.63159958	-77.1772871903
166.632783275	-77.1761813087
166.633966764	-77.1750754239
166.638947296	-77.1753381424
166.640130171	-77.1742322311
166.64131284	-77.1731263167
166.642495303	-77.1720203992
166.643677561	-77.1709144785
166.648656665	-77.1711770076
166.649838309	-77.1700710605
166.651019748	-77.1689651103
166.655998241	-77.1692274967
166.657179066	-77.16812152
166.658359686	-77.1670155403
166.663337568	-77.167277784
166.664517575	-77.1661717778
166.665697377	-77.1650657686
166.670674647	-77.1653278697
166.671853836	-77.164221834
166.676830903	-77.1644838159
166.678009479	-77.1633777539
166.682986343	-77.1636396165
166.684164306	-77.1625335281
166.689140967	-77.1627952715
166.690318317	-77.1616891567
166.695294774	-77.1619507809
166.700271435	-77.1622123092
166.705248301	-77.1624737415
166.710225371	-77.1627350778
166.715202645	-77.1629963182
166.720180124	-77.1632574626
166.725157806	-77.1635185111
166.730135693	-77.1637794635
166.735113784	-77.16404032
166.740092078	-77.1643010805
166.745070576	-77.1645617449
166.750049279	-77.1648223134
166.748876829	-77.1659287069
166.753856143	-77.1661892026
166.758835662	-77.1664496022
166.763815384	-77.1667099057
166.767624291	-77.1680765965
166.772604829	-77.1683367311
166.777585571	-77.1685967697
166.778755771	-77.1674902402
166.783736308	-77.1677501595
166.784905896	-77.1666436039
166.789886226	-77.1669034041
166.79486676	-77.1671631082
166.796035326	-77.1660565033
166.801015654	-77.1663160882
166.805996185	-77.1665755771
166.80716373	-77.165468923
166.812144055	-77.1657282927
166.817124582	-77.1659875664
166.822105313	-77.1662467439
166.827086246	-77.1665058254
166.830901883	-77.1678715802
166.835883631	-77.1681304926
166.840865581	-77.1683893088
166.845847734	-77.168648029
166.85083009	-77.168906653
166.855812648	-77.1691651808
166.856976099	-77.1680582962
166.86195845	-77.168316705
166.866941003	-77.1685750176
166.868103433	-77.167468084
166.873085778	-77.1677262775
166.878068326	-77.1679843748
166.883051075	-77.168242376
166.888034027	-77.168500281
166.891856799	-77.1698651384
166.896840565	-77.1701228741
166.901824532	-77.1703805136
166.907967851	-77.1695309396
166.912951811	-77.1697883638
166.917935973	-77.1700456919
166.922920337	-77.1703029237
166.927904902	-77.1705600594
166.932889668	-77.1708170988
166.937874635	-77.1710740421
166.942859804	-77.1713308891
166.941703526	-77.1724381667
166.946689306	-77.1726949404
166.950519629	-77.1740589384
166.949363769	-77.1751662561
166.954350773	-77.175422883
166.953195123	-77.1765302207
166.958182739	-77.1767867743
166.957027299	-77.177894132
166.962015527	-77.1781506121
166.960860296	-77.1792579898
166.959704864	-77.1803653646
166.964694116	-77.1806217942
166.969683568	-77.1808781275
166.968528757	-77.1819855452
166.973518823	-77.182241805
166.972364222	-77.1833492426
166.9773549	-77.183605429
166.976200509	-77.1847128867
166.9811918	-77.1849689995
166.98003762	-77.1860764772
166.978883239	-77.187183952
166.983875554	-77.1874400141
166.982721383	-77.188547509
166.987714311	-77.1888034976
166.986560351	-77.1899110124
166.991553892	-77.1901669275
166.996547634	-77.1904227461
166.995394297	-77.1915303038
167.000388652	-77.1917860488
167.005383208	-77.1920416975
167.004230495	-77.1931492979
167.009225664	-77.1934048729
167.014221034	-77.1936603515
167.013068944	-77.1947679948
167.018064928	-77.1950233997
167.016913049	-77.1961310629
167.021909646	-77.1963863942
167.02575519	-77.197749335
167.02960156	-77.199112222
167.028450317	-77.2002199451
167.033448755	-77.2004750553
167.032297724	-77.2015827984
167.037296776	-77.2018378348
167.036145957	-77.2029455979
167.034994938	-77.2040533582
167.039995017	-77.2043083436
167.03884421	-77.2054161238
167.037693202	-77.2065239012
167.042694308	-77.2067788357
167.041543513	-77.2078866331
167.040392516	-77.2089944276
167.045394651	-77.2092493111
167.044243867	-77.2103571256
167.043092882	-77.2114649373
167.048096045	-77.2117197697
167.046945273	-77.2128276014
167.05194905	-77.21308236
167.050798491	-77.2141902117
167.049647731	-77.2152980605
167.054652538	-77.215552768
167.053501991	-77.2166606368
167.052351243	-77.2177685028
167.057357079	-77.2180231592
167.056206544	-77.2191310452
167.055055808	-77.2202389284
167.053904871	-77.2213468087
167.058912151	-77.2216014368
167.057761427	-77.2227093371
167.056610502	-77.2238172346
167.061618813	-77.2240718115
167.060468101	-77.225179729
167.065477027	-77.2254342319
167.06432653	-77.2265421694
167.063175831	-77.2276501041
167.068185788	-77.2279045558
167.067035302	-77.2290125105
167.065884616	-77.2301204623
167.070895604	-77.2303748628
167.069745132	-77.2314828346
167.074756737	-77.2317371612
167.073606478	-77.2328451529
167.0786187	-77.2330994054
167.077468655	-77.2342074172
167.082481493	-77.2344615956
167.081331663	-77.2355696274
167.080181632	-77.2366776563
167.079031399	-77.2377856824
167.084045686	-77.2380398323
167.082895667	-77.2391478784
167.081745448	-77.2402559217
167.080595027	-77.2413639622
167.079444405	-77.2424719999
167.084460556	-77.242726144
167.083310148	-77.2438342017
167.082159539	-77.2449422565
167.087176724	-77.2451963493
167.08602633	-77.2463044242
167.084875734	-77.2474124962
167.088743572	-77.2487746297
167.087592989	-77.2498827189
167.086442205	-77.2509908053
167.091461875	-77.2512448181
167.090311306	-77.2523529245
167.089160535	-77.2534610281
167.094181241	-77.2537149896
167.093030685	-77.2548231131
167.098052009	-77.2550770004
167.101923611	-77.2564389569
167.106945756	-77.2566926729
167.105796048	-77.2578008592
167.110818811	-77.2580545009
167.109669319	-77.2591627072
167.114692701	-77.2594162746
167.113543425	-77.2605245009
167.112393947	-77.2616327243
167.117418365	-77.2618862402
167.116269103	-77.2629944836
167.11511964	-77.2641027243
167.120145095	-77.2643561886
167.118995848	-77.2654644492
167.117846399	-77.2665727071
167.116696748	-77.2676809621
167.115546896	-77.2687892143
167.120574224	-77.2690426726
167.119424588	-77.2701509448
167.118274751	-77.2712592143
167.117124711	-77.2723674809
167.115974469	-77.2734757448
167.114824026	-77.2745840058
167.119853647	-77.2748374808
167.11870342	-77.2759457619
167.117552991	-77.2770540401
167.122583652	-77.2773074635
167.121433439	-77.2784157617
167.120283025	-77.2795240572
167.124164527	-77.2808857443
167.123014127	-77.2819940569
167.121863525	-77.2831023668
167.120712721	-77.2842106738
167.119561715	-77.2853189781
167.118410506	-77.2864272795
167.117259096	-77.2875355782
167.116107482	-77.2886438741
167.114955667	-77.2897521671
167.113803649	-77.2908604574
167.112651428	-77.2919687448
167.117687941	-77.29222227
167.116535937	-77.2933305775
167.115383731	-77.2944388821
167.114231322	-77.2955471839
167.113078711	-77.296655483
167.111925897	-77.2977637792
167.11077288	-77.2988720726
167.10961966	-77.2999803632
167.108466237	-77.301088651
167.103426365	-77.3008349432
167.10227232	-77.3019432054
167.101118071	-77.3030514647
167.099963619	-77.3041597212
167.098808964	-77.3052679748
167.097654105	-77.3063762257
167.096499044	-77.3074844737
167.091456854	-77.3072305314
167.090301168	-77.3083387537
167.08914528	-77.3094469732
167.084102452	-77.3091928876
167.082945939	-77.3103010814
167.081789223	-77.3114092723
167.075588417	-77.3122632088
167.074430872	-77.3133713711
167.06938677	-77.3131169991
167.068228601	-77.3142251357
167.067070228	-77.3153332693
167.065911651	-77.3164414002
167.070957016	-77.3166958409
167.069798655	-77.3178039918
167.074844645	-77.318058358
167.073686502	-77.319166529
167.072528155	-77.3202746972
167.077575191	-77.3205290117
167.076417061	-77.3216371999
167.075258726	-77.3227453853
167.080306809	-77.3229996482
167.079148692	-77.3241078536
167.0841974	-77.324362042
167.083039501	-77.3254702675
167.088088834	-77.3257243812
167.086931152	-77.3268326267
167.091981111	-77.3270866658
167.090823647	-77.3281949314
167.095874232	-77.3284488959
167.100925021	-77.3287027627
167.099768197	-77.3298110713
167.104819612	-77.3300648635
167.103663005	-77.3311731921
167.108715046	-77.3314269096
167.106402066	-77.3336436042
167.105245269	-77.3347519473
167.110298781	-77.3350056358
167.109142203	-77.3361139989
167.107985421	-77.3372223592
167.113039981	-77.3374759959
167.111883418	-77.3385843762
167.116938605	-77.3388379381
167.11578226	-77.3399463385
167.119681948	-77.3413082461
167.118525618	-77.3424166638
167.123582482	-77.342670099
167.127483862	-77.344031897
167.126327969	-77.3451403548
167.131386088	-77.3453936403
167.13644441	-77.3456468281
167.141502937	-77.3458999181
167.14034811	-77.3470084417
167.145407264	-77.3472614568
167.150466622	-77.3475143742
167.149312438	-77.3486229407
167.154372423	-77.3488757831
167.158279072	-77.3502371371
167.163339888	-77.3504898069
167.162186568	-77.3515984362
167.167248012	-77.351851031
167.17230966	-77.3521035279
167.171156984	-77.3532122002
167.176219259	-77.3534646221
167.181281738	-77.3537169461
167.180129707	-77.3548256612
167.185192814	-77.3550779103
167.190256124	-77.3553300614
167.189104738	-77.3564388194
167.194168676	-77.3566908954
167.199232818	-77.3569428737
167.198082077	-77.3580516744
167.203146847	-77.3583035775
167.201996327	-77.3594123983
167.207061725	-77.3596642263
167.205911427	-77.360773067
167.210977453	-77.3610248199
167.216043682	-77.3612764748
167.221110115	-77.3615280318
167.222259138	-77.3604191227
167.227325349	-77.360670559
167.232391763	-77.3609218974
167.23124359	-77.362030852
167.236310632	-77.3622821151
167.241377877	-77.3625332803
167.24023035	-77.3636422776
167.245298224	-77.3638933675
167.244150919	-77.3650023848
167.249219421	-77.3652533995
167.248072339	-77.3663624367
167.246925054	-77.3674714712
167.25199461	-77.3677224334
167.250847548	-77.3688314878
167.255917732	-77.3690823747
167.254770892	-77.3701914491
167.259841706	-77.3704422606
167.264912722	-77.3706929741
167.263766531	-77.3718020913
167.268838176	-77.3720527294
167.273910023	-77.3723032695
167.272764482	-77.3734124293
167.277836958	-77.3736628939
167.27669164	-77.3747720737
167.275546119	-77.3758812507
167.280619651	-77.3761316627
167.285693386	-77.3763819766
167.284548515	-77.3774911963
167.289622879	-77.3777414347
167.294697446	-77.377991575
167.293553225	-77.3791008373
167.298628421	-77.3793509022
167.30256025	-77.3807101738
167.307636278	-77.380960065
167.312712509	-77.381209858
167.317788943	-77.3814595529
167.318931232	-77.38035018
167.324007441	-77.3805997541
167.329083852	-77.3808492299
167.327942417	-77.381958648
167.333019457	-77.3822080483
167.3380967	-77.3824573505
167.343174145	-77.3827065544
167.342033789	-77.3838160376
167.347111863	-77.3840651659
167.352190139	-77.384314196
167.357268618	-77.3845631278
167.362347298	-77.3848119614
167.36742618	-77.3850606968
167.372505264	-77.3853093339
167.37758455	-77.3855578728
167.382664038	-77.3858063134
167.3815269	-77.3869159745
167.386607017	-77.3871643394
167.390550853	-77.3885223095
167.389414168	-77.3896320103
167.394495544	-77.3898802237
167.393359086	-77.3909899444
167.398441092	-77.391238082
167.397304861	-77.3923478226
167.401251492	-77.3937056449
167.400115286	-77.3948154027
167.40519898	-77.3950634112
167.404063001	-77.3961731889
167.409147325	-77.3964211215
167.408011573	-77.3975309191
167.413096527	-77.3977787759
167.418181684	-77.3980265342
167.417046588	-77.3991363742
167.422132374	-77.3993840567
167.427218362	-77.3996316408
167.431170541	-77.4009890312
167.436257361	-77.4012364409
167.441344382	-77.4014837522
167.440211029	-77.4025936993
167.44529868	-77.4028409346
167.444165555	-77.4039509016
167.449253837	-77.4041980609
167.454342321	-77.4044451218
167.453209853	-77.4055551311
167.458298968	-77.4058021159
167.463388283	-77.4060490022
167.4684778	-77.4062957901
167.473567517	-77.4065424794
167.478657436	-77.4067890702
167.483747555	-77.4070355626
167.488837875	-77.4072819564
167.487708215	-77.40839212
167.492799166	-77.4086384377
167.497890318	-77.4088846569
167.50298167	-77.4091307775
167.508073222	-77.4093767996
167.513164976	-77.4096227231
167.518256929	-77.4098685481
167.523349083	-77.4101142744
167.528441437	-77.4103599023
167.534659779	-77.4094950666
167.539752103	-77.409740475
167.544844628	-77.4099857848
167.545969354	-77.4088753727
167.551061648	-77.4091205616
167.556154141	-77.4093656519
167.561246834	-77.4096106436
167.566339727	-77.4098555368
167.571432819	-77.4101003313
167.576526111	-77.4103450272
167.581619603	-77.4105896245
167.586713294	-77.4108341232
167.591807184	-77.4110785232
167.596901273	-77.4113228247
167.601995562	-77.4115670275
167.60311535	-77.4104563681
167.608209407	-77.41070045
167.613303663	-77.4109444334
167.61442239	-77.4098337271
167.619516414	-77.4100775896
167.624610637	-77.4103213534
167.629705058	-77.4105650186
167.634799678	-77.4108085851
167.639894497	-77.411052053
167.644989514	-77.4112954222
167.65008473	-77.4115386927
167.655180144	-77.4117818645
167.660275756	-77.4120249377
167.665371567	-77.4122679121
167.67158136	-77.4113998357
167.676677136	-77.4116425906
167.681773109	-77.4118852469
167.680660188	-77.4129962433
167.685756791	-77.4132388229
167.690853593	-77.4134813039
167.695950592	-77.413723686
167.694838768	-77.4148347463
167.699936397	-77.4150770518
167.705034224	-77.4153192585
167.710132248	-77.4155613665
167.709021523	-77.4166724905
167.714120177	-77.4169145217
167.719219028	-77.4171564543
167.724318078	-77.417398288
167.723208452	-77.4185094756
167.728308131	-77.4187512326
167.738508081	-77.4192344501
167.743608353	-77.4194759106
167.748708821	-77.4197172724
167.753809487	-77.4199585353
167.75891035	-77.4201996994
167.76401141	-77.4204407646
167.769112667	-77.420681731
167.7702184	-77.4195703456
167.775319421	-77.4198111912
167.780420638	-77.420051938
167.78662629	-77.4191811324
167.791727468	-77.4194216595
167.796828843	-77.4196620879
167.797932018	-77.4185505881
167.803033156	-77.4187908957
167.804135702	-77.4176793717
167.809236603	-77.4179195586
167.81033852	-77.4168080104
167.815439185	-77.4170480765
167.816540472	-77.4159365041
167.8216409	-77.4161764496
167.822741559	-77.415064853
167.82784175	-77.4153046777
167.82894178	-77.414193057
167.830041613	-77.413081434
167.835141135	-77.4133211162
167.83624034	-77.412209469
167.841339624	-77.4124490306
167.842438201	-77.4113373593
167.847537249	-77.4115768002
167.848635197	-77.4104651048
167.853734007	-77.4107044251
167.8599299	-77.4098319053
167.865028668	-77.4100710062
167.866124928	-77.4089592409
167.871223458	-77.4091982212
167.876322183	-77.4094371026
167.877417382	-77.4083252915
167.882515869	-77.4085640524
167.887614551	-77.4088027144
167.88870869	-77.4076908575
167.893807134	-77.407929399
167.898905773	-77.4081678417
167.899998851	-77.4070559391
167.905097252	-77.4072942612
167.910195846	-77.4075324845
167.911287865	-77.4064205363
167.916386221	-77.406658639
167.921484771	-77.4068966429
167.92257573	-77.4057846491
167.927674041	-77.4060225325
167.932772547	-77.406260317
167.933862446	-77.4051482777
167.938960712	-77.4053859418
167.944059173	-77.405623507
167.945148012	-77.4045114221
167.950246233	-77.4047488669
167.955344648	-77.4049862127
167.960443257	-77.4052234597
167.961530603	-77.4041113079
167.966628972	-77.4043484344
167.971727535	-77.4045854621
167.972813821	-77.4034732649
167.977912144	-77.4037101721
167.98301066	-77.4039469805
167.984095887	-77.4028347379
167.989194163	-77.4030714259
167.994292632	-77.403308015
167.9953768	-77.4021957271
168.000475029	-77.4024321958
168.001558571	-77.4013198843
168.00264192	-77.4002075705
168.003725076	-77.3990952546
168.00480804	-77.3979829365
168.009904729	-77.3982192203
168.010987068	-77.3971068785
168.006973389	-77.3957582938
168.012069213	-77.3959945346
168.013151166	-77.3948821885
168.01824675	-77.3951183089
168.024423421	-77.3942419393
168.025504124	-77.3931295459
168.030599226	-77.3933654257
168.031679304	-77.3922530087
168.03275919	-77.3911405896
168.03785362	-77.3913763277
168.038932881	-77.3902638849
168.040011951	-77.38915144
168.045105707	-77.3893870365
168.046184152	-77.388274568
168.051277667	-77.3885100442
168.056371374	-77.3887454216
168.062542228	-77.3878681654
168.067635885	-77.3881033238
168.072729734	-77.3883383835
168.073805633	-77.3872258037
168.078899241	-77.3874607432
168.083993039	-77.3876955838
168.085067882	-77.3865829592
168.090161439	-77.3868176796
168.091235658	-77.3857050316
168.096328973	-77.3859396319
168.097402569	-77.3848269604
168.098475973	-77.3837142868
168.094457169	-77.3823670748
168.095530625	-77.3812544183
168.096603889	-77.3801417598
168.091512927	-77.3799071674
168.092586433	-77.378794528
168.093659749	-77.3776818866
168.088569841	-77.3774472381
168.089643398	-77.3763346159
168.090716764	-77.3752219916
168.095805808	-77.3754565974
168.096878551	-77.3743439497
168.101967353	-77.3745784355
168.107056345	-77.3748128226
168.112145528	-77.375047111
168.117234901	-77.3752813006
168.122324465	-77.3755153915
168.127414218	-77.3757493837
168.132504162	-77.3759832771
168.137594296	-77.3762170717
168.138663392	-77.3751042517
168.143753284	-77.3753379263
168.144821758	-77.3742250829
168.149911408	-77.3744586376
168.15097926	-77.3733457709
168.156068667	-77.3735792056
168.157135897	-77.3724663157
168.162225061	-77.3726996304
168.167314415	-77.3729328464
168.168380592	-77.371819912
168.173469703	-77.372053008
168.178559003	-77.3722860053
168.183648492	-77.3725189037
168.184713183	-77.3714059038
168.189802429	-77.3716386824
168.194891864	-77.3718713622
168.199981488	-77.3721039432
168.205071301	-77.3723364255
168.210161303	-77.3725688089
168.215251494	-77.3728010936
168.220341873	-77.3730332795
168.221403348	-77.3719201296
168.226493484	-77.3721521956
168.231583807	-77.3723841628
168.232644229	-77.3712709688
168.237734309	-77.3715028161
168.238794109	-77.370389599
168.243883944	-77.3706213264
168.248973968	-77.3708529551
168.250032715	-77.3697396939
168.255122494	-77.3699712027
168.260212462	-77.3702026127
168.261270155	-77.3690893074
168.266359878	-77.3693205976
168.267416951	-77.3682072693
168.272506429	-77.3684384397
168.277596094	-77.3686695113
168.278652115	-77.367556139
168.283741535	-77.3677870908
168.288831143	-77.3680179438
168.293920938	-77.3682486979
168.294975473	-77.3671352608
168.300065023	-77.3673658952
168.30515476	-77.3675964307
168.306208242	-77.3664829497
168.311297734	-77.3667133655
168.316387413	-77.3669436825
168.317439842	-77.3658301577
168.322529275	-77.3660603549
168.327618895	-77.3662904534
168.328670272	-77.3651768848
168.333759646	-77.3654068635
168.338849206	-77.3656367434
168.343938954	-77.3658665244
168.349028887	-77.3660962066
168.354119007	-77.36632579
168.359209314	-77.3665552746
168.364299807	-77.3667846603
168.369390486	-77.3670139471
168.374481351	-77.3672431351
168.379572403	-77.3674722242
168.38466364	-77.3677012145
168.389755064	-77.3679301059
168.394846673	-77.3681588984
168.399938468	-77.368387592
168.405030449	-77.3686161867
168.410122616	-77.3688446825
168.415214969	-77.3690730794
168.420307507	-77.3693013774
168.42540023	-77.3695295765
168.430493139	-77.3697576767
168.435586233	-77.3699856779
168.440679513	-77.3702135803
168.445772977	-77.3704413836
168.450866627	-77.3706690881
168.455960462	-77.3708966936
168.460014374	-77.3722383095
168.465109013	-77.3724657378
168.470203837	-77.3726930671
168.469164413	-77.3738072161
168.474259856	-77.3740344671
168.479355484	-77.3742616191
168.484451296	-77.3744886721
168.48341299	-77.3756028813
168.488509422	-77.375829856
168.493606038	-77.3760567316
168.498702839	-77.3762835082
168.503799825	-77.3765101858
168.502763072	-77.3776244758
168.507860677	-77.377851075
168.512958466	-77.3780775752
168.51805644	-77.3783039762
168.523154597	-77.3785302783
168.527218177	-77.3798708725
168.532317138	-77.380096997
168.537416283	-77.3803230224
168.542515613	-77.3805489487
168.547615126	-77.3807747759
168.54658192	-77.3818892477
168.551682053	-77.3821149964
168.556782369	-77.382340646
168.55574985	-77.3834551571
168.560850786	-77.3836807281
168.565951905	-77.3839062
168.564920074	-77.3850207505
168.570021813	-77.3852461437
168.575123735	-77.3854714378
168.574092591	-77.3865860276
168.579195133	-77.3868112431
168.584297859	-77.3870363594
168.583267403	-77.3881509884
168.588370749	-77.3883760261
168.593474277	-77.3886009645
168.597548658	-77.3899404926
168.60265299	-77.3901652531
168.607757505	-77.3903899145
168.612862203	-77.3906144766
168.611833998	-77.3917292251
168.616939316	-77.3919537084
168.622044817	-77.3921780925
168.627150501	-77.3924023774
168.626123422	-77.3935171855
168.631229726	-77.3937413916
168.630202901	-77.3948562185
168.634283253	-77.3961951913
168.633256498	-77.3973100352
168.638364479	-77.3975341041
168.637337978	-77.3986489667
168.636311294	-77.3997638276
168.641420332	-77.399987838
168.640393902	-77.4011027176
168.63936729	-77.4022175956
168.644477385	-77.4024415475
168.643451027	-77.4035564441
168.648561742	-77.4037803172
168.647535638	-77.4048952325
168.652646975	-77.4051190266
168.657758494	-77.4053427213
168.661845223	-77.4066812916
168.666957546	-77.4069048079
168.672070052	-77.4071282249
168.676158897	-77.4084665768
168.681272207	-77.4086898154
168.685362549	-77.4100280279
168.690476662	-77.410251088
168.695590957	-77.4104740486
168.700705435	-77.4106969097
168.699683418	-77.4118120426
168.704798516	-77.4120348247
168.709913798	-77.4122575073
168.715029261	-77.4124800904
168.720144907	-77.412702574
168.725260735	-77.4129249582
168.730376745	-77.4131472428
168.735492938	-77.413369428
168.736511885	-77.4122541529
168.741627821	-77.4124762183
168.742646148	-77.4113609212
168.747761827	-77.4115828668
168.748779534	-77.4104675478
168.753894955	-77.4106893737
168.759010559	-77.4109111
168.764126344	-77.4111327269
168.76924231	-77.4113542543
168.774358458	-77.4115756822
168.773342945	-77.4126911024
168.778459713	-77.412912451
168.777444458	-77.4140278898
168.782561847	-77.4142491591
168.781546849	-77.4153646165
168.786664858	-77.4155858065
168.791783048	-77.4158068969
168.792797168	-77.414691399
168.7979151	-77.4149123696
168.803033213	-77.4151332407
168.808151507	-77.4153540123
168.809164127	-77.4142384522
168.814282163	-77.414459104
168.81940038	-77.4146796563
168.820411941	-77.4135640543
168.821423321	-77.4124484508
168.82654084	-77.4126688632
168.831658539	-77.412889176
168.83266886	-77.4117735306
168.837786301	-77.4119937237
168.842903922	-77.4122138173
168.848021723	-77.4124338113
168.84701272	-77.413549517
168.852131141	-77.4137694316
168.857249742	-77.4139892465
168.856241438	-77.4151049909
168.861360659	-77.4153247263
168.86648006	-77.4155443622
168.865472455	-77.4166601451
168.870592476	-77.4168797014
168.875712677	-77.4170991581
168.880833058	-77.4173185152
168.885953618	-77.4175377726
168.891074359	-77.4177569304
168.892079765	-77.4166410471
168.897200245	-77.4168600853
168.902320905	-77.4170790237
168.907441744	-77.4172978626
168.912562763	-77.4175166017
168.913566229	-77.4164006369
168.918686987	-77.4166192564
168.923807924	-77.4168377763
168.928929041	-77.4170561965
168.934050337	-77.4172745171
168.939171812	-77.417492738
168.944293465	-77.4177108592
168.949415298	-77.4179288807
168.95453731	-77.4181468025
168.955537074	-77.4170306765
168.960658824	-77.4172484787
168.965780753	-77.4174661813
168.97090286	-77.4176837841
168.976025145	-77.4179012873
168.981147609	-77.4181186907
168.986270252	-77.4183359944
168.985273131	-77.4194522398
168.990396392	-77.4196694637
168.995519832	-77.4198865879
168.994523414	-77.4210028716
168.999647472	-77.4212199158
169.004771709	-77.4214368604
169.003775995	-77.4225531823
169.008900851	-77.4227700469
169.0079054	-77.4238863872
169.013030875	-77.4241031719
169.012035687	-77.4252195306
169.016166857	-77.4265526123
169.021293571	-77.4267692371
169.02029891	-77.4278856325
169.025426243	-77.4281021773
169.026420463	-77.4269857621
169.031547533	-77.4272021873
169.036674781	-77.4274185126
169.041802207	-77.4276347381
169.042794924	-77.426518262
169.047922085	-77.4267343679
169.053049425	-77.426950374
169.054041081	-77.4258338569
169.059168156	-77.4260497434
169.064295408	-77.4262655301
169.065286004	-77.425148972
169.070412992	-77.4253646391
169.069422838	-77.4264812169
169.074550445	-77.4266968039
169.079678229	-77.426912291
169.078688782	-77.4280289068
169.083817185	-77.4282443138
169.082828002	-77.429360948
169.087957024	-77.4295762748
169.093086224	-77.4297915018
169.0982156	-77.4300066289
169.097227567	-77.4311233208
169.102357562	-77.4313383677
169.107487734	-77.4315533147
169.112618083	-77.4317681618
169.117748609	-77.431982909
169.116762168	-77.4330996782
169.121893313	-77.4333143452
169.127024635	-77.4335289122
169.132156133	-77.4337433793
169.137287808	-77.4339577464
169.136302961	-77.4350745928
169.141435254	-77.4352888796
169.146567725	-77.4355030665
169.151700371	-77.4357171534
169.150716676	-77.4368340573
169.155849942	-77.4370480639
169.160983384	-77.4372619704
169.160000399	-77.4383789122
169.16513446	-77.4385927384
169.170268697	-77.4388064645
169.17442128	-77.4401370899
169.179556312	-77.4403506356
169.184691521	-77.4405640813
169.189826905	-77.4407774269
169.194962465	-77.4409906725
169.200098201	-77.4412038181
169.205234112	-77.4414168636
169.210370199	-77.4416298091
169.215506462	-77.4418426545
169.214528004	-77.4429598087
169.219664885	-77.4431725736
169.224801942	-77.4433852383
169.229939175	-77.443597803
169.234099725	-77.4449274985
169.239237751	-77.4451398825
169.238261162	-77.4462571316
169.242423489	-77.4475867022
169.246586704	-77.4489162104
169.251726589	-77.4491283524
169.250750807	-77.450245656
169.255891312	-77.4504577173
169.2549158	-77.451575039
169.260056925	-77.4517870197
169.259081683	-77.4529043595
169.264223427	-77.4531162594
169.263248454	-77.4542336175
169.268390819	-77.4544454366
169.273533358	-77.4546571556
169.2725591	-77.4557745512
169.277702259	-77.4559861894
169.276728272	-77.4571036031
169.281872051	-77.4573151605
169.287016005	-77.4575266176
169.291187308	-77.4588554453
169.296332057	-77.4590667213
169.30147698	-77.4592778971
169.30050487	-77.4603954053
169.305650414	-77.4606065003
169.304678575	-77.4617240266
169.303706562	-77.4628415517
169.308853171	-77.4630525851
169.307881429	-77.4641701283
169.306909512	-77.4652876702
169.312057188	-77.465498642
169.311085543	-77.4666162021
169.310113723	-77.4677337608
169.315262466	-77.4679446711
169.314290917	-77.4690622479
169.319440281	-77.4692730773
169.318469004	-77.4703906722
169.323618989	-77.4706014206
169.322647984	-77.4717190337
169.32779859	-77.471929701
169.326827857	-77.4730473322
169.331979084	-77.4732579185
169.331008623	-77.4743755677
169.330037988	-77.4754932157
169.329067178	-77.4766108624
169.328096194	-77.4777285079
169.333249383	-77.4779390713
169.332278671	-77.4790567348
169.336462042	-77.4803848988
169.341616474	-77.4805953
169.340646308	-77.4817129997
169.345801362	-77.4819233198
169.344831468	-77.4830410376
169.343861399	-77.4841587542
169.349017523	-77.4843690125
169.348047728	-77.4854867472
169.352234952	-77.486814677
169.351265255	-77.4879324285
169.350295383	-77.4890501788
169.355453647	-77.4892603134
169.354484049	-77.4903780817
169.353514277	-77.4914958488
169.358673611	-77.4917059216
169.357704112	-77.4928237067
169.356734438	-77.4939414906
169.35576459	-77.4950592732
169.360925444	-77.4952693035
169.35995587	-77.4963871042
169.35898612	-77.4975049037
169.358016196	-77.4986227019
169.362208921	-77.4999505058
169.361239096	-77.5010683209
169.360269096	-77.5021861346
169.359298921	-77.5033039471
169.364463267	-77.5035139116
169.363493366	-77.5046317422
169.362523291	-77.5057495715
169.361553041	-77.5068673996
169.360582615	-77.5079852264
169.365748933	-77.5081951676
169.364778782	-77.5093130125
169.363808456	-77.5104308562
169.362837955	-77.5115486986
169.361867279	-77.5126665397
169.360896428	-77.5137843796
169.359925402	-77.5149022182
169.358954201	-77.5160200555
169.357982824	-77.5171378915
169.357011272	-77.5182557263
169.362181812	-77.5184657411
169.361210535	-77.519583594
169.360239082	-77.5207014456
169.359267454	-77.521819296
169.364439521	-77.5220292681
169.363468168	-77.5231471366
169.36249664	-77.5242650038
169.361524936	-77.5253828697
169.356351518	-77.5251728395
169.355379188	-77.5262906847
169.350205495	-77.5260805342
169.349232538	-77.5271983588
169.34405857	-77.526988088
169.343084988	-77.5281058918
169.336936535	-77.5290132839
169.33596215	-77.5301310658
169.330787181	-77.5299205349
169.325612389	-77.5297099032
169.324636926	-77.5308276449
169.319461859	-77.5306168928
169.314286968	-77.5304060399
169.313310427	-77.5315237414
169.31233371	-77.5326414415
169.307158094	-77.5324304487
169.306180749	-77.533548128
169.305203228	-77.5346658061
169.30422553	-77.5357834828
169.303247655	-77.5369011581
169.28575747	-77.5385025701
169.280579855	-77.5382910566
169.275402418	-77.5380794422
169.270225157	-77.5378677269
169.269244045	-77.5389852811
169.264066511	-77.5387734454
169.258889155	-77.5385615087
169.257906963	-77.5396790224
169.252729333	-77.5394669652
169.251746513	-77.5405844579
169.246568609	-77.5403722803
169.24558516	-77.541489752
169.240406983	-77.5412774539
169.239422905	-77.5423949046
169.237454216	-77.5446298021
169.236469604	-77.5457472488
169.2312898	-77.5455347711
169.230304559	-77.5466521968
169.22931914	-77.5477696211
169.224138611	-77.5475570032
169.223152562	-77.5486744065
169.222166335	-77.5497918084
169.216985082	-77.5495790502
169.215998224	-77.5506964311
169.215011189	-77.5518138105
169.209829211	-77.551600912
169.208841545	-77.5527182704
169.2078537	-77.5538356274
169.202670997	-77.5536225885
169.201682522	-77.5547399244
169.200693868	-77.5558572589
169.195510441	-77.5556440796
169.194521156	-77.556761393
169.193531691	-77.5578787049
169.192542048	-77.5589960155
169.187357444	-77.558782676
169.18636717	-77.5598999655
169.185376716	-77.5610172535
169.180191387	-77.5608037735
169.179200302	-77.5619210403
169.174014701	-77.5617074395
169.173022984	-77.5628246852
169.14929891	-77.5653206834
169.148304665	-77.5664378442
169.143117701	-77.5662236391
169.142122824	-77.5673407786
169.141127767	-77.5684579167
169.135940078	-77.5682435709
169.134944388	-77.5693606877
169.133948518	-77.570477803
169.128760104	-77.5702633165
169.127763601	-77.5713804105
169.126766918	-77.5724975031
169.12157778	-77.5722828757
169.120580463	-77.573399947
169.119582965	-77.5745170167
169.114393103	-77.5743022485
169.113394972	-77.5754192969
169.11239666	-77.5765363439
169.107206072	-77.5763214348
169.106207127	-77.5774384603
169.101016268	-77.5772234302
169.100016688	-77.5783404344
169.094825557	-77.5781252832
169.093825344	-77.579242266
169.088633941	-77.5790269937
169.08344272	-77.5788116204
169.082441419	-77.5799285618
169.077249926	-77.5797130673
169.072058615	-77.5794974718
169.066867486	-77.5792817751
169.061676538	-77.5790659774
169.060673245	-77.5801828373
169.055482026	-77.5799669185
169.050290989	-77.5797508985
169.045100134	-77.5795347774
169.044095301	-77.5806515759
169.038904175	-77.5804353337
169.032707311	-77.5813357472
169.027516097	-77.5811192828
169.022325066	-77.5809027173
169.021318057	-77.5820194325
169.016126756	-77.5818027458
169.015119111	-77.5829194394
169.00992754	-77.5827026315
169.003727419	-77.5836023745
168.99853576	-77.5833853443
168.997526393	-77.5845019745
168.992334465	-77.5842848232
168.991324461	-77.5854014317
168.990314275	-77.5865180387
168.989303906	-77.5876346441
168.988293353	-77.588751248
168.987282617	-77.5898678503
168.986271698	-77.590984451
168.985260596	-77.5921010502
168.98424931	-77.5932176478
168.98323784	-77.5943342439
168.982226188	-77.5954508384
168.987422647	-77.5956681911
168.986411264	-77.5967848042
168.985399698	-77.5979014157
168.990597247	-77.5981187075
168.989585951	-77.5992353376
168.988574472	-77.6003519662
168.993773112	-77.6005691971
168.992761903	-77.6016858442
168.99175051	-77.6028024898
168.986550962	-77.6025852186
168.985538931	-77.6037018424
168.984526717	-77.6048184647
168.983514319	-77.6059350854
168.982501737	-77.6070517045
168.981488972	-77.6081683221
168.980476022	-77.609284938
168.979462889	-77.6104015525
168.978449571	-77.6115181653
168.973246573	-77.6113006313
168.972232617	-77.6124172224
168.967029348	-77.6121995669
168.966014753	-77.6133161362
168.960811213	-77.6130983592
168.95979598	-77.6142149067
168.953576297	-77.6151135338
168.95256024	-77.6162300578
168.947355705	-77.6160120175
168.946339008	-77.6171285196
168.945322127	-77.6182450202
168.940116868	-77.618026838
168.939099346	-77.6191433167
168.933893817	-77.6189250129
168.932875656	-77.6200414697
168.93185731	-77.6211579249
168.926651056	-77.6209394792
168.92563207	-77.6220559125
168.924612898	-77.6231723442
168.918386108	-77.6240701662
168.917366111	-77.6251865743
168.916345928	-77.6263029808
168.91532556	-77.6274193857
168.910116946	-77.6272006153
168.909095937	-77.6283169982
168.908074742	-77.6294333794
168.907053362	-77.6305497591
168.900821545	-77.6314471839
168.899799338	-77.6325635399
168.898776944	-77.6336798942
168.893565969	-77.6334607989
168.892542934	-77.6345771312
168.891519712	-77.6356934619
168.890496305	-77.6368097909
168.889472711	-77.6379261183
168.888448931	-77.639042444
168.887424965	-77.6401587681
168.88221144	-77.639939449
168.881186832	-77.641055751
168.874947786	-77.6419525899
168.873922348	-77.6430688682
168.868707828	-77.6428492848
168.867681747	-77.643965541
168.861440234	-77.6448620697
168.860413323	-77.6459783021
168.859386225	-77.6470945328
168.854170254	-77.6468746646
168.847926272	-77.647770883
168.846897886	-77.6488870694
168.841681377	-77.6486669572
168.835435569	-77.6495628872
168.830218977	-77.6493425515
168.829188848	-77.650458673
168.823971988	-77.6502382152
168.822941214	-77.6513543145
168.817724085	-77.6511337347
168.812507144	-77.6509130533
168.81147527	-77.6520291098
168.801041038	-77.6515874014
168.800008063	-77.652703415
168.794790773	-77.6524823879
168.793757153	-77.6535983793
168.788539595	-77.6533772301
168.787505331	-77.6544931991
168.782287504	-77.6542719278
168.781252595	-77.6553878745
168.774998946	-77.6562824054
168.773963203	-77.657398328
168.772927271	-77.6585142488
168.77189115	-77.659630168
168.770854841	-77.6607460853
168.765634652	-77.6605244872
168.764597697	-77.6616403821
168.75937724	-77.6614186617
168.754156972	-77.6611968398
168.748936893	-77.6609749162
168.743717003	-77.6607528911
168.738497303	-77.6605307644
168.733277792	-77.6603085362
168.72805847	-77.6600862064
168.722839338	-77.6598637751
168.717620396	-77.6596412422
168.712401643	-77.6594186078
168.70718308	-77.6591958718
168.701964707	-77.6589730344
168.696746523	-77.6587500954
168.69152853	-77.6585270549
168.686310727	-77.6583039129
168.681093114	-77.6580806694
168.675875691	-77.6578573243
168.670658458	-77.6576338779
168.665441416	-77.6574103299
168.660224564	-77.6571866804
168.655007902	-77.6569629295
168.649791432	-77.6567390771
168.648744247	-77.6578545139
168.643527511	-77.6576305392
168.64247968	-77.6587459534
168.641431658	-77.6598613657
168.636214201	-77.6596372479
168.635165533	-77.6607526375
168.628898495	-77.6616437641
168.627848988	-77.6627591292
168.621580391	-77.663650088
168.620530046	-77.6647654284
168.614259889	-77.6656562193
168.613208705	-77.6667715351
168.612157328	-77.667886849
168.606936988	-77.667662158
168.605884963	-77.6687774491
168.600664358	-77.6685526356
168.599611686	-77.6696679039
168.594390816	-77.669442968
168.593337495	-77.6705582135
168.592283983	-77.6716734571
168.587062392	-77.6714483776
168.586008231	-77.6725635984
168.584953878	-77.6736788172
168.583899332	-77.6747940342
168.578676564	-77.6745687903
168.577621369	-77.6756839844
168.576565982	-77.6767991765
168.575510403	-77.6779143668
168.574454631	-77.6790295552
168.573398667	-77.6801447417
168.57234251	-77.6812599263
168.57128616	-77.6823751089
168.570229618	-77.6834902897
168.569172883	-77.6846054686
168.563946194	-77.684379934
168.562888809	-77.6854950899
168.561831231	-77.6866102439
168.560773459	-77.687725396
168.555545592	-77.6874996966
168.55448717	-77.6886148257
168.549259038	-77.6883890037
168.548199966	-77.6895041098
168.5471407	-77.690619214
168.541911846	-77.6903932481
168.540851929	-77.6915083293
168.539791819	-77.6926234086
168.538731515	-77.6937384859
168.532440527	-77.6946274094
168.531379378	-77.6957424618
168.530318035	-77.6968575122
168.529256498	-77.6979725606
168.524024827	-77.6977462437
168.522962639	-77.6988612691
168.521900256	-77.6999762925
168.516667863	-77.6997498316
168.511435664	-77.6995232689
168.506203659	-77.6992966045
168.500971848	-77.6990698384
168.495740232	-77.6988429705
168.49050881	-77.698616001
168.491573941	-77.6975011045
168.486343171	-77.6972740544
168.481112596	-77.6970469027
168.482178447	-77.6959320466
168.476948525	-77.6957048144
168.478014639	-77.6945899775
168.472785368	-77.6943626648
168.473851745	-77.6932478471
168.468623126	-77.693020454
168.469689766	-77.6919056556
168.464461799	-77.691678182
168.465528701	-77.6905634028
168.460301386	-77.6903358489
168.455074266	-77.6901081933
168.44984734	-77.6898804362
168.44462061	-77.6896525774
168.439394074	-77.6894246171
168.438324887	-77.6905392901
168.43309809	-77.6903112069
168.432028251	-77.6914258567
168.426801192	-77.6911976506
168.425730701	-77.6923122771
168.420503381	-77.6920839481
168.419432238	-77.6931985512
168.418360899	-77.6943131524
168.417289365	-77.6954277514
168.412060869	-77.695199257
168.406832568	-77.6949706609
168.401604464	-77.6947419633
168.402677369	-77.6936274281
168.397449917	-77.6933986502
168.398523083	-77.6922841344
168.393296284	-77.6920552762
168.394369711	-77.6909407796
168.390217252	-77.689597364
168.384991758	-77.6893683454
168.386065706	-77.6882538875
168.380840864	-77.6880247886
168.381915073	-77.68691035
168.376690883	-77.686681171
168.377765352	-77.6855667517
168.372541814	-77.6853374926
168.367318472	-77.685108132
168.362095326	-77.6848786698
168.356872376	-77.6846491062
168.351649622	-77.6844194411
168.346427065	-77.6841896746
168.341204704	-77.6839598065
168.335982539	-77.683729837
168.330760571	-77.6834997661
168.329681999	-77.6846139928
168.324459772	-77.6843837989
168.323380548	-77.6854980021
168.322301126	-77.6866122032
168.317078185	-77.686381865
168.31185544	-77.6861514253
168.306632892	-77.6859208841
168.301410541	-77.6856902415
168.302491785	-77.6845761263
168.297270087	-77.6843454037
168.298351589	-77.6832313079
168.293130543	-77.6830005054
168.294212303	-77.6818864289
168.28899191	-77.6816555465
168.283771714	-77.6814245627
168.282689043	-77.6825385961
168.272248333	-77.6820762812
168.267028273	-77.6818449716
168.26594404	-77.6829589383
168.260723723	-77.6827275058
168.255503604	-77.6824959719
168.250283683	-77.6822643366
168.245063959	-77.6820326
168.240930942	-77.680686903
168.23571207	-77.6804549852
168.231580615	-77.6791091482
168.226362593	-77.6788770493
168.2222327	-77.6775310723
168.217015528	-77.6772987923
168.218103716	-77.676185035
168.212887197	-77.6759526753
168.21397564	-77.6748389375
168.215063885	-77.6737251975
168.216151932	-77.6726114553
168.210936974	-77.6723790592
168.212025277	-77.6712653364
168.213113382	-77.6701516115
168.207899529	-77.6699191574
168.20898789	-77.668805452
168.204863305	-77.6674592323
168.205951724	-77.6663455441
168.200739628	-77.6661129524
168.201828302	-77.6649992837
168.196616857	-77.6647666124
168.191405611	-77.66453384
168.192494993	-77.6634202124
168.187284399	-77.6631873604
168.188374036	-77.6620737522
168.183164092	-77.6618408207
168.184253984	-77.660727232
168.179044692	-77.660494221
168.180134839	-77.6593806518
168.174926197	-77.6591475613
168.176016598	-77.6580340116
168.177106801	-77.6569204596
168.171899264	-77.6566873113
168.172989721	-77.6555737789
168.17407998	-77.6544602442
168.168873545	-77.6542270382
168.163667309	-77.653993731
168.158461271	-77.6537603228
168.159552689	-77.652646851
168.154347301	-77.6524133633
168.149142112	-77.6521797747
168.143937121	-77.6519460849
168.138732329	-77.6517122942
168.134621214	-77.6503650368
168.129417271	-77.6501310657
168.130511004	-77.6490177197
168.125307711	-77.6487836693
168.120104617	-77.6485495179
168.121199054	-77.6474362131
168.11599661	-77.6472019824
168.110794365	-77.6469676508
168.105592319	-77.6467332181
168.100390472	-77.6464986845
168.101486515	-77.6453854645
168.096285319	-77.6451508517
168.091084321	-77.644916138
168.085883522	-77.6446813233
168.08698072	-77.6435681664
168.081780571	-77.6433332726
168.076580622	-77.6430982778
168.077678523	-77.6419851622
168.072479224	-77.6417500884
168.067280124	-77.6415149136
168.068378726	-77.6404018394
168.063180277	-77.6401665855
168.057982026	-77.6399312308
168.052783975	-77.6396957751
168.047586124	-77.6394602187
168.042388472	-77.6392245613
168.043489128	-77.638111594
168.038292126	-77.6378758576
168.03719102	-77.6389888031
168.031993768	-77.638752944
168.030892012	-77.6398658652
168.036089714	-77.6401017462
168.034988209	-77.641214687
168.033886504	-77.6423276256
168.039085307	-77.6425634494
168.04428431	-77.6427991724
168.043183306	-77.6439121524
168.04838296	-77.6441477963
168.047282206	-77.6452607959
168.052482511	-77.6454963608
168.051382009	-77.6466093799
168.056582964	-77.6468448657
168.055482713	-77.6479579045
168.054382262	-77.649070941
168.053281611	-77.6501839752
168.036573083	-77.6505899845
168.031370924	-77.6503541084
168.032473579	-77.649241164
168.027272071	-77.6490052089
168.022070763	-77.6487691528
168.016869656	-77.6485329958
168.015765648	-77.6496458745
168.01056429	-77.6494095946
168.009459631	-77.6505224491
168.004258023	-77.6502860464
168.003152712	-77.6513988766
168.0020472	-77.6525117045
167.996844891	-77.652275157
167.991642782	-77.6520385085
167.992749196	-77.6509257245
167.987547739	-77.6506889971
167.988654403	-77.6495762327
167.983453598	-77.6493394264
167.984560511	-77.6482266817
167.979360358	-77.6479897964
167.974160405	-77.6477528102
167.973052591	-77.6488655109
167.967852389	-77.6486284019
167.962652388	-77.6483911919
167.961543472	-77.6495038463
167.956343222	-77.6492665135
167.955233653	-77.6503791435
167.950033154	-77.6501416877
167.944832857	-77.6499041311
167.943722186	-77.6510167147
167.942611313	-77.6521292959
167.937410316	-77.6518915943
167.936298791	-77.653004151
167.931097546	-77.6527663265
167.925896502	-77.652528401
167.92069566	-77.6522903747
167.915495021	-77.6520522475
167.916608347	-77.650939779
167.91140836	-77.650701573
167.906208575	-77.6504632662
167.9073226	-77.6493508395
167.902123468	-77.6491124539
167.903237741	-77.648000047
167.89803926	-77.6477615827
167.892840982	-77.6475230176
167.893955953	-77.6464106525
167.888758327	-77.6461720087
167.883560903	-77.6459332641
167.878363682	-77.6456944187
167.873166663	-77.6454554725
167.867969847	-77.6452164255
167.862773233	-77.6449772777
167.857576823	-77.6447380292
167.852380615	-77.6444986799
167.847184609	-77.6442592299
167.841988807	-77.6440196791
167.84086934	-77.6451318224
167.835673292	-77.6448921487
167.834553173	-77.6460042674
167.829356878	-77.6457644706
167.824160787	-77.6455245731
167.818964899	-77.6452845749
167.813769214	-77.6450444759
167.808573733	-77.6448042762
167.803378455	-77.6445639757
167.798183381	-77.6443235745
167.792988511	-77.6440830727
167.787793844	-77.6438424701
167.783723992	-77.6424898707
167.778530182	-77.642249089
167.773336576	-77.6420082067
167.768143174	-77.6417672236
167.764076176	-77.6404143307
167.758883631	-77.6401731686
167.75369129	-77.639931906
167.748499154	-77.6396905426
167.749626495	-77.6385787979
167.744435011	-77.6383373563
167.739243731	-77.6380958141
167.734052656	-77.6378541713
167.728861785	-77.6376124278
167.729990714	-77.6365007701
167.724800496	-77.6362589485
167.719610482	-77.6360170262
167.714420673	-77.6357750034
167.715550741	-77.6346634104
167.710361585	-77.6344213094
167.705172633	-77.6341791078
167.701115092	-77.6328252774
167.695926998	-77.6325828972
167.690739108	-77.6323404164
167.691871004	-77.6312289305
167.686683767	-77.6309863716
167.687815905	-77.6298749056
167.68262932	-77.6296322687
167.67744294	-77.6293895313
167.672256765	-77.6291466934
167.667070795	-77.628903755
167.66188503	-77.6286607161
167.65669947	-77.6284175767
167.651514116	-77.6281743369
167.646328968	-77.6279309965
167.641144024	-77.6276875558
167.635959287	-77.6274440146
167.630774755	-77.6272003729
167.629637701	-77.6283115914
167.62850044	-77.6294228074
167.622177308	-77.630290211
167.621039189	-77.6314013991
167.615853282	-77.6311574664
167.614714511	-77.6322686294
167.609528363	-77.6320245735
167.608388938	-77.6331357114
167.603202551	-77.6328915325
167.598016369	-77.6326472531
167.599156687	-77.6315361605
167.593971159	-77.6312918032
167.588785837	-77.6310473456
167.583600722	-77.6308027875
167.582459064	-77.6319138123
167.577273709	-77.6316691311
167.576131397	-77.6327801306
167.574988879	-77.6338911274
167.569802838	-77.6336463005
167.568659666	-77.6347572721
167.567516288	-77.635868241
167.56232956	-77.6356232683
167.561185527	-77.6367342119
167.55599856	-77.6364891161
167.5508118	-77.6362439198
167.545625247	-77.6359986231
167.546770619	-77.6348877475
167.54158472	-77.6346423731
167.542730331	-77.6335315176
167.537545086	-77.6332860654
167.536399028	-77.6343968981
167.531213544	-77.6341513228
167.530066833	-77.6352621302
167.528919914	-77.6363729349
167.527772787	-77.6374837369
167.526625452	-77.6385945363
167.52547791	-77.639705333
167.52433016	-77.640816127
167.523182202	-77.6419269183
167.519142204	-77.6405703147
167.513954456	-77.6403244021
167.508766916	-77.6400783889
167.50242984	-77.6409429756
167.49724227	-77.6406967388
167.492054908	-77.6404504015
167.490904062	-77.6415610534
167.485716461	-77.6413145929
167.48456496	-77.6424252193
167.48341325	-77.643535843
167.482261332	-77.644646464
167.477072601	-77.6443998346
167.475920027	-77.64551043
167.474767244	-77.6466210227
167.473614253	-77.6477316127
167.472461053	-77.6488421999
167.471307643	-77.6499527845
167.470154025	-77.6510633663
167.475345438	-77.6513101328
167.474192058	-77.6524207347
167.473038469	-77.6535313339
167.47188467	-77.6546419303
167.459189356	-77.6563692528
167.453996125	-77.6561221708
167.452840357	-77.6572326904
167.447646888	-77.656985485
167.446490462	-77.658095979
167.445333827	-77.6592064702
167.444176982	-77.6603169586
167.443019927	-77.6614274442
167.448215187	-77.6616747413
167.44705837	-77.6627852471
167.445901343	-77.6638957502
167.444744107	-77.6650062505
167.439547504	-77.6647588846
167.43838961	-77.6658693593
167.437231505	-77.6669798311
167.436073191	-77.6680903002
167.434914666	-77.6692007665
167.429716481	-77.6689532082
167.428557298	-77.6700636488
167.427397904	-77.6711740866
167.422199034	-77.6709263818
167.421038981	-77.6720367939
167.415839873	-77.6717889654
167.414679162	-77.6728993517
167.409479816	-77.6726513996
167.40428068	-77.6724033469
167.399081756	-77.6721551935
167.393883042	-77.6719069395
167.388684539	-77.6716585849
167.383486248	-77.6714101297
167.373090298	-77.6709129173
167.36789264	-77.6706641603
167.362695194	-77.6704153026
167.363860385	-77.6693051467
167.358663597	-77.6690562115
167.353467021	-77.6688071757
167.347104122	-77.669668126
167.345937377	-77.6707782098
167.340740328	-77.6705289267
167.339572923	-77.6716389846
167.338405306	-77.6727490396
167.333207575	-77.6724996097
167.332039298	-77.6736096387
167.326841331	-77.673360085
167.325672394	-77.674470088
167.319304595	-77.6753303876
167.3129359	-77.6761905374
167.311765432	-77.6773004855
167.30656631	-77.6770505374
167.305395181	-77.6781604595
167.304223839	-77.6792703786
167.303052285	-77.6803802949
167.301880518	-77.6814902082
167.300708539	-77.6826001187
167.299536346	-77.6837100263
167.298363941	-77.684819931
167.297191323	-77.6859298329
167.30239403	-77.6861799666
167.301221647	-77.6872898887
167.306425015	-77.6875399449
167.305252868	-77.6886498874
167.310456898	-77.6888998661
167.309284987	-77.6900098289
167.314489679	-77.6902597302
167.319694583	-77.6905095307
167.318523357	-77.691619537
167.323728923	-77.69186926
167.328934702	-77.6921188822
167.327764161	-77.693228932
167.326593407	-77.6943389789
167.325422441	-77.695449023
167.324251261	-77.6965590642
167.317871843	-77.6974193643
167.316699789	-77.6985293765
167.315527521	-77.6996393858
167.310318809	-77.6993895004
167.309145879	-77.7004994837
167.307972735	-77.701609464
167.302763338	-77.7013594313
167.301589531	-77.7024693855
167.30041551	-77.7035793369
167.295205428	-77.7033291569
167.294030744	-77.7044390821
167.288820425	-77.704188778
167.287645078	-77.705298677
167.282434523	-77.7050482489
167.277224182	-77.7047977199
167.272014055	-77.7045470902
167.266804142	-77.7042963596
167.261594443	-77.7040455283
167.260416634	-77.7051553079
167.2552067	-77.7049043524
167.254028227	-77.7060141057
167.248818058	-77.7057630262
167.247638921	-77.7068727532
167.242428516	-77.7066215495
167.241248715	-77.7077312502
167.2400687	-77.7088409481
167.238888469	-77.7099506429
167.233676931	-77.7096992683
167.232496036	-77.7108089368
167.227284262	-77.710557438
167.222072704	-77.7103058384
167.220890694	-77.7114154572
167.215678901	-77.7111637333
167.214496227	-77.7122733258
167.209284199	-77.7120214777
167.208100861	-77.7131310437
167.213313338	-77.7133829152
167.212130234	-77.7144925017
167.210946914	-77.7156020852
167.209763379	-77.7167116657
167.208579629	-77.7178212432
167.207395663	-77.7189308178
167.202180936	-77.7186788291
167.200996304	-77.7197883772
167.199811457	-77.7208979224
167.198626394	-77.7220074645
167.197441115	-77.7231170037
167.192224803	-77.7228648203
167.191038858	-77.723974333
167.189852697	-77.7250838427
167.18866632	-77.7261933494
167.187479727	-77.727302853
167.182261828	-77.7270504749
167.181074568	-77.728159952
167.179887092	-77.7292694262
167.178699399	-77.7303788973
167.177511491	-77.7314883655
167.176323365	-77.7325978306
167.175135023	-77.7337072927
167.169914636	-77.7334546725
167.168725627	-77.7345641081
167.167536401	-77.7356735406
167.162315329	-77.7354207724
167.161125435	-77.7365301784
167.159935324	-77.7376395813
167.154713566	-77.7373866651
167.153522787	-77.7384960414
167.148300795	-77.7382430006
167.143079021	-77.7379898588
167.137857463	-77.737736616
167.132636123	-77.7374832723
167.131443323	-77.7385925512
167.130250305	-77.7397018271
167.129057069	-77.7408110999
167.127863616	-77.7419203697
167.126669945	-77.7430296364
167.125476057	-77.7441389
167.124281951	-77.7452481606
167.11905767	-77.7449945505
167.117862894	-77.7461037844
167.116667901	-77.7472130152
167.111442935	-77.7469592568
167.110247272	-77.7480684609
167.109051391	-77.7491776619
167.10382574	-77.7489237552
167.102629189	-77.7500329294
167.097403304	-77.749778898
167.096206084	-77.7508880454
167.090979966	-77.7506338893
167.089782075	-77.7517430099
167.084555724	-77.751488729
167.083357163	-77.7525978229
167.078130579	-77.7523434172
167.072904214	-77.7520889105
167.07170453	-77.7531979538
167.066477932	-77.7529433223
167.061251553	-77.7526885898
167.060050748	-77.7537975825
167.054824136	-77.7535427252
167.049597744	-77.7532877668
167.048395816	-77.7543967089
167.043169192	-77.7541416257
167.036739736	-77.7549953328
167.031513099	-77.7547400237
167.030309378	-77.7558488881
167.025082509	-77.7555934542
167.023878116	-77.7567022916
167.018651015	-77.7564467329
167.017445951	-77.7575555433
167.016240668	-77.7586643506
167.015035164	-77.7597731547
167.009806928	-77.7595174234
167.008600753	-77.7606262005
167.007394357	-77.7617349744
167.002165438	-77.7614790943
167.00095837	-77.7625878411
166.999751082	-77.7636965848
166.99452148	-77.7634405559
166.989292098	-77.763184426
166.984062936	-77.7629281949
166.978833995	-77.7626718628
166.973605275	-77.7624154296
166.968376776	-77.7621588954
166.963148498	-77.7619022602
166.961937827	-77.7630108333
166.956709318	-77.7627540731
166.950269235	-77.7636057339
166.945040717	-77.7633487476
166.94382825	-77.7644572424
166.938599501	-77.7642001312
166.933370974	-77.7639429188
166.932157383	-77.7650513625
166.930943569	-77.7661598029
166.929729535	-77.7672682401
166.928515278	-77.768376674
166.9273008	-77.7694851047
166.9260861	-77.7705935321
166.924871178	-77.7717019562
166.923656035	-77.7728103772
166.928888176	-77.7730677815
166.927673262	-77.7741762232
166.926458127	-77.7752846616
166.925242769	-77.7763930968
166.92402719	-77.7775015287
166.929261362	-77.777758928
166.928046012	-77.7788673807
166.926830441	-77.7799758301
166.925614648	-77.7810842763
166.930850399	-77.7813416465
166.929634836	-77.7824501135
166.928419051	-77.7835585772
166.93365593	-77.7838158943
166.932440376	-77.7849243788
166.931224599	-77.78603286
166.9300086	-77.787141338
166.924770362	-77.7868839488
166.923553687	-77.7879923994
166.92233679	-77.7891008468
166.917097868	-77.7888433083
166.915880296	-77.7899517283
166.910641143	-77.7896940645
166.909422895	-77.7908024572
166.904183512	-77.7905446681
166.902964587	-77.7916530334
166.897724974	-77.791395119
166.896505373	-77.7925034569
166.89126553	-77.7922454171
166.890045253	-77.7933537277
166.88480518	-77.7930955625
166.883584226	-77.7942038456
166.878343923	-77.7939455551
166.877122292	-77.7950538108
166.875900438	-77.7961620632
166.874678361	-77.7972703123
166.873456059	-77.7983785581
166.872233535	-77.7994868005
166.871010786	-77.8005950397
166.865767986	-77.800336503
166.86454456	-77.8014447146
166.86332091	-77.802552923
166.862097036	-77.803661128
166.860872938	-77.8047693297
166.859648616	-77.805877528
166.858424069	-77.8069857231
166.857199299	-77.8080939148
166.855974304	-77.8092021032
166.854749085	-77.8103102882
166.853523641	-77.8114184699
166.852297973	-77.8125266483
166.85107208	-77.8136348233
166.856320329	-77.8138936504
166.855094666	-77.8150018463
166.853868779	-77.8161100389
166.848619621	-77.8158511633
166.847393054	-77.8169593283
166.842143666	-77.8167003271
166.836894503	-77.8164412245
166.831645565	-77.8161820205
166.826396852	-77.8159227151
166.825168242	-77.8170307798
166.8199193	-77.8167713487
166.81869001	-77.8178793857
166.817460495	-77.8189874193
166.816230755	-77.8200954495
166.81500079	-77.8212034763
166.813770599	-77.8223114998
166.812540182	-77.8234195199
166.81130954	-77.8245275366
166.810078672	-77.8256355499
166.808847579	-77.8267435599
166.80761626	-77.8278515665
166.806384715	-77.8289595696
166.805152944	-77.8300675694
166.803920947	-77.8311755658
166.802688724	-77.8322835588
166.801456275	-77.8333915484
166.796200733	-77.8331316511
166.794967603	-77.834239613
166.793734246	-77.8353475714
166.792500663	-77.8364555265
166.791266853	-77.8375634781
166.790032817	-77.8386714264
166.788798555	-77.8397793712
166.787564066	-77.8408873126
166.78632935	-77.8419952506
166.791588539	-77.8422553428
166.790354053	-77.8433633018
166.78911934	-77.8444712574
166.794379668	-77.8447312968
166.793145185	-77.8458392733
166.791910475	-77.8469472465
166.797171943	-77.847207233
166.795937463	-77.8483152271
166.794702756	-77.8494232178
166.789440375	-77.8491631825
166.788204985	-77.8502711453
166.782942374	-77.8500109839
166.77767999	-77.8497507209
166.776443459	-77.8508586315
166.771180846	-77.8505982424
166.76591846	-77.8503377516
166.760656301	-77.8500771592
166.75539437	-77.8498164652
166.754155785	-77.8509242747
166.748893625	-77.8506634546
166.743631692	-77.8504025329
166.742391967	-77.8515102899
166.737129806	-77.8512492421
166.735889396	-77.8523569711
166.730627006	-77.8520957972
166.729385913	-77.8532034983
166.724123294	-77.8529421982
166.718860904	-77.8526807966
166.717618669	-77.8537884452
166.71235605	-77.8535269173
166.711113131	-77.8546345379
166.709869983	-77.855742155
166.70460668	-77.8554804764
166.703362848	-77.8565880655
166.702118786	-77.857695651
166.696854799	-77.8574338217
166.695610052	-77.8585413792
166.694365077	-77.8596489331
166.693119873	-77.8607564836
166.687854744	-77.8604944789
166.682589844	-77.8602323726
166.677325173	-77.8599701646
166.678571747	-77.8588626879
166.679818092	-77.8577552078
166.681064208	-77.8566477241
166.682310095	-77.8555402369
166.677047478	-77.8552780257
166.678293593	-77.8541705596
166.679539478	-77.85306309
166.674278003	-77.8528008265
166.675524116	-77.8516933779
166.67677	-77.8505859259
166.671509666	-77.85032361
166.672755777	-77.849216179
166.667496127	-77.8489537862
166.662236706	-77.8486912918
166.656977514	-77.8484286959
166.651718551	-77.8481659985
