> -L"antarctic_islands_coastlines"
-57.35321812	-63.8036155412
-57.353380559	-63.8075578156
-57.352045708	-63.8084786197
-57.354129236	-63.8090685656
-57.352794333	-63.8099893829
-57.351459334	-63.8109101897
-57.350124237	-63.8118309862
-57.348789043	-63.8127517722
-57.347453752	-63.8136725477
-57.346118364	-63.8145933128
-57.348202256	-63.8151833681
-57.346866816	-63.8161041464
-57.34895085	-63.8166941931
-57.351034982	-63.8172842077
-57.349699533	-63.8182050227
-57.348363988	-63.8191258273
-57.350448306	-63.8197158569
-57.352532721	-63.8203058544
-57.351197168	-63.8212266957
-57.353281725	-63.8218166846
-57.35536638	-63.8224066414
-57.354030819	-63.8233275195
-57.351946119	-63.8227375391
-57.350610416	-63.8236583832
-57.349274616	-63.8245792168
-57.347189925	-63.8239891571
-57.345853982	-63.8249099567
-57.343769344	-63.8243198413
-57.34243326	-63.8252406068
-57.341097078	-63.8261613619
-57.339012447	-63.8255711671
-57.337676124	-63.8264918882
-57.3397608	-63.8270821066
-57.338424424	-63.8280028408
-57.340509241	-63.8285930506
-57.342594156	-63.8291832283
-57.344679169	-63.8297733739
-57.346764278	-63.8303634873
-57.345427984	-63.8312843055
-57.347513235	-63.8318744103
-57.349598584	-63.832464483
-57.348262282	-63.833385338
-57.350347772	-63.8339754021
-57.35243336	-63.8345654341
-57.354519046	-63.835155434
-57.356604828	-63.8357454017
-57.357940951	-63.8348244523
-57.360026786	-63.8354143642
-57.362112719	-63.836004244
-57.364198748	-63.8365940916
-57.36553464	-63.835673061
-57.367620722	-63.8362628528
-57.369706901	-63.8368526124
-57.371042606	-63.8359315242
-57.373128838	-63.8365212281
-57.3744644	-63.8356001059
-57.376550684	-63.8361897539
-57.378637066	-63.8367793698
-57.380723544	-63.8373689535
-57.382058875	-63.8364477501
-57.384145406	-63.837037278
-57.386232034	-63.8376267738
-57.387567178	-63.8367055127
-57.389653859	-63.8372949527
-57.39098886	-63.8363736577
-57.393075593	-63.8369630418
-57.395162424	-63.8375523938
-57.396497238	-63.8366310412
-57.398584121	-63.8372203374
-57.400671101	-63.8378096013
-57.402758178	-63.8383988331
-57.401423498	-63.8393202565
-57.403510718	-63.8399094797
-57.402175986	-63.8408309162
-57.404263347	-63.8414201308
-57.402928563	-63.8423415805
-57.401593681	-63.8432630199
-57.39950623	-63.8426737582
-57.398171206	-63.8435951635
-57.396083807	-63.843005846
-57.394748641	-63.8439272173
-57.393413378	-63.8448485783
-57.391325986	-63.8442591814
-57.389238692	-63.8436697522
-57.387151495	-63.8430802909
-57.385064395	-63.8424907974
-57.382977393	-63.8419012716
-57.381641807	-63.8428225042
-57.379554858	-63.8422329226
-57.377468005	-63.8416433089
-57.376132233	-63.8425644838
-57.374796363	-63.8434856483
-57.372709518	-63.8428959552
-57.371373506	-63.8438170856
-57.369286714	-63.8432273367
-57.367200018	-63.8426375556
-57.36511342	-63.8420477424
-57.363026919	-63.8414578969
-57.360940516	-63.8408680193
-57.35885421	-63.8402781095
-57.356768001	-63.8396881675
-57.35468189	-63.8390981933
-57.352595875	-63.838508187
-57.350509958	-63.8379181485
-57.348424139	-63.8373280778
-57.346338417	-63.836737975
-57.34500177	-63.8376588118
-57.342916101	-63.8370686532
-57.341579312	-63.8379894559
-57.339493695	-63.8373992415
-57.337408175	-63.836808995
-57.335322753	-63.8362187164
-57.333237428	-63.8356284056
-57.3311522	-63.8350380626
-57.332489212	-63.834117378
-57.330404126	-63.8335270265
-57.328319138	-63.8329366429
-57.329656142	-63.832015995
-57.327571295	-63.8314256029
-57.328908247	-63.8305049681
-57.326823542	-63.8299145675
-57.328160441	-63.8289939459
-57.326075879	-63.8284035367
-57.323991413	-63.8278130954
-57.321907045	-63.8272226219
-57.319822774	-63.8266321163
-57.317738601	-63.8260415786
-57.315654525	-63.8254510088
-57.313570546	-63.8248604069
-57.311486664	-63.8242697728
-57.312823823	-63.8233493296
-57.310740083	-63.8227586871
-57.30865644	-63.8221680124
-57.309993591	-63.821247606
-57.30791009	-63.8206569228
-57.305826686	-63.8200662076
-57.30374338	-63.8194754602
-57.301660171	-63.8188846807
-57.299577059	-63.8182938692
-57.297494045	-63.8177030255
-57.295411127	-63.8171121498
-57.293328307	-63.816521242
-57.291245584	-63.8159303021
-57.289162959	-63.8153393301
-57.28708043	-63.814748326
-57.28574279	-63.8156684727
-57.283660315	-63.815077413
-57.282322533	-63.8159975256
-57.28024011	-63.8154064102
-57.278157785	-63.8148152627
-57.276075556	-63.8142240831
-57.274737544	-63.8151441144
-57.272655368	-63.8145528791
-57.271317214	-63.8154728763
-57.269235092	-63.8148815854
-57.267896796	-63.8158015484
-57.265814726	-63.8152102018
-57.263732754	-63.8146188231
-57.261650879	-63.8140274124
-57.259569101	-63.8134359696
-57.25748742	-63.8128444947
-57.255405836	-63.8122529878
-57.25332435	-63.8116614489
-57.251242961	-63.8110698779
-57.249904213	-63.8119896415
-57.247822877	-63.8113980149
-57.245741639	-63.8108063562
-57.243660497	-63.8102146654
-57.241579453	-63.8096229427
-57.240240431	-63.8105426013
-57.23815944	-63.8099508229
-57.236078545	-63.8093590124
-57.233997749	-63.80876717
-57.235336904	-63.8078475822
-57.233256249	-63.8072557313
-57.231175691	-63.8066638484
-57.22909523	-63.8060719335
-57.227755942	-63.8069914504
-57.225675535	-63.8063994798
-57.223595225	-63.8058074773
-57.221515011	-63.8052154427
-57.220175493	-63.8061348782
-57.218095334	-63.8055427879
-57.216755674	-63.8064621892
-57.214675567	-63.8058700434
-57.212595557	-63.8052778655
-57.211255713	-63.8061972091
-57.209175756	-63.8056049756
-57.207835769	-63.8065242849
-57.205755866	-63.8059319958
-57.204415738	-63.8068512709
-57.203075513	-63.8077705356
-57.200995618	-63.8071781672
-57.198915821	-63.8065857668
-57.196836121	-63.8059933344
-57.195495667	-63.8069125176
-57.19341602	-63.8063200296
-57.192075424	-63.8072391786
-57.18999583	-63.8066466349
-57.188655092	-63.8075657497
-57.186575552	-63.8069731505
-57.185234673	-63.807892231
-57.183893696	-63.808811301
-57.181814165	-63.8082186225
-57.180473047	-63.8091376583
-57.179131832	-63.8100566836
-57.17705231	-63.8094639258
-57.175710953	-63.8103829168
-57.173631485	-63.8097901034
-57.172289986	-63.8107090602
-57.170948391	-63.8116280064
-57.168868931	-63.8110351137
-57.167527194	-63.8119540257
-57.165447788	-63.8113610774
-57.16410591	-63.8122799551
-57.162026557	-63.8116869512
-57.160684537	-63.8126057947
-57.158605238	-63.8120127352
-57.157263077	-63.8129315444
-57.155183831	-63.8123384292
-57.153841528	-63.8132572043
-57.151762336	-63.8126640335
-57.150419892	-63.8135827742
-57.148340753	-63.8129895478
-57.146998167	-63.8139082543
-57.144919081	-63.8133149723
-57.143576354	-63.8142336446
-57.14223353	-63.8151523062
-57.140890608	-63.8160709573
-57.139547588	-63.8169895977
-57.138204471	-63.8179082275
-57.140283777	-63.8185016279
-57.138940607	-63.8194202708
-57.141020053	-63.8200136629
-57.139676829	-63.8209323189
-57.138333508	-63.8218509642
-57.136990089	-63.8227695989
-57.135646573	-63.8236882231
-57.134302959	-63.8246068366
-57.132959247	-63.8255254395
-57.130879536	-63.8249319054
-57.129535683	-63.825850474
-57.127456026	-63.8252568842
-57.126112031	-63.8261754185
-57.124767939	-63.8270939422
-57.122688292	-63.8265002731
-57.121344058	-63.8274187625
-57.119264464	-63.8268250378
-57.117920089	-63.8277434928
-57.116575616	-63.8286619372
-57.115231046	-63.829580371
-57.113886378	-63.8304987942
-57.115966147	-63.8310926136
-57.114621425	-63.8320110498
-57.116701337	-63.832604861
-57.118781345	-63.8331986403
-57.117436614	-63.8341171132
-57.119516764	-63.8347108842
-57.118171979	-63.8356293702
-57.116827096	-63.8365478455
-57.115482116	-63.8374663102
-57.113401834	-63.8368724682
-57.112056712	-63.8377908986
-57.109976483	-63.8371970009
-57.107896352	-63.8366030712
-57.105816319	-63.8360091096
-57.103736383	-63.835415116
-57.101656545	-63.8348210905
-57.099576805	-63.834227033
-57.098231322	-63.8351453106
-57.096151636	-63.8345511975
-57.094806011	-63.8354694407
-57.092726378	-63.8348752719
-57.091380612	-63.8357934807
-57.090034747	-63.8367116789
-57.092114468	-63.8373058951
-57.09076855	-63.8382241063
-57.092848412	-63.8388183143
-57.094928372	-63.8394124903
-57.093582444	-63.8403307382
-57.095662545	-63.840924906
-57.094316563	-63.841843167
-57.092970484	-63.8427614174
-57.091624306	-63.843679657
-57.093704637	-63.8442738639
-57.092358406	-63.8451921167
-57.091012077	-63.8461103588
-57.093092594	-63.8467045811
-57.095173208	-63.8472987715
-57.09725392	-63.8478929299
-57.099334729	-63.8484870564
-57.100680882	-63.8475687195
-57.102761746	-63.8481627902
-57.104107757	-63.847244419
-57.105453671	-63.846326037
-57.107534544	-63.8469200284
-57.108880316	-63.8460016121
-57.110961243	-63.8465955478
-57.112306874	-63.8456770972
-57.114387854	-63.8462709772
-57.116468933	-63.8468648252
-57.11855011	-63.8474586413
-57.120631384	-63.8480524254
-57.122712756	-63.8486461774
-57.121367345	-63.8495647466
-57.123448859	-63.8501584904
-57.122103395	-63.8510770726
-57.12418505	-63.8516708081
-57.126266804	-63.8522645116
-57.128348655	-63.8528581831
-57.129693986	-63.8519395298
-57.131775891	-63.8525331456
-57.133121081	-63.8516144579
-57.134466173	-63.8506957596
-57.136548088	-63.851289296
-57.137893038	-63.8503705634
-57.139237891	-63.8494518201
-57.140582646	-63.8485330662
-57.142664525	-63.8491264995
-57.141319815	-63.8500452771
-57.143401836	-63.8506387021
-57.142057072	-63.8515574927
-57.14071221	-63.8524762728
-57.139367249	-63.8533950422
-57.138022192	-63.8543138009
-57.136677036	-63.8552325491
-57.138759376	-63.8558260605
-57.137414167	-63.8567448217
-57.13606886	-63.8576635723
-57.138151386	-63.8582570991
-57.140234009	-63.858850594
-57.142316731	-63.8594440568
-57.14439955	-63.8600374876
-57.146482467	-63.8606308863
-57.145137283	-63.8615497448
-57.147220342	-63.8621431352
-57.149303499	-63.8627364936
-57.151386753	-63.86332982
-57.150041604	-63.8642487389
-57.152125	-63.8648420569
-57.154208495	-63.8654353429
-57.156292087	-63.8660285969
-57.157637104	-63.8651096069
-57.161065625	-63.8647837807
-57.162410402	-63.8638647457
-57.163755081	-63.8629457001
-57.165838693	-63.8635387952
-57.167922401	-63.8641318582
-57.170006208	-63.8647248891
-57.168661661	-63.8656440058
-57.17074561	-63.8662370284
-57.16940101	-63.8671561582
-57.171485101	-63.8677491724
-57.170140447	-63.8686683153
-57.168795695	-63.8695874476
-57.166711516	-63.8689943859
-57.165366622	-63.8699134838
-57.164021631	-63.8708325711
-57.162676541	-63.8717516478
-57.164760853	-63.8723447806
-57.166845263	-63.8729378812
-57.168929771	-63.8735309499
-57.171014377	-63.8741239864
-57.172359289	-63.8732048149
-57.174443948	-63.8737977957
-57.175788719	-63.8728785899
-57.177873431	-63.8734715149
-57.179958242	-63.8740644078
-57.18204315	-63.8746572687
-57.180698513	-63.8755765456
-57.179353778	-63.8764958119
-57.178008945	-63.8774150676
-57.176664014	-63.8783343127
-57.174578928	-63.877741357
-57.17249394	-63.8771483693
-57.171148823	-63.8780675563
-57.169803608	-63.8789867327
-57.168458294	-63.8799058985
-57.170543415	-63.8804989574
-57.172628634	-63.8810919842
-57.17471395	-63.8816849789
-57.176799365	-63.8822779416
-57.180229969	-63.8819515878
-57.181574963	-63.8810322928
-57.183660484	-63.8816251438
-57.185005336	-63.8807058146
-57.187090911	-63.8812986098
-57.18843562	-63.8803792462
-57.190521249	-63.8809719857
-57.191865816	-63.8800525877
-57.193951498	-63.8806452714
-57.195295923	-63.8797258392
-57.202897618	-63.8805841125
-57.204983603	-63.8811766203
-57.203639453	-63.8820961579
-57.205725581	-63.8826886574
-57.207811806	-63.8832811247
-57.209898129	-63.8838735599
-57.208554015	-63.884793158
-57.207209803	-63.8857127455
-57.205865494	-63.8866323225
-57.203779037	-63.8860398162
-57.201692679	-63.8854472778
-57.200348182	-63.8863667967
-57.198261877	-63.8857742024
-57.196917239	-63.886693687
-57.195572502	-63.887613161
-57.197658896	-63.8882058027
-57.196314105	-63.8891252898
-57.198400642	-63.889717923
-57.200487276	-63.8903105242
-57.202574008	-63.8909030932
-57.203918665	-63.889983535
-57.20600545	-63.8905760481
-57.207349965	-63.8896564556
-57.209436804	-63.890248913
-57.210781176	-63.8893292861
-57.212868069	-63.8899216876
-57.214212298	-63.8890020265
-57.216299244	-63.8895943722
-57.217643331	-63.8886746768
-57.218987321	-63.8877549707
-57.217643331	-63.8886746768
-57.219730331	-63.8892669666
-57.221817428	-63.8898592244
-57.22047343	-63.8907789672
-57.219129334	-63.8916986994
-57.217785139	-63.8926184211
-57.219872468	-63.8932107178
-57.21852822	-63.8941304526
-57.217183875	-63.8950501767
-57.215839431	-63.8959698903
-57.217926991	-63.896562226
-57.22001465	-63.8971545295
-57.218670197	-63.8980742799
-57.220757998	-63.898666575
-57.222845897	-63.8992588379
-57.224933893	-63.8998510687
-57.223589476	-63.9007708796
-57.225677615	-63.901363102
-57.224333145	-63.902282926
-57.225677615	-63.901363102
-57.227765853	-63.9019552922
-57.229854188	-63.9025474502
-57.231198471	-63.9016275682
-57.23328686	-63.9022196704
-57.235375346	-63.9028117404
-57.236719442	-63.9018918003
-57.23806344	-63.9009718497
-57.23940734	-63.9000518885
-57.240751142	-63.8991319167
-57.242094847	-63.8982119343
-57.240006583	-63.8976199829
-57.237918417	-63.8970279992
-57.23583035	-63.8964359834
-57.23374238	-63.8958439354
-57.235086164	-63.8949240373
-57.232998337	-63.8943319808
-57.234342068	-63.8934120958
-57.232254383	-63.8928200309
-57.233598061	-63.891900159
-57.234941641	-63.8909802765
-57.232854143	-63.8903882269
-57.23419767	-63.8894683575
-57.235541098	-63.8885484775
-57.233453788	-63.8879564431
-57.234797163	-63.8870365763
-57.23614044	-63.8861166988
-57.234053317	-63.8855246797
-57.235396541	-63.8846048154
-57.236739667	-63.8836849405
-57.23465273	-63.8830929366
-57.235995803	-63.8821730748
-57.233909009	-63.8815810624
-57.235252028	-63.8806612138
-57.233165376	-63.880069193
-57.234508342	-63.8791493574
-57.233764746	-63.8776375057
-57.235107561	-63.8767176727
-57.233021238	-63.8761256587
-57.230935012	-63.8755336126
-57.229592108	-63.8764533982
-57.228249106	-63.8773731733
-57.226906006	-63.8782929378
-57.224819745	-63.8777007885
-57.223476503	-63.8786205187
-57.224819745	-63.8777007885
-57.222733582	-63.8771086071
-57.220647517	-63.8765163935
-57.22199075	-63.8755967001
-57.219904827	-63.8750044782
-57.221248007	-63.8740847978
-57.219162226	-63.8734925674
-57.220505353	-63.8725729002
-57.218419714	-63.8719806614
-57.219762787	-63.8710610073
-57.221848381	-63.8716532224
-57.223191312	-63.8707335341
-57.224534146	-63.8698138351
-57.226619749	-63.8704059708
-57.228705449	-63.8709980743
-57.230791248	-63.8715901457
-57.232877144	-63.872182185
-57.234219702	-63.8712623808
-57.236305651	-63.8718543643
-57.238391699	-63.8724463157
-57.23704923	-63.8733661673
-57.23913542	-63.8739581103
-57.241221707	-63.8745500211
-57.242564087	-63.8736301221
-57.244650427	-63.8742219772
-57.245992665	-63.873302044
-57.248079058	-63.8738938432
-57.249421153	-63.8729738757
-57.2515076	-63.8735656191
-57.252849553	-63.8726456175
-57.254936053	-63.8732373051
-57.256277864	-63.8723172692
-57.257619577	-63.8713972228
-57.258961192	-63.8704771658
-57.260302709	-63.8695570982
-57.261644129	-63.8686370202
-57.262985451	-63.8677169315
-57.265071781	-63.868308445
-57.266412961	-63.8673883222
-57.267754043	-63.8664681888
-57.269840382	-63.8670596228
-57.271181322	-63.8661394552
-57.272522164	-63.8652192771
-57.274608511	-63.8658106317
-57.275949211	-63.8648904194
-57.278035612	-63.8654817181
-57.28012211	-63.8660729847
-57.282208706	-63.8666642191
-57.284295399	-63.8672554214
-57.28638219	-63.8678465915
-57.285041713	-63.8687669221
-57.287128647	-63.8693580837
-57.289215678	-63.8699492131
-57.290556065	-63.8690288353
-57.292643149	-63.8696199089
-57.294730331	-63.8702109504
-57.29681761	-63.8708019597
-57.298157766	-63.8698815003
-57.300245098	-63.8704724538
-57.301585112	-63.8695519603
-57.302925028	-63.8686314563
-57.305012368	-63.8692223303
-57.307099806	-63.8698131721
-57.308439535	-63.8688926103
-57.310527026	-63.8694833963
-57.312614615	-63.8700741502
-57.313954156	-63.8691535305
-57.3152936	-63.8682329004
-57.317381197	-63.8688235747
-57.318720499	-63.8679029104
-57.320808148	-63.868493529
-57.322147308	-63.8675728305
-57.32423501	-63.8681633933
-57.32632281	-63.8687539238
-57.328410708	-63.8693444221
-57.327071683	-63.8702651915
-57.329159723	-63.8708556813
-57.33124786	-63.8714461389
-57.329908827	-63.872366945
-57.328569697	-63.8732877407
-57.327230468	-63.8742085258
-57.325891143	-63.8751293005
-57.324551719	-63.8760500647
-57.326640178	-63.8766406083
-57.325300702	-63.8775613857
-57.327389304	-63.8781519207
-57.329478003	-63.8787424236
-57.328138519	-63.8796632378
-57.326798937	-63.8805840414
-57.325459257	-63.8815048346
-57.327548189	-63.8820953762
-57.329637218	-63.8826858856
-57.32829753	-63.8836067155
-57.330386702	-63.8841972164
-57.329046962	-63.8851180595
-57.331136276	-63.8857085518
-57.332475972	-63.884787685
-57.334565339	-63.8853781214
-57.335904892	-63.8844572205
-57.337994312	-63.885047601
-57.34008383	-63.8856379493
-57.341423195	-63.8847169906
-57.343512766	-63.885307283
-57.344851989	-63.8843862901
-57.346941612	-63.8849765267
-57.348280693	-63.8840554997
-57.350370369	-63.8846456804
-57.351709306	-63.8837246193
-57.353799035	-63.8843147441
-57.35513783	-63.8833936488
-57.357227612	-63.8839837177
-57.359317491	-63.8845737544
-57.360656099	-63.8836526014
-57.362746031	-63.8842425822
-57.36483606	-63.8848325307
-57.36617448	-63.88391132
-57.367512803	-63.8829900988
-57.36960284	-63.8835799678
-57.37094102	-63.8826587124
-57.37303111	-63.8832485256
-57.374369147	-63.8823272362
-57.376459289	-63.8829169934
-57.377797184	-63.8819956699
-57.379887379	-63.8825853713
-57.381225131	-63.8816640136
-57.382562785	-63.8807426456
-57.384652988	-63.8813322674
-57.3859905	-63.8804108653
-57.387327914	-63.8794894527
-57.389418124	-63.880078995
-57.390755395	-63.8791575484
-57.392092569	-63.8782360913
-57.394182787	-63.8788255541
-57.395519819	-63.8779040629
-57.398946977	-63.8775719446
-57.400283769	-63.8766504089
-57.402374046	-63.8772397364
-57.403710695	-63.8763181666
-57.405801025	-63.8769074382
-57.407891452	-63.8774966774
-57.409981977	-63.8780858844
-57.408645464	-63.879007525
-57.410736132	-63.8795967234
-57.412826897	-63.8801858894
-57.41491776	-63.8807750232
-57.416254138	-63.8798533118
-57.417590418	-63.8789315899
-57.419681288	-63.8795206442
-57.421017426	-63.8785988883
-57.422353466	-63.877677122
-57.424444343	-63.8782660967
-57.425780241	-63.8773442964
-57.427871171	-63.8779332153
-57.429206926	-63.8770113809
-57.430542583	-63.8760895361
-57.43263352	-63.8766783755
-57.433969035	-63.8757564967
-57.431878143	-63.875167681
-57.433213606	-63.8742458154
-57.434548971	-63.8733239394
-57.432458267	-63.8727351386
-57.43379358	-63.8718132758
-57.431703019	-63.8712244663
-57.433038279	-63.8703026167
-57.434373442	-63.8693807567
-57.436463913	-63.869969519
-57.437798934	-63.869047625
-57.439133857	-63.8681257206
-57.441224335	-63.8687144034
-57.444649645	-63.8683810919
-57.446740273	-63.8689696866
-57.448074865	-63.8680476906
-57.450165545	-63.8686362294
-57.451499995	-63.8677141994
-57.453590727	-63.8683026823
-57.454925035	-63.8673806184
-57.457015819	-63.8679690454
-57.458349984	-63.8670469475
-57.46044082	-63.8676353186
-57.462531753	-63.8682236574
-57.463865731	-63.8673015019
-57.46519961	-63.8663793361
-57.466533393	-63.8654571598
-57.472048875	-63.8657113653
-57.473382372	-63.8647891211
-57.474715772	-63.8638668667
-57.476806726	-63.864454967
-57.478897777	-63.8650430351
-57.480230989	-63.8641207231
-57.481564104	-63.8631984007
-57.482897121	-63.862276068
-57.484230041	-63.8613537249
-57.485562864	-63.8604313715
-57.486895589	-63.8595090077
-57.48480481	-63.8589210811
-57.486137483	-63.8579987306
-57.48747006	-63.8570763696
-57.485379468	-63.8564884579
-57.486711992	-63.8555661102
-57.488044419	-63.8546437521
-57.485954015	-63.8540558552
-57.487286391	-63.8531335104
-57.488618669	-63.8522111552
-57.486528452	-63.8516232731
-57.487860678	-63.8507009312
-57.489192807	-63.8497785789
-57.491282933	-63.8503664139
-57.492614919	-63.8494440277
-57.494705097	-63.8500318068
-57.496795371	-63.8506195536
-57.498885743	-63.8512072681
-57.497553893	-63.852129725
-57.496221945	-63.8530521715
-57.498312505	-63.8536399008
-57.496980505	-63.8545623606
-57.495648409	-63.85548481
-57.497739156	-63.8560725542
-57.496407007	-63.8569950168
-57.495074762	-63.8579174691
-57.495833399	-63.8594276937
-57.494501004	-63.8603501488
-57.493168512	-63.8612725937
-57.49525968	-63.8618603911
-57.493927136	-63.8627828491
-57.496018447	-63.8633706377
-57.498109856	-63.863958394
-57.49944231	-63.8630358888
-57.500774666	-63.8621133733
-57.502106925	-63.8611908474
-57.504198295	-63.8617785006
-57.505530411	-63.8608559408
-57.50686243	-63.8599333707
-57.508953806	-63.8605209445
-57.510285683	-63.8595983404
-57.512377111	-63.8601858583
-57.514468636	-63.8607733439
-57.513136851	-63.8616959951
-57.515228519	-63.8622834719
-57.517320284	-63.8628709163
-57.515988492	-63.8637936043
-57.514656602	-63.864716282
-57.516748555	-63.8653037412
-57.515416614	-63.8662264321
-57.51750871	-63.8668138826
-57.516176717	-63.8677365867
-57.518268956	-63.8683240284
-57.516936911	-63.8692467458
-57.515604768	-63.8701694528
-57.517697195	-63.8707569093
-57.516365001	-63.8716796295
-57.51503271	-63.8726023395
-57.513700321	-63.873525039
-57.512367835	-63.8744477283
-57.511035252	-63.8753704072
-57.509702571	-63.8762930758
-57.508369793	-63.877215734
-57.507036917	-63.8781383819
-57.505703944	-63.8790610194
-57.504370874	-63.8799836466
-57.506463853	-63.8805713065
-57.508556929	-63.8811589341
-57.509889908	-63.8802362597
-57.511983036	-63.8808238313
-57.513315872	-63.8799011231
-57.515409052	-63.8804886388
-57.517502329	-63.8810761221
-57.518834978	-63.8801533563
-57.520167528	-63.8792305802
-57.521499982	-63.8783077937
-57.522832338	-63.8773849969
-57.524164597	-63.8764621898
-57.525496758	-63.8755393724
-57.526828822	-63.8746165446
-57.528160789	-63.8736937065
-57.529492658	-63.872770858
-57.530824431	-63.8718479993
-57.532156106	-63.8709251302
-57.530063329	-63.8703379062
-57.531394952	-63.8694150503
-57.532726477	-63.8684921842
-57.530633889	-63.8679049749
-57.531965363	-63.866982122
-57.53329674	-63.8660592588
-57.534628019	-63.8651363852
-57.532535664	-63.8645492143
-57.533866892	-63.863626354
-57.53177468	-63.8630391743
-57.533105856	-63.8621163272
-57.534436935	-63.8611934698
-57.532344911	-63.8606063049
-57.533675938	-63.8596834607
-57.535006868	-63.8587606063
-57.532915032	-63.8581734561
-57.53424591	-63.8572506149
-57.535576691	-63.8563277634
-57.537668436	-63.8569148665
-57.539760278	-63.8575019372
-57.541852218	-63.8580889756
-57.543944254	-63.8586759816
-57.546036388	-63.8592629553
-57.548128619	-63.8598498966
-57.54945903	-63.8589268935
-57.551551312	-63.8595137789
-57.552881581	-63.858590742
-57.554973915	-63.8591775715
-57.55630404	-63.8582545007
-57.557634069	-63.8573314196
-57.558964	-63.8564083282
-57.556871803	-63.8558215693
-57.558201682	-63.8548984912
-57.556109627	-63.8543117235
-57.557439456	-63.8533886586
-57.555347543	-63.8528018821
-57.55667732	-63.8518788304
-57.558006999	-63.8509557685
-57.555915275	-63.8503690067
-57.557244903	-63.849445958
-57.555153321	-63.8488591874
-57.556482897	-63.847936152
-57.554391458	-63.8473493726
-57.555720983	-63.8464263504
-57.553629687	-63.8458395622
-57.55495916	-63.8449165533
-57.552868006	-63.8443297563
-57.554197427	-63.8434067606
-57.555526752	-63.8424837546
-57.557617815	-63.8430705046
-57.558946997	-63.8421474648
-57.561038112	-63.8427341589
-57.563129323	-63.8433208207
-57.561800232	-63.8442439075
-57.563891586	-63.8448305604
-57.56465394	-63.8463403046
-57.563324746	-63.847263418
-57.565416385	-63.8478500533
-57.567508122	-63.8484366562
-57.566178922	-63.8493598063
-57.5682708	-63.8499464004
-57.570362777	-63.8505329622
-57.572454849	-63.8511194916
-57.573783913	-63.8501962709
-57.575876037	-63.8507827444
-57.577968259	-63.8513691855
-57.579297134	-63.8504459074
-57.581389407	-63.8510322926
-57.583481777	-63.8516186455
-57.585574245	-63.852204966
-57.587666809	-63.8527912541
-57.58975947	-63.8533775098
-57.591852228	-63.8539637331
-57.593945084	-63.854549924
-57.596038036	-63.8551360826
-57.598131085	-63.8557222088
-57.600224232	-63.8563083025
-57.601552554	-63.8553847789
-57.603645752	-63.8559708168
-57.605739047	-63.8565568222
-57.607832439	-63.8571427953
-57.609160527	-63.8562191909
-57.61125397	-63.856805108
-57.61334751	-63.8573909927
-57.615441148	-63.857976845
-57.616769002	-63.8570531598
-57.61886269	-63.8576389561
-57.620956476	-63.8582247201
-57.622284141	-63.8573009776
-57.624377978	-63.8578866856
-57.6257055	-63.8569629093
-57.627799389	-63.8575485614
-57.629126768	-63.8566247514
-57.631220708	-63.8572103475
-57.632547945	-63.8562865038
-57.633875085	-63.8553626498
-57.635202127	-63.8544387856
-57.636529073	-63.8535149111
-57.638622926	-63.8541003808
-57.639949729	-63.8531764726
-57.641276435	-63.8522525542
-57.643370294	-63.8528379444
-57.644696857	-63.8519139923
-57.646023324	-63.85099003
-57.647349693	-63.8500660574
-57.648675965	-63.8491420747
-57.64658229	-63.8485567784
-57.647908511	-63.847632809
-57.645814978	-63.8470475038
-57.644488711	-63.8479714498
-57.642395229	-63.8473860888
-57.640301845	-63.8468006953
-57.638975389	-63.847724584
-57.636882055	-63.8471391346
-57.634788819	-63.8465536528
-57.636115366	-63.8456298111
-57.637441816	-63.8447059591
-57.638768169	-63.8437820969
-57.640094426	-63.8428582245
-57.641420585	-63.8419343419
-57.639327674	-63.8413489452
-57.640653782	-63.8404250759
-57.641979794	-63.8395011964
-57.644072613	-63.8400865461
-57.645398482	-63.8391626329
-57.646724254	-63.8382387094
-57.648049929	-63.8373147758
-57.650142708	-63.8379000226
-57.651468241	-63.8369760553
-57.652793677	-63.8360520777
-57.654119016	-63.83512809
-57.656211754	-63.8357132339
-57.657536951	-63.8347892125
-57.65886205	-63.8338651809
-57.660954794	-63.8344502455
-57.65962974	-63.8353743006
-57.661722627	-63.8359593562
-57.66381561	-63.8365443794
-57.66590869	-63.8371293702
-57.668001867	-63.8377143286
-57.67009514	-63.8382992546
-57.671419965	-63.8373750821
-57.673513289	-63.8379599521
-57.674837971	-63.8370357459
-57.672744693	-63.8364508994
-57.674069324	-63.8355267065
-57.675393858	-63.8346025034
-57.676718295	-63.8336782902
-57.678042636	-63.8327540668
-57.67936688	-63.8318298332
-57.680691027	-63.8309055894
-57.682015078	-63.8299813355
-57.683339031	-63.8290570714
-57.684662888	-63.8281327971
-57.682570119	-63.8275481294
-57.683893925	-63.8266238684
-57.685217635	-63.8256995973
-57.686541247	-63.824775316
-57.687864763	-63.8238510245
-57.689188183	-63.8229267229
-57.690511506	-63.8220024111
-57.691834732	-63.8210780892
-57.693157861	-63.8201537571
-57.694480894	-63.8192294148
-57.69580383	-63.8183050624
-57.69712667	-63.8173806999
-57.695034501	-63.8167962578
-57.69635729	-63.8158719086
-57.694265264	-63.8152874576
-57.695588003	-63.8143631217
-57.693496119	-63.8137786617
-57.694818806	-63.8128543391
-57.692727065	-63.8122698701
-57.694049702	-63.8113455608
-57.691958103	-63.8107610829
-57.693280689	-63.8098367869
-57.691189233	-63.8092523001
-57.692511768	-63.8083280174
-57.693834207	-63.8074037245
-57.691742939	-63.8068192522
-57.693065327	-63.8058949726
-57.690974201	-63.8053104913
-57.692296538	-63.8043862251
-57.690205555	-63.8038017349
-57.691527841	-63.8028774819
-57.689437	-63.8022929827
-57.687346255	-63.8017084512
-57.688668537	-63.800784235
-57.686577935	-63.8001996945
-57.684487429	-63.7996151216
-57.682397019	-63.7990305163
-57.680306707	-63.7984458787
-57.67821649	-63.7978612087
-57.67612637	-63.7972765063
-57.674036347	-63.7966917715
-57.67194642	-63.7961070044
-57.66985659	-63.7955222049
-57.667766856	-63.794937373
-57.665677218	-63.7943525088
-57.663587677	-63.7937676123
-57.662264847	-63.7946915471
-57.660175357	-63.7941065947
-57.658085964	-63.79352161
-57.656762946	-63.7944454878
-57.654673603	-63.7938604473
-57.652584357	-63.7932753744
-57.651261151	-63.7941991951
-57.649171955	-63.7936140665
-57.647082857	-63.7930289054
-57.645759463	-63.7939526691
-57.644435973	-63.7948764225
-57.64234688	-63.7942911823
-57.641023248	-63.7952149021
-57.639699519	-63.7961386118
-57.638375694	-63.7970623112
-57.636286561	-63.7964769683
-57.634962593	-63.7974006341
-57.63363853	-63.7983242897
-57.632314369	-63.7992479352
-57.630225195	-63.7986624895
-57.628900893	-63.7995861013
-57.627576494	-63.8005097029
-57.626251998	-63.8014332943
-57.624927406	-63.8023568755
-57.623602717	-63.8032804465
-57.622277932	-63.8042040074
-57.62095305	-63.805127558
-57.619628072	-63.8060510984
-57.618302996	-63.8069746286
-57.616977824	-63.8078981486
-57.615652556	-63.8088216584
-57.613562977	-63.8082359222
-57.612237566	-63.8091593983
-57.610148039	-63.8085736063
-57.608822486	-63.8094970487
-57.606733009	-63.8089112008
-57.605407314	-63.8098346095
-57.603317889	-63.8092487059
-57.601228561	-63.8086627699
-57.599902678	-63.8095861214
-57.598576698	-63.8105094627
-57.596487375	-63.8099234474
-57.595161253	-63.810846755
-57.593071982	-63.8102606839
-57.590982807	-63.8096745804
-57.588893729	-63.8090884447
-57.590219987	-63.8081652075
-57.588131051	-63.807579063
-57.589457258	-63.8066558391
-57.586605969	-63.8045603128
-57.587932073	-63.8036371155
-57.585843564	-63.8030509444
-57.587169617	-63.8021277603
-57.58508125	-63.8015415804
-57.582992979	-63.8009553683
-57.580904805	-63.8003691238
-57.579578615	-63.8012922374
-57.577490493	-63.8007059372
-57.575402466	-63.8001196046
-57.573314537	-63.7995332398
-57.571988115	-63.8004562727
-57.569900236	-63.7998698521
-57.568573672	-63.8007928513
-57.566485845	-63.8002063749
-57.564398115	-63.7996198662
-57.563071363	-63.8005428082
-57.560983684	-63.7999562438
-57.558896102	-63.799369647
-57.557569162	-63.8002925318
-57.556242127	-63.8012154063
-57.554914994	-63.8021382705
-57.553587764	-63.8030611245
-57.552260438	-63.8039839683
-57.550933015	-63.8049068018
-57.549605496	-63.805829625
-57.54827788	-63.8067524379
-57.550365824	-63.8073392227
-57.549038156	-63.8082620489
-57.551126243	-63.8088488248
-57.549798524	-63.8097716643
-57.548470708	-63.8106944934
-57.547142795	-63.8116173123
-57.545054572	-63.8110304659
-57.543726517	-63.811953251
-57.542398366	-63.8128760259
-57.540310149	-63.8122891001
-57.538222029	-63.8117021421
-57.536134006	-63.8111151517
-57.537462294	-63.8101924474
-57.535374413	-63.8096054483
-57.533286629	-63.8090184169
-57.531198941	-63.8084313533
-57.529111351	-63.8078442574
-57.527023857	-63.8072571292
-57.52493646	-63.8066699688
-57.52284916	-63.8060827761
-57.520761956	-63.8054955512
-57.519433307	-63.8064180674
-57.517346155	-63.8058307867
-57.516017363	-63.8067532691
-57.513930263	-63.8061659326
-57.511843259	-63.8055785639
-57.51051428	-63.806500989
-57.509185205	-63.8074234038
-57.507098208	-63.8068359558
-57.505011308	-63.8062484755
-57.506340474	-63.8053261077
-57.504253716	-63.8047386187
-57.502167054	-63.8041510975
-57.500837798	-63.8050734182
-57.498751188	-63.8044858412
-57.49742179	-63.8054081282
-57.495335232	-63.8048204954
-57.494005691	-63.8057427485
-57.491919185	-63.80515506
-57.489832776	-63.8045673393
-57.487746463	-63.8039795863
-57.485660247	-63.8033918011
-57.483574128	-63.8028039837
-57.484903895	-63.8018818482
-57.482817918	-63.8012940221
-57.480732037	-63.8007061638
-57.482061797	-63.7997840651
-57.483391459	-63.798861956
-57.481305766	-63.7982741125
-57.47922017	-63.7976862368
-57.480549825	-63.7967641645
-57.478464371	-63.7961762801
-57.476379013	-63.7955883635
-57.474293752	-63.7950004147
-57.472208588	-63.7944124337
-57.470123521	-63.7938244205
-57.46803855	-63.7932363751
-57.465953676	-63.7926482975
-57.463868899	-63.7920601877
-57.462538883	-63.7929820719
-57.460454158	-63.7923939064
-57.459124	-63.7933157567
-57.457039327	-63.7927275355
-57.45495475	-63.7921392821
-57.453624406	-63.793061075
-57.451539881	-63.7924727659
-57.450209395	-63.7933945249
-57.448124922	-63.7928061601
-57.446040546	-63.7922177631
-57.443956266	-63.791629334
-57.441872084	-63.7910408726
-57.439787998	-63.7904523791
-57.438457191	-63.7913740102
-57.436373157	-63.790785461
-57.43428922	-63.7901968796
-57.432958226	-63.7911184533
-57.430874341	-63.7905298162
-57.428790553	-63.789941147
-57.426706861	-63.7893524457
-57.425375636	-63.7902739383
-57.423291996	-63.7896851813
-57.421208454	-63.7890963921
-57.419877042	-63.7900178273
-57.417793551	-63.7894289824
-57.415710158	-63.7888401054
-57.414378559	-63.7897614832
-57.412295217	-63.7891725505
-57.410211973	-63.7885835856
-57.408880188	-63.789504906
-57.406796995	-63.7889158855
-57.404713899	-63.7883268328
-57.403381927	-63.7892480957
-57.401298884	-63.7886589874
-57.399215937	-63.7880698469
-57.397883779	-63.7889910523
-57.395800884	-63.7884018562
-57.393718086	-63.7878126279
-57.392385742	-63.7887337759
-57.390302996	-63.7881444919
-57.388220347	-63.7875551758
-57.386887817	-63.7884762664
-57.38480522	-63.7878868946
-57.383472548	-63.7888079512
-57.381390003	-63.7882185238
-57.38005719	-63.7891395464
-57.377974697	-63.7885500634
-57.375892302	-63.7879605482
-57.374559302	-63.7888815133
-57.372476958	-63.7882919424
-57.370394712	-63.7877023395
-57.368312562	-63.7871127044
-57.36623051	-63.7865230372
-57.364897234	-63.7874438978
-57.363563862	-63.7883647479
-57.365646004	-63.7889544622
-57.36431258	-63.7898753255
-57.366394863	-63.7904650313
-57.365061386	-63.7913859077
-57.367143811	-63.7919756049
-57.365810282	-63.7928964945
-57.364476656	-63.7938173737
-57.363142933	-63.7947382426
-57.361809113	-63.795659101
-57.363891814	-63.7962488603
-57.362557942	-63.7971697319
-57.361223972	-63.798090593
-57.363306859	-63.7986803674
-57.361972838	-63.7996012417
-57.360638719	-63.8005221056
-57.358555743	-63.7999322841
-57.357221483	-63.800853114
-57.355887126	-63.8017739335
-57.354552671	-63.8026947426
-57.35321812	-63.8036155412
