> -L"antarctic_islands_coastlines"
120.882695975	-66.8505385442
120.880780822	-66.8471236243
120.883192135	-66.8465560092
120.885603326	-66.8459883553
120.888014396	-66.8454206625
120.890425344	-66.844852931
120.892836171	-66.8442851606
120.895246877	-66.8437173514
120.897657461	-66.8431495033
120.900067924	-66.8425816165
120.902478265	-66.8420136909
120.904888485	-66.8414457264
120.907298584	-66.8408777232
120.909708561	-66.8403096811
120.911151482	-66.8412584722
120.913561403	-66.8406903656
120.915971203	-66.8401222202
120.918380881	-66.839554036
120.920790438	-66.838985813
120.923199873	-66.8384175513
120.925609187	-66.8378492508
120.92801838	-66.8372809115
120.930427451	-66.8367125334
120.932836401	-66.8361441165
120.935245229	-66.8355756609
120.937653936	-66.8350071665
120.940062522	-66.8344386334
120.942470986	-66.8338700615
120.944879329	-66.8333014509
120.9434355	-66.8323530204
120.945843656	-66.8317843968
120.948251692	-66.8312157344
120.950659606	-66.8306470332
120.949215703	-66.8296986688
120.947771921	-66.8287502932
120.950179584	-66.8281816048
120.948735859	-66.8272332437
120.949699668	-66.8257161958
120.950663347	-66.8241991494
120.953070452	-66.8236304221
120.951626896	-66.8226821046
120.954033815	-66.8221133643
120.956440613	-66.8215445853
120.954997049	-66.8205963081
120.95740366	-66.8200275161
120.959810151	-66.8194586855
120.958366579	-66.8185104485
120.960772883	-66.8179416049
120.963179066	-66.8173727225
120.961735486	-66.8164245258
120.964141483	-66.8158556305
120.966547359	-66.8152866966
120.965103771	-66.8143385401
120.967509461	-66.8137695932
120.96606593	-66.8128214512
120.968471434	-66.8122524914
120.969433278	-66.8107353911
120.96798986	-66.8097872782
120.970394992	-66.8092182925
120.971356577	-66.8077011954
120.973761403	-66.807132158
120.972318033	-66.8061840999
120.974722673	-66.8056150496
120.977127192	-66.8050459607
120.975683814	-66.8040979428
120.978088147	-66.8035288409
120.980492359	-66.8029597004
120.98289645	-66.8023905212
120.981453	-66.8014425693
120.983856905	-66.8008733772
120.982413512	-66.7999254398
120.984817231	-66.7993562347
120.98722083	-66.7987869911
120.985777429	-66.7978390939
120.988180842	-66.7972698374
120.986737497	-66.7963219547
120.989140724	-66.7957526852
120.991543831	-66.7951833771
120.990100478	-66.7942355347
120.992503399	-66.7936662137
120.994906199	-66.7930968541
120.997308877	-66.7925274558
120.999711435	-66.791958019
121.002113871	-66.7913885435
121.004516187	-66.7908190293
121.006918381	-66.7902494766
121.008362184	-66.7911971388
121.010764322	-66.7906275217
121.013166338	-66.790057866
121.015568234	-66.7894881717
121.017970008	-66.7889184388
121.020371662	-66.7883486673
121.021815907	-66.7892961896
121.024217504	-66.7887263537
121.026618979	-66.7881564793
121.029020334	-66.7875865662
121.031421567	-66.7870166146
121.033822679	-66.7864466244
121.036223671	-66.7858765957
121.03477904	-66.7849292279
121.037179846	-66.7843591863
121.03958053	-66.7837891062
121.041981094	-66.7832189874
121.043425918	-66.7841662779
121.045826424	-66.7835960948
121.04822681	-66.7830258732
121.049671883	-66.7839731009
121.052072212	-66.7834028149
121.05351747	-66.7843500056
121.055917741	-66.7837796553
121.059763399	-66.7841563943
121.062163493	-66.7835859412
121.063609185	-66.784533032
121.066009222	-66.7839625146
121.069855079	-66.7843389865
121.072254937	-66.7837683662
121.074654675	-66.7831977074
121.076100865	-66.7841446725
121.078500546	-66.7835739494
121.080900105	-66.7830031877
121.082346544	-66.78395009
121.084746046	-66.783379264
121.087145427	-66.7828083995
121.089544686	-66.7822374965
121.090991439	-66.7831843101
121.093390641	-66.7826133428
121.095789723	-66.7820423369
121.098188683	-66.7814712926
121.100587521	-66.7809002097
121.102986239	-66.7803290883
121.105384835	-66.7797579285
121.107783311	-66.7791867301
121.109230632	-66.7801333519
121.11162905	-66.7795620893
121.114027347	-66.7789907881
121.117873156	-66.7793659816
121.120271274	-66.7787945777
121.121719093	-66.7797410738
121.124117154	-66.7791696056
121.125565158	-66.7801160645
121.127963161	-66.779544532
121.12941135	-66.7804909538
121.131809296	-66.779919357
121.13420712	-66.7793477218
121.136604824	-66.7787760481
121.139002406	-66.778204336
121.141399867	-66.7776325853
121.143797207	-66.7770607962
121.146194425	-66.7764889687
121.148591523	-66.7759171026
121.150988499	-66.7753451982
121.153385354	-66.7747732552
121.155782087	-66.7742012739
121.154333198	-66.7732551358
121.156729747	-66.7726831418
121.159126174	-66.7721111093
121.157677279	-66.7711650115
121.160073522	-66.7705929664
121.162469644	-66.7700208828
121.164865644	-66.7694487609
121.167261523	-66.7688766004
121.169657281	-66.7683044016
121.172052918	-66.7677321643
121.174448434	-66.7671598887
121.176843829	-66.7665875746
121.179239102	-66.7660152221
121.181634254	-66.7654428312
121.184029285	-66.7648704018
121.185478879	-66.7658162159
121.187873852	-66.7652437224
121.189323631	-66.7661894992
121.190773531	-66.7671352647
121.192223552	-66.7680810187
121.193673694	-66.7690267614
121.195123957	-66.7699724926
121.192728667	-66.7705451152
121.194178988	-66.7714908609
121.195629431	-66.7724365951
121.197079995	-66.773382318
121.194684393	-66.7739549796
121.196135015	-66.7749007168
121.197585758	-66.7758464427
121.195189907	-66.7764191175
121.196640708	-66.7773648577
121.198091631	-66.7783105866
121.195695532	-66.7788832746
121.197146512	-66.7798290179
121.196201267	-66.781347451
121.197652427	-66.7822931972
121.196707113	-66.7838116465
121.195761671	-66.7853300976
121.197213068	-66.7862758613
121.196267558	-66.7877943286
121.197719134	-66.7887400953
121.19532192	-66.7893127978
121.196773555	-66.7902585788
121.194376156	-66.7908312687
121.195827848	-66.7917770642
121.197279662	-66.7927228482
121.194882015	-66.7932955513
121.196333886	-66.7942413498
121.197785879	-66.7951871368
121.195387983	-66.7957598531
121.196840034	-66.7967056546
121.194441954	-66.7972783583
121.195894063	-66.7982241742
121.193495797	-66.7987968653
121.191097409	-66.7993695179
121.192549513	-66.8003153741
121.19015094	-66.8008880141
121.187752246	-66.8014606157
121.18535343	-66.8020331788
121.182954493	-66.8026057034
121.180555434	-66.8031781895
121.178156253	-66.8037506372
121.175756951	-66.8043230464
121.173357528	-66.8048954171
121.170957982	-66.8054677493
121.168558316	-66.806040043
121.170009904	-66.8069861461
121.167610052	-66.8075584272
121.165210078	-66.8081306697
121.162809982	-66.8087028738
121.160409765	-66.8092750393
121.158009427	-66.8098471664
121.155608967	-66.8104192549
121.153208385	-66.8109913049
121.150807681	-66.8115633164
121.148406856	-66.8121352894
121.14600591	-66.8127072238
121.143604841	-66.8132791197
121.141203652	-66.8138509771
121.13880234	-66.814422796
121.136400907	-66.8149945763
121.133999352	-66.815566318
121.131597676	-66.8161380212
121.129195878	-66.8167096859
121.126793958	-66.817281312
121.124391917	-66.8178528996
121.121989755	-66.8184244486
121.11958747	-66.818995959
121.117185064	-66.8195674309
121.114782536	-66.8201388642
121.112379887	-66.820710259
121.109977116	-66.8212816151
121.107574224	-66.8218529327
121.10517121	-66.8224242117
121.103721347	-66.8214774112
121.101318275	-66.8220486258
121.098915082	-66.8226198018
121.096511767	-66.8231909392
121.094108331	-66.823762038
121.091704773	-66.8243330983
121.089301093	-66.8249041199
121.086897292	-66.8254751029
121.084493369	-66.8260460473
121.082089324	-66.8266169531
121.079685158	-66.8271878203
121.07728087	-66.8277586489
121.074876461	-66.8283294388
121.07247193	-66.8289001901
121.070067277	-66.8294709028
121.067662503	-66.8300415769
121.065257607	-66.8306122123
121.062852589	-66.8311828091
121.06044745	-66.8317533673
121.058042189	-66.8323238868
121.055636807	-66.8328943677
121.053231303	-66.8334648099
121.050825677	-66.8340352134
121.04841993	-66.8346055784
121.046014061	-66.8351759046
121.043608071	-66.8357461922
121.041201958	-66.8363164411
121.038795725	-66.8368866514
121.036389369	-66.8374568229
121.033982892	-66.8380269558
121.031576293	-66.8385970501
121.029169573	-66.8391671056
121.026762731	-66.8397371224
121.024355767	-66.8403071006
121.021948682	-66.8408770401
121.019541475	-66.8414469409
121.018093986	-66.8404992255
121.015686722	-66.8410690618
121.013279337	-66.8416388594
121.010871829	-66.8422086183
121.008464201	-66.8427783384
121.00605645	-66.8433480199
121.003648578	-66.8439176626
121.001240584	-66.8444872666
120.998832469	-66.8450568319
120.997385619	-66.8441088989
120.994977446	-66.8446783997
120.992569152	-66.8452478617
120.990160737	-66.845817285
120.9877522	-66.8463866696
120.985343541	-66.8469560154
120.982934761	-66.8475253225
120.980525859	-66.8480945909
120.978116835	-66.8486638205
120.97570769	-66.8492330114
120.973298423	-66.8498021635
120.971852342	-66.8488539613
120.969443018	-66.8494230488
120.967033573	-66.8499920976
120.964624006	-66.8505611077
120.962214317	-66.8511300789
120.959804507	-66.8516990114
120.957394576	-66.8522679052
120.954984522	-66.8528367601
120.952574347	-66.8534055763
120.950164051	-66.8539743537
120.947753633	-66.8545430923
120.945343093	-66.8551117921
120.942932432	-66.8556804531
120.94148725	-66.8547319302
120.939076532	-66.8553005267
120.936665693	-66.8558690843
120.934254732	-66.8564376032
120.932809867	-66.8554889917
120.930398849	-66.8560574459
120.92798771	-66.8566258614
120.925576449	-66.857194238
120.924131901	-66.856245538
120.921720583	-66.8568138501
120.919309144	-66.8573821233
120.917864848	-66.8564333605
120.915453353	-66.8570015691
120.913041735	-66.8575697389
120.911597691	-66.8566209134
120.909186018	-66.8571890186
120.90774216	-66.856240156
120.90533043	-66.8568081966
120.902918578	-66.8573761984
120.901474972	-66.8564272731
120.899063064	-66.8569952103
120.897619645	-66.856046248
120.895207681	-66.8566141206
120.892795595	-66.8571819544
120.891352428	-66.8562329294
120.888940286	-66.8568006986
120.887497305	-66.8558516366
120.886054446	-66.8549025634
120.884611708	-66.8539534791
120.883169092	-66.8530043835
120.885580974	-66.8524367174
120.884138414	-66.8514876364
120.882695975	-66.8505385442
