> -L"antarctic_islands_coastlines"
92.2705698013	-65.719206153
92.2859702703	-65.7123398452
92.2858635845	-65.7112392688
92.2885361436	-65.7111953115
92.291101768	-65.7100507352
92.2909948533	-65.7089501719
92.2936671436	-65.7089061164
92.2962322702	-65.707761455
92.298797148	-65.706616751
92.3014691595	-65.706572546
92.301361777	-65.7054720045
92.3040336541	-65.7054277505
92.3039261572	-65.7043272155
92.3065978999	-65.7042829124
92.3064902887	-65.703182384
92.3091618969	-65.7031380317
92.3090541714	-65.7020375099
92.3117256452	-65.7019931086
92.3116178053	-65.7008925933
92.3142891447	-65.700848143
92.3141811906	-65.6997476342
92.3168523956	-65.6997031348
92.3195235905	-65.6996585841
92.3194153978	-65.6985580842
92.3220864584	-65.6985134844
92.3247575088	-65.6984688334
92.3246490775	-65.6973683423
92.3273199935	-65.6973236422
92.3299908994	-65.6972788909
92.3325530011	-65.6961336082
92.3352237624	-65.6960887565
92.3378945136	-65.6960438536
92.3377854812	-65.6949433824
92.3404560979	-65.6948984304
92.3431267044	-65.6948534271
92.3456879057	-65.6937079125
92.3483583676	-65.693662809
92.3510288193	-65.6936176541
92.3509191859	-65.6925172029
92.3535895031	-65.6924719991
92.3562598101	-65.692426744
92.3561499385	-65.6913263017
92.358820111	-65.6912809976
92.3614902732	-65.6912356422
92.3613801634	-65.6901352088
92.3640501912	-65.6900898044
92.3666098607	-65.6889439243
92.3692797437	-65.6888984197
92.3691692818	-65.6877980017
92.3718390303	-65.6877524482
92.3745087686	-65.6877068433
92.3770676723	-65.6865607805
92.3797372657	-65.6865150755
92.3824068488	-65.6864693192
92.3850764215	-65.6864235116
92.3877459838	-65.6863776528
92.3904155358	-65.6863317426
92.3930850774	-65.6862857813
92.3957546086	-65.6862397687
92.3984241294	-65.6861937048
92.4010936398	-65.6861475896
92.4037631397	-65.6861014232
92.4064326292	-65.6860552055
92.4091021082	-65.6860089366
92.4117715768	-65.6859626164
92.4144410349	-65.685916245
92.4171104825	-65.6858698222
92.4197799197	-65.6858233483
92.4224493463	-65.685776823
92.4251187623	-65.6857302466
92.4252318214	-65.6868306113
92.4279013511	-65.6867839812
92.4305708703	-65.6867372998
92.4332403789	-65.6866905672
92.4360234431	-65.6877441428
92.4386930547	-65.6876973053
92.4413626557	-65.6876504166
92.4440322461	-65.6876034765
92.4441461955	-65.6887038333
92.4468158994	-65.6886568396
92.4494855927	-65.6886097946
92.449599801	-65.6897101509
92.4522696079	-65.6896630523
92.454939404	-65.6896159025
92.4550538713	-65.6907162583
92.457723781	-65.6906690548
92.4631784189	-65.6916748469
92.4659634062	-65.692727842
92.4687486418	-65.6937807853
92.4714188706	-65.6937333183
92.4715341259	-65.6948336769
92.4742044682	-65.6947861562
92.4743198585	-65.6958865167
92.4769903142	-65.6958389423
92.4771058395	-65.6969393046
92.4797764087	-65.6968916766
92.479892069	-65.6979920408
92.4825627516	-65.697944359
92.4853493431	-65.6989969897
92.4854652735	-65.7000973576
92.4881361831	-65.7000495685
92.4882522486	-65.7011499383
92.4909232716	-65.7011020954
92.4910394722	-65.7022024672
92.4937106087	-65.7021545706
92.4938269444	-65.7032549442
92.4964981944	-65.7032069939
92.4966146653	-65.7043073693
92.4992860286	-65.7042593653
92.5019573811	-65.7042113099
92.5020741115	-65.7053116848
92.5047455775	-65.7052635757
92.5048624431	-65.7063639525
92.5075340224	-65.7063157897
92.5102055909	-65.7062675756
92.5103227161	-65.7073679517
92.5129943979	-65.7073196839
92.5156660689	-65.7072713647
92.5157834537	-65.7083717403
92.518455238	-65.7083233674
92.5212446558	-65.7093753181
92.5239165426	-65.7093268402
92.5240343223	-65.7104272169
92.5267063225	-65.7103786852
92.5293783116	-65.7103301022
92.5294963511	-65.7114304783
92.5321684536	-65.7113818415
92.534840545	-65.7113331534
92.5349588443	-65.7124335289
92.5376310491	-65.712384787
92.5377494839	-65.7134851643
92.540421802	-65.7134363686
92.5430941091	-65.7133875216
92.5432128037	-65.7144878983
92.5458852241	-65.7144389975
92.5485576334	-65.7143900454
92.5486765878	-65.7154904214
92.5513491105	-65.7154414155
92.5514682004	-65.7165417932
92.5541408364	-65.7164927336
92.5568134612	-65.7164436226
92.5569328111	-65.7175439996
92.5596055492	-65.7174948348
92.5597250347	-65.7185952137
92.5623978861	-65.7185459951
92.5650707264	-65.7184967251
92.5651904719	-65.7195971033
92.5678634254	-65.7195477795
92.5705363677	-65.7194984044
92.5706563733	-65.7205987818
92.5733294289	-65.7205493529
92.5760024733	-65.7204998727
92.576122739	-65.7216002494
92.5787958966	-65.7215507153
92.581469043	-65.7215011299
92.5815895689	-65.7226015058
92.5842628285	-65.7225518666
92.5869360768	-65.722502176
92.5870568629	-65.7236025512
92.5897302244	-65.7235528068
92.5924035747	-65.723503011
92.592524621	-65.7246033854
92.5951980845	-65.7245535358
92.5978715366	-65.7245036349
92.5979928432	-65.7256040085
92.6006664085	-65.7255540537
92.6033399625	-65.7255040475
92.6034615294	-65.7266044204
92.6061351966	-65.7265543604
92.6088088523	-65.726504249
92.6116044486	-65.7275544558
92.6142782061	-65.7275042392
92.6169519522	-65.7274539713
92.6170741645	-65.72855434
92.6197480237	-65.7285040182
92.6224218715	-65.728453645
92.6252183052	-65.7295035859
92.6278922547	-65.7294531075
92.6306890504	-65.7305029422
92.6333631015	-65.7304523585
92.6361602594	-65.7315020872
92.6388344121	-65.7314513983
92.6415085532	-65.731400658
92.6416319321	-65.7325010208
92.6443061863	-65.7324502266
92.6444297013	-65.733550591
92.6471040685	-65.7334997429
92.6472277195	-65.7346001091
92.6499021998	-65.734549207
92.6525766685	-65.7344982537
92.6527005802	-65.7355986189
92.6553751619	-65.7355476116
92.6554992099	-65.7366479785
92.6582980887	-65.7376972858
92.6584222844	-65.7387976587
92.6610972167	-65.7387465409
92.6612215486	-65.7398469155
92.6638965939	-65.7397957437
92.6640210621	-65.7408961199
92.6666962204	-65.7408448942
92.6668208248	-65.7419452721
92.6694960961	-65.7418939924
92.6696208368	-65.742994372
92.6722962212	-65.7429430383
92.6724210982	-65.7440434195
92.6750965955	-65.7439920319
92.6752216088	-65.7450924148
92.6753466339	-65.7461928019
92.6781475303	-65.7472417465
92.6782727034	-65.7483421396
92.6783978881	-65.7494425369
92.6810739855	-65.7493910335
92.6811993067	-65.7504914325
92.6813246397	-65.7515918357
92.6840009748	-65.7515402757
92.6841264442	-65.7526406806
92.6842519253	-65.7537410897
92.6869284982	-65.753689473
92.6870541158	-65.7547898838
92.6871797451	-65.7558902989
92.6873053861	-65.7569907182
92.6874310389	-65.7580911418
92.6875567035	-65.7591915696
92.6876823798	-65.7602920017
92.6878080678	-65.7613924381
92.6879337676	-65.7624928787
92.6880594791	-65.7635933236
92.6881852024	-65.7646937727
92.6883109374	-65.7657942261
92.6884366842	-65.7668946838
92.6885624427	-65.7679951457
92.688688213	-65.7690956119
92.6888139951	-65.7701960823
92.6889397889	-65.771296557
92.6862612183	-65.7713482155
92.6863868989	-65.7724486971
92.6865125913	-65.773549183
92.6866382954	-65.774649673
92.6840849291	-65.775801785
92.6842105318	-65.7769022862
92.6843361461	-65.7780027917
92.6817823033	-65.7791548754
92.6819078161	-65.780255392
92.6792282103	-65.7803069172
92.6793536099	-65.7814074406
92.6767991535	-65.7825594473
92.674244447	-65.783711412
92.6715644309	-65.7837627905
92.6716894904	-65.7848633346
92.6690093374	-65.7849146643
92.6691342835	-65.7860152153
92.6664539938	-65.7860664961
92.6665788264	-65.787167054
92.6667036707	-65.788267616
92.6640231191	-65.7883188506
92.6641478499	-65.7894194195
92.6614671615	-65.7894706052
92.6615917788	-65.790571181
92.6590354574	-65.7917229005
92.659159973	-65.7928234874
92.6566032877	-65.7939751716
92.6539220635	-65.7940262132
92.6540463519	-65.7951268138
92.651364991	-65.7951778065
92.6514891658	-65.796278414
92.648807668	-65.7963293577
92.6489317292	-65.797429972
92.6462500946	-65.7974808669
92.6435684483	-65.7975317103
92.6436922706	-65.798632334
92.6410104875	-65.7986831284
92.6384522763	-65.7998345045
92.6358938145	-65.8009858384
92.6332117461	-65.8010364835
92.6306528969	-65.8021877264
92.6279706802	-65.802238271
92.6252884519	-65.8022887641
92.6226062121	-65.8023392057
92.6227290784	-65.803439867
92.6200467019	-65.8034902596
92.6173643138	-65.8035406007
92.6146819142	-65.8035908903
92.6148044161	-65.8046915635
92.6121218797	-65.8047418041
92.6094393319	-65.8047919932
92.6067567726	-65.8048421307
92.6040742019	-65.8048922168
92.6039522014	-65.8037915333
92.6012697446	-65.8038415653
92.5985872764	-65.8038915458
92.5959047968	-65.8039414747
92.5932223058	-65.8039913521
92.5905398035	-65.8040411779
92.5878572897	-65.8040909523
92.5851747647	-65.8041406751
92.5824922282	-65.8041903464
92.5798096805	-65.8042399662
92.5771271214	-65.8042895344
92.5772478685	-65.8053902432
92.5745651728	-65.8054397624
92.5718824658	-65.8054892301
92.5691997475	-65.8055386463
92.5665170179	-65.8055880109
92.5638342771	-65.8056373241
92.5612715312	-65.8067873137
92.5585886425	-65.8068365262
92.5559057426	-65.8068856873
92.5532228314	-65.8069347968
92.5505399091	-65.8069838547
92.5479763661	-65.8081336059
92.545293296	-65.8081825633
92.5426102147	-65.8082314691
92.5399271223	-65.8082803234
92.5372440187	-65.8083291262
92.534560904	-65.8083778774
92.5318777782	-65.8084265771
92.5319964275	-65.809527341
92.5293131651	-65.8095759916
92.5266298916	-65.8096245907
92.5240648912	-65.8107739138
92.5213814702	-65.8108224123
92.52149964	-65.8119231946
92.5188160824	-65.811971644
92.5161325138	-65.8120200418
92.5162504437	-65.8131208333
92.5135667386	-65.813169182
92.5136845541	-65.8142699803
92.5110007125	-65.8143182799
92.5083168598	-65.814366528
92.5056329961	-65.8144147245
92.5030664461	-65.8155636817
92.5003824349	-65.8156117776
92.4976984128	-65.8156598219
92.4950143797	-65.8157078146
92.4923303356	-65.8157557558
92.4896462806	-65.8158036454
92.4869622147	-65.8158514834
92.4842781378	-65.8158992699
92.48159405	-65.8159470048
92.4789099514	-65.8159946882
92.4790261575	-65.8170955266
92.4763419224	-65.8171431609
92.4736576764	-65.8171907435
92.4737736424	-65.8182915911
92.47108926	-65.8183391246
92.4684048668	-65.8183866065
92.4685205926	-65.8194874632
92.465836063	-65.819534896
92.4631515226	-65.8195822772
92.4604669713	-65.8196296068
92.4577824093	-65.8196768849
92.4550978364	-65.8197241114
92.4549827384	-65.8186232427
92.4522982804	-65.8186704152
92.4496138115	-65.8187175361
92.4494989754	-65.8176166669
92.4468146213	-65.8176637339
92.4441302565	-65.8177107493
92.4440156821	-65.8166098796
92.4413314321	-65.816656841
92.4386471714	-65.8167037509
92.4385328588	-65.8156028807
92.4358487129	-65.8156497366
92.4331645562	-65.815696541
92.4332786177	-65.816797416
92.4305943249	-65.8168441712
92.4279100213	-65.8168908748
92.4280238425	-65.8179917588
92.4253394027	-65.8180384133
92.4226549523	-65.8180850161
92.4199704913	-65.8181315674
92.4172860197	-65.8181780671
92.4146015374	-65.8182245152
92.4119170445	-65.8182709118
92.409232541	-65.8183172568
92.4065480269	-65.8183635502
92.4064352102	-65.8172626473
92.4037508111	-65.8173088868
92.4010664015	-65.8173550747
92.3983819813	-65.8174012111
92.3956975505	-65.8174472958
92.3955852465	-65.8163463878
92.3929009308	-65.8163924187
92.3902166046	-65.816438398
92.3901045622	-65.8153374896
92.387420351	-65.815383415
92.3847361293	-65.8154292888
92.3846243485	-65.81432838
92.3819402419	-65.8143741999
92.3792561248	-65.8144199683
92.3791446054	-65.8133190591
92.3764606034	-65.8133647736
92.373776591	-65.8134104365
92.3709814358	-65.812355136
92.368297528	-65.8124006934
92.3656136099	-65.8124461993
92.3628189359	-65.8113907391
92.3601351224	-65.8114361396
92.3574512987	-65.8114814885
92.3547674645	-65.8115267859
92.3520836201	-65.8115720316
92.3493997653	-65.8116172259
92.3492896577	-65.8105163041
92.3466059181	-65.8105614445
92.3439221681	-65.8106065333
92.3412384079	-65.8106515705
92.3385546375	-65.8106965562
92.3384450421	-65.8095956296
92.3357613869	-65.8096405614
92.3330777214	-65.8096854417
92.3329683873	-65.8085845148
92.330284837	-65.8086293413
92.3301756387	-65.8075284164
92.3274922036	-65.807573189
92.327383141	-65.8064722661
92.3246998212	-65.8065169849
92.3245908942	-65.805416064
92.3219076897	-65.805460729
92.3217988983	-65.8043598101
92.319115809	-65.8044044213
92.3164327096	-65.8044489809
92.3163241793	-65.8033480618
92.3136411951	-65.8033925675
92.3109582008	-65.8034370218
92.3082751963	-65.8034814245
92.3054841633	-65.8024248518
92.302801264	-65.8024691492
92.3001183547	-65.802513395
92.3000105972	-65.8014124709
92.2973278031	-65.8014566629
92.294644999	-65.8015008034
92.2945375024	-65.8003998792
92.2918548137	-65.8004439659
92.2890648791	-65.7993870766
92.2863822956	-65.799431058
92.2862751954	-65.7983301356
92.2835927273	-65.7983740632
92.2808034097	-65.7973170167
92.2781210469	-65.797360839
92.2780143428	-65.7962599185
92.2753320954	-65.7963036871
92.2752255267	-65.7952027687
92.2725433947	-65.7952464835
92.2724369613	-65.7941455671
92.2697549447	-65.7941892282
92.2696486466	-65.7930883139
92.2669667454	-65.7931319212
92.2668605826	-65.792031009
92.2641787968	-65.7920745626
92.2613910988	-65.7910171523
92.2586036514	-65.7899596904
92.2558164547	-65.7889021768
92.2531350052	-65.7889455177
92.2530295086	-65.7878446116
92.2529240218	-65.7867437098
92.250242813	-65.7867869948
92.2501374614	-65.7856860951
92.247456368	-65.7857293264
92.2473511515	-65.7846284288
92.2472459448	-65.7835275355
92.2445650921	-65.7835707109
92.2444600205	-65.7824698197
92.2443549588	-65.7813689328
92.2416743467	-65.7814120523
92.24156942	-65.7803111675
92.2414645031	-65.779210287
92.2413595961	-65.7781094108
92.2412546988	-65.7770085389
92.2411498114	-65.7759076713
92.2410449337	-65.774806808
92.2409400659	-65.7737059489
92.2408352079	-65.7726050942
92.2407303597	-65.7715042438
92.2406255213	-65.7704033976
92.2405206927	-65.7693025558
92.2378414476	-65.7693455998
92.2377367539	-65.76824476
92.23763207	-65.7671439246
92.2375273958	-65.7660430935
92.2374227315	-65.7649422666
92.237318077	-65.7638414441
92.2372134322	-65.7627406259
92.2371087972	-65.7616398119
92.237004172	-65.7605390023
92.2343259175	-65.7605819773
92.2342214271	-65.7594811698
92.2341169464	-65.7583803666
92.2340124755	-65.7572795676
92.2339080144	-65.756178773
92.233803563	-65.7550779827
92.2336991215	-65.7539771966
92.2335946896	-65.7528764149
92.2334902676	-65.7517756375
92.2333858552	-65.7506748643
92.2360629853	-65.7506319089
92.2359584578	-65.7495311422
92.2358539401	-65.7484303799
92.2385308106	-65.7483873774
92.2384261778	-65.7472866215
92.2383215548	-65.7461858699
92.2382169416	-65.7450851226
92.2408934277	-65.7450420753
92.2407886994	-65.7439413345
92.2434650509	-65.7438982378
92.2433602076	-65.7427975035
92.2460364245	-65.7427543577
92.2459314662	-65.7416536299
92.2486075485	-65.7416104348
92.2485024752	-65.7405097135
92.2483974117	-65.7394089965
92.2510732346	-65.7393657544
92.2509680561	-65.7382650439
92.2508628875	-65.7371643376
92.2534331675	-65.7360203488
92.2532226298	-65.7338189622
92.2531173758	-65.7327182754
92.2557924306	-65.7326749437
92.2556870617	-65.7315742633
92.2555817026	-65.7304735873
92.2554763533	-65.7293729156
92.2581510243	-65.7293295391
92.2580455602	-65.7282288738
92.257940106	-65.7271282129
92.2606145178	-65.7270847894
92.2605089487	-65.725984135
92.2604033896	-65.7248834849
92.2629718683	-65.7237393708
92.2628662042	-65.7226387315
92.2655400979	-65.7225952141
92.2654343191	-65.7214945813
92.2653285502	-65.7203939528
92.2680021848	-65.7203503884
92.2706758095	-65.7203067728
92.2705698013	-65.719206153
