> -L"antarctic_islands_coastlines"
-20.530250804	-73.6571277284
-20.514294575	-73.6612182458
-20.515699257	-73.6622748363
-20.511945063	-73.6626701735
-20.508190684	-73.663065442
-20.505840353	-73.6645173058
-20.502085394	-73.6649124634
-20.503489598	-73.6659691475
-20.499734244	-73.6663642631
-20.50113842	-73.6674209672
-20.49738267	-73.6678160408
-20.498786818	-73.6688727647
-20.495030672	-73.6692677964
-20.496434793	-73.6703245402
-20.492678251	-73.6707195299
-20.488921525	-73.6711144506
-20.490325406	-73.6721712413
-20.486568283	-73.67256612
-20.487972136	-73.6736229306
-20.484214618	-73.6740177672
-20.485618444	-73.6750745977
-20.481860529	-73.6754693924
-20.483264326	-73.6765262428
-20.484668308	-73.6775830862
-20.480909785	-73.6779778657
-20.482313738	-73.679034729
-20.483717876	-73.6800915854
-20.485122198	-73.6811484348
-20.481362854	-73.681543226
-20.482767148	-73.6826000953
-20.484171626	-73.6836569576
-20.485576289	-73.6847138129
-20.486981136	-73.6857706612
-20.483220759	-73.6861654911
-20.484625578	-73.6872223593
-20.486030581	-73.6882792206
-20.487435769	-73.6893360748
-20.488841141	-73.6903929221
-20.490246698	-73.6914497623
-20.494008137	-73.6910547978
-20.495414091	-73.6921116041
-20.49682023	-73.6931684034
-20.498226553	-73.6942251957
-20.501988445	-73.6938300813
-20.503395165	-73.6948868396
-20.507157085	-73.6944916293
-20.508564202	-73.6955483537
-20.509971505	-73.696605071
-20.511378992	-73.6976617813
-20.515141364	-73.6972664211
-20.516549249	-73.6983230974
-20.520311649	-73.6979276412
-20.52171993	-73.6989842835
-20.523128397	-73.7000409188
-20.524537049	-73.701097547
-20.520774012	-73.7014930841
-20.522182637	-73.7025497323
-20.518419202	-73.7029452274
-20.519827799	-73.7040018955
-20.516063966	-73.7043973485
-20.517472536	-73.7054540365
-20.513708305	-73.7058494475
-20.515116847	-73.7069061555
-20.516525574	-73.7079628564
-20.517934486	-73.7090195503
-20.514169433	-73.7094149732
-20.515578317	-73.710471687
-20.516987386	-73.7115283939
-20.518396641	-73.7125850936
-20.519806081	-73.7136417863
-20.521215707	-73.714698472
-20.522625517	-73.7157551506
-20.526391848	-73.7153595658
-20.527802057	-73.7164162104
-20.529212451	-73.7174728479
-20.530623031	-73.7185294783
-20.532033796	-73.7195861017
-20.533444747	-73.720642718
-20.534855883	-73.7216993272
-20.531088275	-73.7220950742
-20.532499384	-73.7231517034
-20.533910679	-73.7242083255
-20.535322159	-73.7252649406
-20.536733825	-73.7263215486
-20.538145677	-73.7273781495
-20.534376818	-73.7277739625
-20.535788642	-73.7288305834
-20.537200652	-73.7298871972
-20.538612848	-73.7309438039
-20.540025229	-73.7320004036
-20.541437797	-73.7330569962
-20.54285055	-73.7341135817
-20.544263489	-73.7351701601
-20.545676615	-73.7362267314
-20.541905864	-73.7366226916
-20.543318962	-73.7376792829
-20.544732246	-73.7387358671
-20.546145716	-73.7397924442
-20.54237414	-73.7401884165
-20.543787582	-73.7412450136
-20.545201211	-73.7423016036
-20.541429022	-73.7426975608
-20.542842623	-73.7437541708
-20.544256411	-73.7448107737
-20.541897369	-73.7462633387
-20.543311315	-73.7473199545
-20.540951818	-73.7487725173
-20.542365924	-73.749829146
-20.543780215	-73.7508857675
-20.540005972	-73.7512817067
-20.541420236	-73.7523383482
-20.53905983	-73.7537909068
-20.535284786	-73.7541867616
-20.536698995	-73.7552434431
-20.532923552	-73.7556392558
-20.529147921	-73.7560349992
-20.530561889	-73.7570917278
-20.526785859	-73.7574874291
-20.528199799	-73.7585441776
-20.524423368	-73.7589398367
-20.525837281	-73.7599966052
-20.52206045	-73.7603922221
-20.523474335	-73.7614490106
-20.519697103	-73.7618445853
-20.521110961	-73.7629013938
-20.517333328	-73.7632969262
-20.518747158	-73.7643537547
-20.514969125	-73.7647492449
-20.516382927	-73.7658060935
-20.517796915	-73.7668629349
-20.514018267	-73.7672584099
-20.515432228	-73.7683152713
-20.511653179	-73.7687107041
-20.513067112	-73.7697675855
-20.509287662	-73.7701629761
-20.510701567	-73.7712198775
-20.511626452	-73.7783520894
-20.513041235	-73.7794089954
-20.509259508	-73.7798043945
-20.510674263	-73.7808613205
-20.512089204	-73.7819182394
-20.508306862	-73.7823136233
-20.509721775	-73.7833705622
-20.511136875	-73.784427494
-20.507353916	-73.7848228628
-20.508768988	-73.7858798146
-20.504985628	-73.786275141
-20.506400672	-73.7873321129
-20.50261691	-73.787727397
-20.504031926	-73.7887843888
-20.500247762	-73.7891796306
-20.496463411	-73.789574803
-20.497878184	-73.7906318419
-20.494093431	-73.7910269719
-20.495508176	-73.7920840309
-20.491723021	-73.7924791185
-20.493137737	-73.7935361975
-20.494552641	-73.7945932694
-20.495967732	-73.7956503342
-20.497383009	-73.7967073919
-20.498798474	-73.7977644425
-20.500214126	-73.798821486
-20.496427492	-73.7992166668
-20.497843116	-73.8002737303
-20.499258926	-73.8013307868
-20.500674924	-73.8023878361
-20.502091109	-73.8034448784
-20.498303428	-73.8038400982
-20.494515559	-73.8042352484
-20.4959315	-73.8052923378
-20.497347629	-73.8063494201
-20.498763945	-73.8074064953
-20.500180448	-73.8084635634
-20.501597139	-73.8095206244
-20.503014017	-73.8105776783
-20.504431083	-73.811634725
-20.505848336	-73.8126917647
-20.507265776	-73.8137487972
-20.511055585	-73.8133534027
-20.512473429	-73.814410401
-20.516263265	-73.8140149098
-20.517681512	-73.8150718738
-20.521471377	-73.8146762859
-20.525261054	-73.8142806285
-20.526679919	-73.815337531
-20.530469624	-73.8149417769
-20.534259141	-73.8145459532
-20.53804847	-73.81415006
-20.53946817	-73.8152068739
-20.543257527	-73.814810884
-20.54467763	-73.8158676635
-20.546097921	-73.8169244359
-20.549887521	-73.8165283221
-20.551308215	-73.8175850601
-20.552729097	-73.8186417909
-20.554150167	-73.8196985146
-20.555571425	-73.8207552312
-20.559361699	-73.820358939
-20.560783361	-73.8214156212
-20.56220521	-73.8224722961
-20.563627248	-73.823528964
-20.565049474	-73.8245856246
-20.566471889	-73.825642278
-20.567894491	-73.8266989243
-20.57168587	-73.8263023992
-20.573108876	-73.8273590111
-20.574532071	-73.8284156157
-20.575955454	-73.8294722132
-20.579747291	-73.8290755369
-20.581171078	-73.8301320999
-20.582595054	-73.8311886557
-20.584019218	-73.8322452043
-20.585443571	-73.8333017457
-20.586868112	-73.83435828
-20.588292842	-73.835414807
-20.58971776	-73.8364713268
-20.591142868	-73.8375278393
-20.587349306	-73.8379247338
-20.588774386	-73.8389812664
-20.590199655	-73.8400377919
-20.587830714	-73.8414912168
-20.589256145	-73.8425477551
-20.590681765	-73.8436042861
-20.586886746	-73.8440011778
-20.588312338	-73.8450577289
-20.589738119	-73.8461142729
-20.58594248	-73.8465111495
-20.587368234	-73.8475677135
-20.583107899	-73.8540411286
-20.584534139	-73.8550977312
-20.585960568	-73.8561543265
-20.587387186	-73.8572109146
-20.583588845	-73.8576077584
-20.585015436	-73.8586643666
-20.586442216	-73.8597209676
-20.587869186	-73.8607775613
-20.584070007	-73.8611744173
-20.585496949	-73.8622310311
-20.586924081	-73.8632876377
-20.583124279	-73.8636844787
-20.584551384	-73.8647411054
-20.585978678	-73.8657977248
-20.582178254	-73.8661945507
-20.583605521	-73.8672511902
-20.579804691	-73.8676479737
-20.581231931	-73.8687046333
-20.582659359	-73.8697612858
-20.578857907	-73.8701580541
-20.580285309	-73.8712147266
-20.5817129	-73.8722713919
-20.579338388	-73.8737248305
-20.580766142	-73.8747815087
-20.576963444	-73.8751782469
-20.57839117	-73.8762349451
-20.579819085	-73.8772916361
-20.576015764	-73.8776883592
-20.577443652	-73.8787450703
-20.57887173	-73.8798017741
-20.575067785	-73.8801984821
-20.576495835	-73.881255206
-20.577924075	-73.8823119228
-20.574119507	-73.8827086156
-20.57554772	-73.8837653524
-20.576976122	-73.884822082
-20.578404714	-73.8858788044
-20.574599305	-73.8862755095
-20.57602787	-73.8873322519
-20.577456624	-73.8883889871
-20.578885569	-73.8894457151
-20.580314703	-73.8905024359
-20.576508235	-73.8908991805
-20.577937342	-73.8919559213
-20.579366639	-73.8930126549
-20.580796125	-73.8940693813
-20.582225802	-73.8951261004
-20.578418275	-73.8955228846
-20.579847924	-73.8965796238
-20.581277764	-73.8976363558
-20.582707793	-73.8986930805
-20.584138012	-73.899749798
-20.585568422	-73.9008065082
-20.586999022	-73.9018632111
-20.588429812	-73.9029199068
-20.589860792	-73.9039765952
-20.591291963	-73.9050332764
-20.592723324	-73.9060899503
-20.588913432	-73.9064869384
-20.590344766	-73.9075436324
-20.59177629	-73.9086003191
-20.587965773	-73.9089972922
-20.58939727	-73.910053999
-20.590828957	-73.9111106986
-20.592260835	-73.912167391
-20.593692903	-73.913224076
-20.595125162	-73.9142807538
-20.596557611	-73.9153374243
-20.592745597	-73.9157344918
-20.594178019	-73.9167911824
-20.595610632	-73.9178478658
-20.597043436	-73.9189045418
-20.593230577	-73.9193016217
-20.594663354	-73.9203583179
-20.596096321	-73.9214150068
-20.597529478	-73.9224716884
-20.593715776	-73.9228687806
-20.595148906	-73.9239254824
-20.596582227	-73.9249821768
-20.59801574	-73.926038864
-20.594201192	-73.9264359685
-20.595634677	-73.9274926758
-20.597068353	-73.9285493759
-20.595172679	-73.9335704314
-20.596606874	-73.9346271498
-20.598041259	-73.935683861
-20.594224392	-73.936080975
-20.595658751	-73.9371377063
-20.5970933	-73.9381944303
-20.59852804	-73.939251147
-20.599962972	-73.9403078564
-20.601398095	-73.9413645585
-20.602833409	-73.9424212533
-20.604268915	-73.9434779408
-20.605704612	-73.944534621
-20.601885806	-73.9449318846
-20.603321476	-73.9459885849
-20.604757337	-73.947045278
-20.600937903	-73.9474425265
-20.602373737	-73.9484992397
-20.603809762	-73.9495559455
-20.599989699	-73.9499531789
-20.601425698	-73.951009905
-20.602861887	-73.9520666237
-20.600477358	-73.9535205809
-20.601913712	-73.9545773124
-20.599528718	-73.9560312673
-20.600965236	-73.9570880117
-20.597143286	-73.9574851997
-20.598579777	-73.9585419643
-20.594757416	-73.9589391097
-20.596193879	-73.9599958944
-20.592371108	-73.9603929971
-20.593807544	-73.9614498021
-20.595244172	-73.9625065997
-20.591420771	-73.9629036872
-20.592857371	-73.963960505
-20.594294164	-73.9650173155
-20.590470132	-73.9654143879
-20.591906897	-73.9664712185
-20.593343854	-73.9675280418
-20.589519192	-73.967925099
-20.590956122	-73.9689819425
-20.592393243	-73.9700387787
-20.588567951	-73.9704358207
-20.590005044	-73.9714926771
-20.59144233	-73.9725495262
-20.587616407	-73.972946553
-20.589053665	-73.9740034222
-20.590491116	-73.9750602841
-20.591928758	-73.9761171387
-20.588101984	-73.9765141778
-20.589539599	-73.9775710526
-20.590977406	-73.97862792
-20.587150001	-73.979024944
-20.588587781	-73.9800818316
-20.590025752	-73.9811387119
-20.591463916	-73.9821955849
-20.58763566	-73.9825926211
-20.589073796	-73.9836495143
-20.590512125	-73.9847064001
-20.591950645	-73.9857632786
-20.588121538	-73.9861603272
-20.589560031	-73.9872172259
-20.590998717	-73.9882741172
-20.592437594	-73.9893310013
-20.593876664	-73.990387878
-20.595315927	-73.9914447473
-20.596755382	-73.9925016093
-20.598195029	-73.993558464
-20.599634869	-73.9946153113
-20.601074902	-73.9956721513
-20.602515127	-73.9967289839
-20.603955545	-73.9977858092
-20.605396155	-73.9988426271
-20.606836958	-73.9998994377
-20.608277954	-74.0009562409
-20.609719143	-74.0020130367
-20.611160524	-74.0030698252
-20.612602098	-74.0041266063
-20.614043866	-74.00518338
-20.615485826	-74.0062401464
-20.616927979	-74.0072969054
-20.618370325	-74.008353657
-20.619812864	-74.0094104012
-20.621255596	-74.0104671381
-20.622698521	-74.0115238676
-20.62414164	-74.0125805897
-20.63469836	-74.0138983554
-20.636142499	-74.0149550001
-20.637586831	-74.0160116374
-20.639031356	-74.0170682673
-20.640476075	-74.0181248898
-20.644311618	-74.0177268456
-20.645756751	-74.018783433
-20.647202077	-74.019840013
-20.651037867	-74.0194418432
-20.652483607	-74.0204983882
-20.653929541	-74.0215549257
-20.65009331	-74.0219531508
-20.651539217	-74.0230097086
-20.652985317	-74.024066259
-20.654431611	-74.0251228019
-20.650594526	-74.0255210396
-20.652040793	-74.0265776028
-20.649649533	-74.0280323812
-20.651095968	-74.0290889572
-20.647257833	-74.0294871371
-20.648704241	-74.0305437333
-20.650150842	-74.0316003221
-20.646312072	-74.031998487
-20.647758646	-74.033055096
-20.649205415	-74.0341116976
-20.646812751	-74.0355664692
-20.648259687	-74.0366230837
-20.649706816	-74.0376796907
-20.65115414	-74.0387362902
-20.650208444	-74.0412477124
-20.651656129	-74.0423043174
-20.649262448	-74.0437591452
-20.6507103	-74.044815763
-20.646868324	-74.0452139505
-20.648316149	-74.0462705885
-20.649764169	-74.0473272191
-20.645921557	-74.0477253915
-20.64736955	-74.0487820423
-20.643526522	-74.0491801719
-20.644974488	-74.050236843
-20.646422648	-74.0512935067
-20.647871002	-74.0523501629
-20.64931955	-74.0534068116
-20.650768293	-74.054463453
-20.65221723	-74.0555200868
-20.648372681	-74.0559183121
-20.649821592	-74.0569749663
-20.645976627	-74.0573731488
-20.64742551	-74.0584298232
-20.648874588	-74.0594864901
-20.646478037	-74.0609413447
-20.647927283	-74.0619980245
-20.649376723	-74.0630546968
-20.650826358	-74.0641113617
-20.652276187	-74.0651680191
-20.653726211	-74.0662246691
-20.65517643	-74.0672813116
-20.656626844	-74.0683379466
-20.658077452	-74.0693945742
-20.659528255	-74.0704511943
-20.660979254	-74.071507807
-20.662430447	-74.0725644121
-20.663881835	-74.0736210098
-20.665333418	-74.0746776001
-20.669182122	-74.0742790444
-20.670634122	-74.0753355994
-20.672086317	-74.0763921469
-20.673538707	-74.0774486869
-20.674991292	-74.0785052195
-20.676444073	-74.0795617445
-20.677897048	-74.0806182621
-20.679350219	-74.0816747721
-20.680803585	-74.0827312747
-20.682257147	-74.0837877697
-20.683710904	-74.0848442573
-20.685164856	-74.0859007374
-20.686619004	-74.0869572099
-20.682767637	-74.087356099
-20.684221759	-74.0884125918
-20.685676075	-74.0894690772
-20.687130588	-74.090525555
-20.688585296	-74.0915820253
-20.6900402	-74.0926384881
-20.686187527	-74.0930374456
-20.687642404	-74.0940939287
-20.689097477	-74.0951504043
-20.690552745	-74.0962068723
-20.686699211	-74.0966058425
-20.688154453	-74.0976623309
-20.6843005	-74.0980612583
-20.685755715	-74.099117767
-20.681901344	-74.0995166514
-20.683356533	-74.1005731804
-20.679501744	-74.100972022
-20.680956907	-74.1020285713
-20.682412265	-74.1030851131
-20.678556835	-74.1034839396
-20.680012167	-74.1045405017
-20.676156319	-74.1049392853
-20.677611624	-74.1059958677
-20.673755357	-74.1063946084
-20.675210635	-74.1074512111
-20.67135395	-74.1078499089
-20.672809202	-74.1089065319
-20.668952098	-74.1093051867
-20.670407323	-74.1103618301
-20.671862744	-74.1114184659
-20.673318361	-74.1124750942
-20.674774174	-74.113531715
-20.676230183	-74.1145883283
-20.677686388	-74.1156449341
-20.673827751	-74.1160436851
-20.67528393	-74.1171003112
-20.671424874	-74.1174990193
-20.672881026	-74.1185556657
-20.669021551	-74.1189543309
-20.670477676	-74.1200109976
-20.666617782	-74.1204096198
-20.664213567	-74.121864886
-20.665669638	-74.1229215934
-20.661808906	-74.1233201296
-20.66326495	-74.1243768573
-20.660417275	-74.1319128339
-20.661874023	-74.1329695925
-20.658010719	-74.133368068
-20.659467441	-74.134424847
-20.660924359	-74.1354816184
-20.657060411	-74.1358800788
-20.658517303	-74.1369368705
-20.65997439	-74.1379936548
-20.656109799	-74.1383920999
-20.657566859	-74.1394489045
-20.659024117	-74.1405057016
-20.655158882	-74.1409041315
-20.656616112	-74.1419609489
-20.652750456	-74.1423593358
-20.654207659	-74.1434161736
-20.655665059	-74.1444730038
-20.651798759	-74.1448713755
-20.653256131	-74.145928226
-20.650846757	-74.1473834256
-20.652304298	-74.1484402889
-20.653762037	-74.1494971448
-20.649894448	-74.149895486
-20.65135216	-74.1509523622
-20.648941835	-74.1524075569
-20.646531062	-74.1538627289
-20.647988915	-74.1549196382
-20.64411984	-74.1553178781
-20.645577667	-74.1563748078
-20.643165969	-74.1578299545
-20.644623965	-74.158886897
-20.640753823	-74.1592850785
-20.642211792	-74.1603420414
-20.643669958	-74.1613989967
-20.63979917	-74.1617971629
-20.641257309	-74.1628541386
-20.642715644	-74.1639111068
-20.63884421	-74.1643092577
-20.640302519	-74.1653662462
-20.641761024	-74.1664232272
-20.637888944	-74.1668213628
-20.639347422	-74.1678783642
-20.640806097	-74.1689353581
-20.636933371	-74.1693334784
-20.638392018	-74.1703904926
-20.63451887	-74.1707885697
-20.63597749	-74.1718456043
-20.63210392	-74.1722436382
-20.633562513	-74.1733006932
-20.631147086	-74.1747557592
-20.632605848	-74.175812827
-20.628731209	-74.1762108023
-20.630189944	-74.1772678905
-20.631648876	-74.1783249711
-20.62777359	-74.1787229312
-20.629232494	-74.1797800322
-20.625356785	-74.180177949
-20.626815662	-74.1812350704
-20.622939531	-74.1816329439
-20.619063203	-74.1820307463
-20.620521827	-74.183087916
-20.616645076	-74.1834856751
-20.618103672	-74.1845428651
-20.619562466	-74.1856000476
-20.615685067	-74.1859977914
-20.617143833	-74.1870549942
-20.618602796	-74.1881121896
-20.614724749	-74.188509918
-20.616183685	-74.1895671337
-20.617642817	-74.1906243419
-20.613764122	-74.1910220549
-20.615223227	-74.1920792834
-20.61668253	-74.1931365045
-20.612803187	-74.1935342021
-20.614262461	-74.1945914435
-20.615721934	-74.1956486774
-20.611841941	-74.1960463596
-20.613301386	-74.1971036139
-20.60942097	-74.1975012528
-20.610880387	-74.1985585274
-20.612340001	-74.1996157946
-20.608458937	-74.200013418
-20.609918523	-74.2010707055
-20.606037035	-74.2014682856
-20.607496593	-74.2025255936
-20.603614681	-74.2029231303
-20.605074212	-74.2039804586
-20.601191876	-74.204377952
-20.602651378	-74.2054353007
-20.600228093	-74.2068901198
-20.601687765	-74.2079474814
-20.597804356	-74.2083449159
-20.599264	-74.2094022979
-20.596839783	-74.2108570914
-20.598299596	-74.2119144862
-20.594415113	-74.2123118619
-20.595874899	-74.2133692771
-20.591989991	-74.2137666094
-20.593449748	-74.214824045
-20.589564417	-74.2152213339
-20.591024146	-74.2162787899
-20.58713839	-74.2166760353
-20.58859809	-74.2177335117
-20.58471191	-74.2181307138
-20.586171582	-74.2191882106
-20.582284978	-74.2195853691
-20.583744621	-74.2206428863
-20.579857592	-74.2210400014
-20.581317207	-74.222097539
-20.577429754	-74.2224946107
-20.57888934	-74.2235521687
-20.575001462	-74.2239491968
-20.571113386	-74.2243461536
-20.572572717	-74.2254037599
-20.568684216	-74.2258006732
-20.570143519	-74.2268582999
-20.566254593	-74.2272551697
-20.566743204	-74.2308249707
-20.562853201	-74.2312217813
-20.558963	-74.2316185205
-20.560422188	-74.2326762289
-20.556531562	-74.2330729245
-20.554099669	-74.2345273054
-20.55020842	-74.234923886
-20.551667322	-74.2359816631
-20.547775647	-74.2363782002
-20.545342421	-74.2378324912
-20.546801265	-74.2388903091
-20.54290874	-74.239286759
-20.544367555	-74.2403445973
-20.54193339	-74.2417988623
-20.543392375	-74.2428567136
-20.539498771	-74.2432531042
-20.540957726	-74.2443109758
-20.54241688	-74.24536884
-20.538522622	-74.2457652149
-20.539981747	-74.2468230995
-20.537546159	-74.2482773357
-20.539005453	-74.2493352332
-20.535110116	-74.2497315488
-20.53656938	-74.2507894667
-20.532673617	-74.2511857386
-20.534132852	-74.2522436769
-20.530236663	-74.2526399052
-20.531695869	-74.2536978639
-20.527799253	-74.2540940485
-20.529258429	-74.2551520277
-20.525361387	-74.2555481686
-20.522923066	-74.2570022655
-20.524382184	-74.2580602855
-20.520484289	-74.258456339
-20.521943377	-74.2595143795
-20.518045055	-74.2599103893
-20.519504114	-74.2609684502
-20.515605365	-74.2613644163
-20.511706419	-74.2617603108
-20.51316522	-74.26281842
-20.509265846	-74.2632142708
-20.510724617	-74.2642724004
-20.506824817	-74.2646682074
-20.502924818	-74.2650639428
-20.504383331	-74.2661221208
-20.500482905	-74.2665178123
-20.501941388	-74.2675760108
-20.498040535	-74.2679716586
-20.495597709	-74.2694254815
-20.49169623	-74.2698210138
-20.493154425	-74.270879281
-20.489252519	-74.2712747695
-20.490710684	-74.2723330572
-20.486808351	-74.2727285019
-20.488266486	-74.2737868099
-20.484363726	-74.2741822109
-20.485821831	-74.2752405394
-20.487280134	-74.2762988604
-20.483376717	-74.2766942454
-20.484834991	-74.2777525868
-20.480931147	-74.278147928
-20.477027104	-74.2785431974
-20.478485118	-74.2796015872
-20.474580647	-74.2799968127
-20.476038632	-74.281055223
-20.472133733	-74.2814504047
-20.468228636	-74.2818455145
-20.469686361	-74.2829039731
-20.465780836	-74.2832990391
-20.461875113	-74.2836940334
-20.463332578	-74.2847525403
-20.459426426	-74.2851474906
-20.460883861	-74.286206018
-20.456977281	-74.2866009244
-20.458434686	-74.2876594722
-20.454527678	-74.2880543347
-20.455985052	-74.2891129029
-20.457442624	-74.2901714637
-20.453534959	-74.2905663102
-20.4549925	-74.2916248914
-20.456450241	-74.2926834652
-20.452541918	-74.2930782956
-20.453999628	-74.2941368899
-20.450090877	-74.2945316763
-20.451548556	-74.295590291
-20.447639376	-74.2959850335
-20.449097025	-74.2970436686
-20.445187416	-74.2974383671
-20.446645034	-74.2984970227
-20.442734997	-74.2988916772
-20.438824761	-74.2992862599
-20.440282118	-74.3003449638
-20.436371453	-74.3007395024
-20.43782878	-74.3017982268
-20.433917686	-74.3021927215
-20.435374981	-74.3032514663
-20.436832476	-74.3043102037
-20.432920723	-74.3047046822
-20.434378186	-74.3057634401
-20.430466005	-74.3061578745
-20.431923437	-74.3072166529
-20.428010826	-74.3076110433
-20.429468228	-74.3086698421
-20.425555188	-74.3090641884
-20.427012558	-74.3101230077
-20.423099089	-74.31051731
-20.424556428	-74.3115761497
-20.420642529	-74.3119704079
-20.416728432	-74.3123645942
-20.418185509	-74.3134234823
-20.414270982	-74.3138176244
-20.415728028	-74.314876533
-20.411813072	-74.315270631
-20.413270087	-74.31632956
-20.4147273	-74.3173884816
-20.410811684	-74.3177825634
-20.412268866	-74.3188415054
-20.413726248	-74.31990044
-20.409809971	-74.3202945057
-20.411267321	-74.3213534607
-20.407350614	-74.3217474822
-20.408807933	-74.3228064578
-20.410265452	-74.3238654258
-20.406348084	-74.3242594311
-20.407805571	-74.3253184197
-20.403887773	-74.3257123808
-20.405345228	-74.3267713898
-20.401427001	-74.3271653068
-20.402884424	-74.3282243363
-20.398965766	-74.3286182091
-20.400423158	-74.3296772591
-20.40188075	-74.3307363016
-20.39796143	-74.3311301581
-20.39941899	-74.3321892212
-20.39549924	-74.3325830335
-20.396956768	-74.333642117
-20.398414496	-74.334701193
-20.394494085	-74.3350949891
-20.392030938	-74.3365478375
-20.388109896	-74.3369415172
-20.389567329	-74.3380006621
-20.391024962	-74.3390597996
-20.387103258	-74.339453463
-20.384638724	-74.3409062402
-20.386096293	-74.3419654187
-20.382173727	-74.3423589936
-20.383631264	-74.3434181925
-20.385089	-74.344477384
-20.381165772	-74.3448709426
-20.382623477	-74.3459301546
-20.384081381	-74.3469893592
-20.38015749	-74.3473829014
-20.381615362	-74.3484421265
-20.377691039	-74.3488356244
-20.37914888	-74.34989487
-20.375224125	-74.3502883236
-20.376681934	-74.3513475897
-20.378139942	-74.3524068483
-20.374214525	-74.3528002856
-20.375672501	-74.3538595647
-20.377130676	-74.3549188364
-20.376569872	-74.3610021321
-20.378028784	-74.3620614151
-20.379487895	-74.3631206906
-20.37701887	-74.3645734585
-20.378478149	-74.3656327471
-20.376008627	-74.3670855116
-20.377468074	-74.3681448133
-20.37353864	-74.3685382524
-20.374998055	-74.3695975745
-20.376457671	-74.3706568893
-20.377917487	-74.3717161965
-20.373987155	-74.3721096472
-20.375446939	-74.3731689749
-20.376906923	-74.3742282953
-20.372975926	-74.3746217295
-20.374435878	-74.3756810703
-20.37589603	-74.3767404038
-20.371964368	-74.3771338216
-20.373424488	-74.3781931755
-20.374884808	-74.3792525219
-20.372412768	-74.3807052903
-20.373873257	-74.3817646499
-20.375333946	-74.382824002
-20.37140072	-74.3832174149
-20.372861377	-74.3842767875
-20.374322234	-74.3853361526
-20.375783292	-74.3863955104
-20.371849167	-74.3867889348
-20.373310193	-74.387848313
-20.374771419	-74.3889076838
-20.376232846	-74.3899670472
-20.372297821	-74.3903604831
-20.373759216	-74.391419867
-20.375220812	-74.3924792434
-20.372746684	-74.3939320599
-20.374208448	-74.3949914493
-20.375670414	-74.3960508314
-20.371733821	-74.3964442624
-20.373195754	-74.397503665
-20.374657888	-74.3985630601
-20.370720629	-74.3989564747
-20.37218273	-74.4000158903
-20.373645033	-74.4010752985
-20.369707106	-74.4014686966
-20.371169376	-74.4025281253
-20.372631847	-74.4035875465
-20.370155692	-74.40504037
-20.371618332	-74.4060998043
-20.367679069	-74.4064931695
-20.369141676	-74.4075526243
-20.370604485	-74.4086120717
-20.366664554	-74.4090054204
-20.36812733	-74.4100648884
-20.365649709	-74.4115176811
-20.367112654	-74.4125771621
-20.3685758	-74.4136366356
-20.364634532	-74.4140299513
-20.366097646	-74.4150894454
-20.367560961	-74.416148932
-20.363619024	-74.4165422313
-20.365082307	-74.4176017384
-20.366545791	-74.4186612381
-20.362603185	-74.4190545209
-20.364066637	-74.4201140411
-20.360123595	-74.4205072793
-20.361587014	-74.4215668201
-20.363050635	-74.4226263534
-20.359106924	-74.4230195751
-20.360570511	-74.424079129
-20.362034301	-74.4251386754
-20.35808992	-74.4255318805
-20.359553677	-74.4265914475
-20.361017636	-74.427651007
-20.362481796	-74.428710559
-20.363946157	-74.4297701036
-20.365410721	-74.4308296406
-20.366875486	-74.4318891703
-20.368340453	-74.4329486924
-20.369805621	-74.434008207
-20.371270992	-74.4350677142
-20.372736564	-74.4361272138
-20.368789639	-74.4365206267
-20.370255179	-74.437580147
-20.371720921	-74.4386396597
-20.367773325	-74.4390330561
-20.369239034	-74.4400925894
-20.370704946	-74.4411521152
-20.372171059	-74.4422116335
-20.373637374	-74.4432711444
-20.369688638	-74.4436645804
-20.371154921	-74.4447241118
-20.372621406	-74.4457836357
-20.374088094	-74.4468431521
-20.375554983	-74.447902661
-20.377022075	-74.4489621624
-20.378489369	-74.4500216563
-20.379956865	-74.4510811427
-20.376006284	-74.4514747026
-20.377473748	-74.4525342096
-20.378941414	-74.453593709
-20.380409283	-74.454653201
-20.381877354	-74.4557126854
-20.383345628	-74.4567721623
-20.384814104	-74.4578316317
-20.380861911	-74.4582252875
-20.382330355	-74.4592847775
-20.383799001	-74.46034426
-20.379846135	-74.4607378992
-20.38131475	-74.4617974023
-20.382783566	-74.4628568978
-20.378830027	-74.4632505206
-20.380298812	-74.4643100367
-20.375327891	-74.4672162423
-20.379282542	-74.4668226807
-20.380751699	-74.4678822024
-20.382221059	-74.4689417166
-20.383690622	-74.4700012232
-20.387645775	-74.4696075045
-20.389115777	-74.4706669755
-20.390585981	-74.4717264389
-20.392056388	-74.4727858948
-20.393526999	-74.4738453432
-20.394997812	-74.474904784
-20.396468829	-74.4759642173
-20.397940049	-74.477023643
-20.399411472	-74.4780830612
-20.400883098	-74.4791424718
-20.402354927	-74.4802018749
-20.40382696	-74.4812612704
-20.405299196	-74.4823206583
-20.406771636	-74.4833800387
-20.408244279	-74.4844394115
-20.409717126	-74.4854987768
-20.411190176	-74.4865581345
-20.415148893	-74.4861638923
-20.416622383	-74.4872232143
-20.418096076	-74.4882825286
-20.422055061	-74.4878881572
-20.423529193	-74.4889474358
-20.425003529	-74.4900067068
-20.428962782	-74.4896122061
-20.430437558	-74.4906714413
-20.431912537	-74.4917306689
-20.435872057	-74.491336039
-20.437347476	-74.4923952307
-20.438823099	-74.4934544149
-20.440298926	-74.4945135914
-20.441774957	-74.4955727604
-20.443251191	-74.4966319217
-20.447211686	-74.4962370778
-20.448688361	-74.4972962032
-20.450165239	-74.4983553211
-20.454126001	-74.4979603478
-20.45560332	-74.4990194297
-20.459564114	-74.4986243553
-20.463524703	-74.498229208
-20.465002697	-74.4992882258
-20.468963317	-74.4988929774
-20.470441752	-74.4999519593
-20.474402404	-74.4995566098
-20.478362851	-74.4991611874
-20.482323093	-74.4987656922
-20.483802439	-74.4998245816
-20.487762713	-74.4994289852
-20.491722782	-74.4990333161
-20.495682647	-74.4986375741
-20.499642307	-74.4982417592
-20.501122799	-74.4993005277
-20.50508249	-74.4989046118
-20.509041976	-74.498508623
-20.513001257	-74.4981125615
-20.51448266	-74.4991712373
-20.518441972	-74.4987750747
-20.522401079	-74.4983788392
-20.526359982	-74.4979825309
-20.527842295	-74.4990411141
-20.531801228	-74.4986447047
-20.535759956	-74.4982482225
-20.537242944	-74.4993067412
-20.541201702	-74.4989101579
-20.545160256	-74.4985135018
-20.549118604	-74.498116773
-20.553076747	-74.4977199714
-20.554560881	-74.498778369
-20.558519054	-74.4983814662
-20.562477022	-74.4979844907
-20.567919828	-74.4986457472
-20.571877621	-74.4982485978
-20.575835208	-74.4978513757
-20.581278544	-74.4985122926
-20.585235956	-74.4981148966
-20.589193162	-74.4977174279
-20.593150163	-74.4973198864
-20.597106959	-74.4969222723
-20.601063549	-74.4965245854
-20.605019934	-74.4961268259
-20.608976113	-74.4957289936
-20.612932087	-74.4953310887
-20.616887856	-74.494933111
-20.620843419	-74.4945350607
-20.622331924	-74.4955929805
-20.626287516	-74.495194829
-20.630242902	-74.4947966049
-20.634198083	-74.4943983082
-20.638153058	-74.4939999387
-20.642107828	-74.4936014967
-20.646062392	-74.4932029819
-20.65001675	-74.4928043946
-20.653970903	-74.4924057346
-20.65792485	-74.492007002
-20.661878591	-74.4916081967
-20.665832126	-74.4912093188
-20.669785456	-74.4908103684
-20.673738579	-74.4904113453
-20.677691497	-74.4900122496
-20.676199714	-74.4889547284
-20.680152192	-74.4885555887
-20.684104465	-74.4881563763
-20.688056532	-74.4877570914
-20.689549016	-74.488814527
-20.69350111	-74.488415141
-20.697452999	-74.4880156824
-20.701404681	-74.4876161512
-20.702898072	-74.4886734934
-20.706849782	-74.4882738612
-20.710801286	-74.4878741564
-20.714752584	-74.487474379
-20.718703676	-74.4870745291
-20.722654562	-74.4866746067
-20.726605242	-74.4862746117
-20.730555715	-74.4858745442
-20.734505983	-74.4854744042
-20.733010724	-74.4844172903
-20.736960552	-74.4840171064
-20.740910173	-74.4836168499
-20.744859589	-74.4832165209
-20.748808798	-74.4828161194
-20.747312813	-74.4817591119
-20.751261583	-74.4813586665
-20.74976557	-74.4803016796
-20.753713901	-74.4799011903
-20.757662026	-74.4795006285
-20.761609944	-74.4790999943
-20.765557656	-74.4786992876
-20.769505162	-74.4782985085
-20.773452462	-74.4778976569
-20.771955258	-74.4768408335
-20.775902118	-74.4764399381
-20.779848772	-74.4760389703
-20.77835131	-74.4749821962
-20.782297525	-74.4745811845
-20.786243534	-74.4741801004
-20.790189336	-74.4737789438
-20.794134933	-74.4733777149
-20.798080323	-74.4729764136
-20.802025506	-74.4725750399
-20.805970483	-74.4721735938
-20.809915254	-74.4717720754
-20.813859819	-74.4713704845
-20.812360469	-74.4703139599
-20.816304595	-74.4699123253
-20.820248514	-74.4695106184
-20.818748907	-74.4684541431
-20.822692388	-74.4680523924
-20.821192755	-74.4669959378
-20.825135797	-74.4665941434
-20.829078633	-74.4661922767
-20.833021262	-74.4657903376
-20.831521139	-74.4647339609
-20.83546333	-74.4643319782
-20.833963182	-74.4632756221
-20.837904934	-74.4628735957
-20.84184648	-74.462471497
-20.840346075	-74.4614151902
-20.844287182	-74.4610130478
-20.848228084	-74.4606108331
-20.846727421	-74.4595545756
-20.850667884	-74.4591523174
-20.849167196	-74.4580960805
-20.853107221	-74.4576937786
-20.851606508	-74.4566375624
-20.855546095	-74.4562352168
-20.854045357	-74.4551790213
-20.852544825	-74.4541228178
-20.856483743	-74.4537204573
-20.854983186	-74.4526642744
-20.853482835	-74.4516080835
-20.857421084	-74.451205708
-20.855920707	-74.4501495378
-20.854420538	-74.4490933596
-20.858358117	-74.4486909692
-20.856857923	-74.4476348116
-20.855357934	-74.4465786461
-20.859294845	-74.4461762407
-20.857794831	-74.4451200958
-20.856295023	-74.444063943
-20.860231265	-74.4436615227
-20.864167302	-74.4432590301
-20.862667238	-74.4422029265
-20.86116738	-74.441146815
-20.865102748	-74.4407443075
-20.863602865	-74.4396882166
-20.867537796	-74.4392856656
-20.866037888	-74.4382295953
-20.864538186	-74.437173517
-20.866972723	-74.4357148935
-20.865473202	-74.4346588278
-20.863973887	-74.4336027542
-20.867907252	-74.433200202
-20.866407912	-74.4321441491
-20.864908778	-74.4310880881
-20.868841475	-74.430685521
-20.867342316	-74.4296294807
-20.865843363	-74.4285734324
-20.869775393	-74.4281708504
-20.868276415	-74.4271148228
-20.866777643	-74.4260587872
-20.865279076	-74.4250027436
-20.861347738	-74.4254052398
-20.859849607	-74.4243491596
-20.863780715	-74.423946692
-20.86228256	-74.4228906325
-20.86078461	-74.421834565
-20.859286865	-74.4207784895
-20.857789327	-74.4197224061
-20.861719307	-74.4193199807
-20.860221743	-74.4182639179
-20.862653699	-74.4168054069
-20.861156315	-74.4157493568
-20.865085194	-74.4153468731
-20.863587786	-74.4142908435
-20.867516228	-74.4138883163
-20.866018795	-74.4128323074
-20.864521567	-74.4117762906
-20.863024545	-74.4107202658
-20.866952092	-74.4103177523
-20.865455044	-74.409261748
-20.863958202	-74.4082057359
-20.867885084	-74.4078032075
-20.866388217	-74.4067472159
-20.864891555	-74.4056912164
-20.868817771	-74.4052886732
-20.867321085	-74.4042326943
-20.871246866	-74.4038301076
-20.869750155	-74.4027741493
-20.868253648	-74.4017181831
-20.872178765	-74.4013155815
-20.870682233	-74.4002596359
-20.869185907	-74.3992036823
-20.867689786	-74.3981477208
-20.871614008	-74.3977451329
-20.870117862	-74.396689192
-20.868621921	-74.3956332431
-20.867126185	-74.3945772863
-20.871049513	-74.3941747121
-20.869553752	-74.3931187759
-20.868058196	-74.3920628317
-20.866562845	-74.3910068796
-20.87048528	-74.3906043191
-20.868989904	-74.3895483876
-20.867494732	-74.3884924481
-20.865999765	-74.3874365007
-20.864505003	-74.3863805454
-20.863010445	-74.3853245821
-20.861516092	-74.3842686109
-20.860021944	-74.3832126317
-20.863942569	-74.3828101991
-20.862448395	-74.3817542405
-20.860954426	-74.380698274
-20.864874388	-74.3802958265
-20.863380394	-74.3792398806
-20.86431209	-74.3767255312
-20.868230956	-74.3763230255
-20.866737117	-74.3752671128
-20.865243482	-74.3742111922
-20.863750052	-74.3731552637
-20.867668026	-74.3727527716
-20.866174571	-74.3716968637
-20.86468132	-74.3706409478
-20.868598632	-74.370238441
-20.867105357	-74.3691825457
-20.865612285	-74.3681266425
-20.869528935	-74.3677241208
-20.868035839	-74.3666682382
-20.866542947	-74.3656123476
-20.870458936	-74.3652098111
-20.868966019	-74.3641539411
-20.867473307	-74.3630980632
-20.871388634	-74.3626955119
-20.869895896	-74.3616396546
-20.873810791	-74.36123706
-20.877725481	-74.3608343937
-20.876232491	-74.3597785854
-20.880146749	-74.3593758758
-20.884060802	-74.3589730944
-20.887974652	-74.3585702413
-20.88648118	-74.3575145106
-20.890394598	-74.3571116142
-20.894307811	-74.3567086461
-20.892814087	-74.3556529645
-20.891320566	-74.3545972749
-20.895233119	-74.3541942921
-20.893739574	-74.353138623
-20.897651695	-74.352735597
-20.896158126	-74.3516799485
-20.900069814	-74.3512768793
-20.898576221	-74.3502212514
-20.902487478	-74.349818139
-20.90099386	-74.3487625317
-20.904904685	-74.3483593761
-20.903411044	-74.3473037893
-20.901917606	-74.3462481945
-20.904334309	-74.3447894501
-20.902841051	-74.343733868
-20.901347997	-74.3426782779
-20.899855147	-74.34162268
-20.903764196	-74.341219552
-20.902271322	-74.3401639746
-20.900778651	-74.3391083892
-20.904687042	-74.3387052466
-20.903194347	-74.3376496818
-20.907102306	-74.337246496
-20.905609587	-74.3361909517
-20.909517115	-74.3357877228
-20.908024372	-74.3347321991
-20.906531833	-74.3336766675
-20.910438702	-74.3332734239
-20.908946139	-74.3322179128
-20.912852577	-74.3318146262
-20.91135999	-74.3307591356
-20.909867606	-74.3297036371
-20.913773386	-74.3293003358
-20.912280978	-74.3282448579
-20.910788774	-74.327189372
-20.914693896	-74.3267860561
-20.913201668	-74.3257305908
-20.911709643	-74.3246751175
-20.915614107	-74.324271787
-20.914122058	-74.3232163342
-20.912630213	-74.3221608736
-20.916534019	-74.3217575284
-20.91504215	-74.3207020883
-20.917453633	-74.3192432805
-20.915961943	-74.318187853
-20.919864662	-74.3177844502
-20.918372948	-74.3167290432
-20.916881438	-74.3156736283
-20.920783499	-74.3152702109
-20.919291965	-74.3142148165
-20.917800634	-74.3131594142
-20.916309507	-74.312104004
-20.920210684	-74.3117006005
-20.918719533	-74.3106452107
-20.917228584	-74.3095898131
-20.921129105	-74.309186395
-20.919638133	-74.3081310179
-20.923538224	-74.3077275568
-20.922047228	-74.3066722002
-20.92594689	-74.3062686961
-20.92445587	-74.30521336
-20.928355102	-74.3048098129
-20.926864059	-74.3037544974
-20.930762862	-74.3033509073
-20.929271795	-74.3022956123
-20.927780931	-74.3012403093
-20.931679078	-74.3008367047
-20.930188191	-74.2997814222
-20.928697506	-74.2987261319
-20.927207024	-74.2976708336
-20.925716745	-74.2966155274
-20.929613784	-74.2962119651
-20.928123481	-74.2951566794
-20.932020091	-74.2947530742
-20.930529765	-74.293697809
-20.934425945	-74.2932941608
-20.932935596	-74.2922389161
-20.936831348	-74.291835225
-20.935340975	-74.2907800008
-20.933850804	-74.2897247688
-20.937745901	-74.2893210631
-20.936255707	-74.2882658516
-20.934765716	-74.2872106321
-20.938660159	-74.2868069119
-20.937170144	-74.285751713
-20.935680332	-74.2846965061
-20.93957412	-74.2842927714
-20.938084284	-74.283237585
-20.941977644	-74.2828338075
-20.940487785	-74.2817786416
-20.944380717	-74.2813748212
-20.942890835	-74.2803196758
-20.946783338	-74.2799158125
-20.945293433	-74.2788606876
-20.949185508	-74.2784567814
-20.947695579	-74.277401677
-20.946205853	-74.2763465647
-20.950097274	-74.2759426441
-20.948607525	-74.2748875522
-20.947117978	-74.2738324525
-20.945628633	-74.2727773448
-20.949519176	-74.2723734382
-20.948029808	-74.271318351
-20.951919923	-74.2709144015
-20.952830805	-74.2684002963
-20.951341593	-74.2673452422
-20.949852583	-74.2662901802
-20.948363775	-74.2652351103
-20.952252359	-74.2648311603
-20.950763528	-74.2637761109
-20.949274899	-74.2627210535
-20.947786472	-74.2616659883
-20.946298247	-74.2606109151
-20.944810224	-74.259555834
-20.94869748	-74.2591519548
-20.947209434	-74.2580968942
-20.94572159	-74.2570418257
-20.944233948	-74.2559867493
-20.948120327	-74.2555828841
-20.946632661	-74.2545278281
-20.945145197	-74.2534727643
-20.949030925	-74.2530688847
-20.947543438	-74.2520138413
-20.951428739	-74.2516099189
-20.953826104	-74.2501509308
-20.957710776	-74.2497468944
-20.956223019	-74.2486919204
-20.958619484	-74.2472328877
-20.957131905	-74.2461779262
-20.955644527	-74.2451229569
-20.959527898	-74.2447188917
-20.958040498	-74.2436639428
-20.956553299	-74.242608986
-20.958948797	-74.2411499702
-20.957461777	-74.240095026
-20.961343846	-74.2396909321
-20.959856803	-74.2386360083
-20.958369961	-74.2375810767
-20.956883321	-74.2365261371
-20.960764516	-74.2361220572
-20.959277853	-74.2350671381
-20.957791391	-74.2340122111
-20.95630513	-74.2329572762
-20.960185451	-74.2325532104
-20.958699168	-74.2314982959
-20.962579063	-74.2310941874
-20.961092756	-74.2300392934
-20.959606651	-74.2289843915
-20.963485897	-74.2285802686
-20.961999769	-74.2275253872
-20.965878589	-74.2271212216
-20.969757209	-74.226716985
-20.968270834	-74.2256621524
-20.972149028	-74.2252578731
-20.97066263	-74.224203061
-20.973053979	-74.2227439473
-20.97156776	-74.2216891477
-20.97544488	-74.2212848115
-20.973958638	-74.2202300323
-20.972472598	-74.2191752452
-20.976349069	-74.2187708947
-20.974863006	-74.2177161281
-20.978739052	-74.217311735
-20.977252967	-74.2162569888
-20.97964248	-74.2147978273
-20.978156573	-74.2137430937
-20.982031546	-74.2133386437
-20.980545617	-74.2122839305
-20.984420166	-74.2118794379
-20.982934213	-74.2108247451
-20.981448462	-74.2097700445
-20.985322363	-74.2093655376
-20.983836589	-74.2083108574
-20.987710066	-74.207906308
-20.98622427	-74.2068516482
-20.984738675	-74.2057969805
-20.988611504	-74.2053924169
-20.987125886	-74.2043377696
-20.985640469	-74.2032831145
-20.989512651	-74.2028785366
-20.988027212	-74.2018239019
-20.991898971	-74.2014192815
-20.990413509	-74.2003646672
-20.994284843	-74.1999600042
-20.992799359	-74.1989054104
-20.99667027	-74.1985007048
-20.995184763	-74.1974461314
-20.999055251	-74.1970413834
-20.997569722	-74.1959868304
-21.001439785	-74.1955820398
-21.003823874	-74.1941226742
-21.002338301	-74.1930681621
-21.006207518	-74.1926632865
-21.004721923	-74.1916087949
-21.008590716	-74.1912038768
-21.007105099	-74.1901494055
-21.010973469	-74.189744445
-21.009487829	-74.1886899942
-21.00800239	-74.1876355354
-21.011870114	-74.1872305608
-21.010384654	-74.1861761225
-21.014251955	-74.1857711053
-21.012766472	-74.1847166874
-21.01663335	-74.1843116278
-21.0190143	-74.1828521283
-21.022880555	-74.1824469555
-21.021394806	-74.1813926068
-21.025260637	-74.1809873916
-21.029126269	-74.1805821056
-21.027640276	-74.1795278057
-21.031505484	-74.1791224773
-21.035370492	-74.1787170781
-21.033884255	-74.177662827
-21.032398219	-74.1766085678
-21.036262582	-74.1762031547
-21.034776524	-74.175148916
-21.038640464	-74.1747434604
-21.042504205	-74.1743379342
-21.041017903	-74.1732837442
-21.044881221	-74.1728781756
-21.048744338	-74.1724725363
-21.047257793	-74.1714183951
-21.051120488	-74.1710127135
-21.049633922	-74.1699585927
-21.052009607	-74.1684987684
-21.050523219	-74.1674446601
-21.054384848	-74.1670389222
-21.052898439	-74.1659848343
-21.056759646	-74.165579054
-21.060620653	-74.1651732031
-21.059134001	-74.164119164
-21.062994586	-74.1637132708
-21.065368076	-74.1622533166
-21.069228038	-74.1618473105
-21.071600663	-74.1603872922
-21.075460004	-74.1599811732
-21.073972846	-74.158927252
-21.077831764	-74.1585210907
-21.076344585	-74.1574671899
-21.080203083	-74.1570609865
-21.084061379	-74.1566547124
-21.082573958	-74.1556008604
-21.086431834	-74.1551945441
-21.084944392	-74.1541407125
-21.088801846	-74.153734354
-21.092659099	-74.153327925
-21.091171416	-74.1522741421
-21.095028248	-74.1518676709
-21.09888488	-74.1514611291
-21.102741311	-74.1510545168
-21.101253165	-74.150000811
-21.105109176	-74.1495941565
-21.103621009	-74.1485404712
-21.107476598	-74.1481337746
-21.105988411	-74.1470801096
-21.109843579	-74.1466733708
-21.113698547	-74.1462665616
-21.112210119	-74.1452129454
-21.116064666	-74.144806094
-21.118430343	-74.1433456047
-21.122284269	-74.1429386407
-21.124649084	-74.1414780875
-21.123160374	-74.1404245609
-21.127013459	-74.1400175127
-21.125524728	-74.1389640065
-21.129377392	-74.1385569162
-21.133229856	-74.1381497555
-21.135592928	-74.1366890953
-21.139444771	-74.136281822
-21.143296414	-74.1358744784
-21.141806982	-74.1348210981
-21.145658205	-74.1344137124
-21.149509227	-74.1340062563
-21.153360048	-74.1335987298
-21.151870157	-74.1325454267
-21.155720558	-74.1321378582
-21.15957076	-74.1317302193
-21.16342076	-74.13132251
-21.167270561	-74.1309147303
-21.171120161	-74.1305068802
-21.16962937	-74.1294537111
-21.173478551	-74.1290458191
-21.17732753	-74.1286378567
-21.18117631	-74.128229824
-21.185024889	-74.1278217209
-21.18353342	-74.1267686574
-21.187381579	-74.1263605124
-21.191229538	-74.1259522971
-21.189737829	-74.1248992824
-21.193585368	-74.1244910252
-21.197432707	-74.1240826976
-21.201279845	-74.1236742997
-21.205126782	-74.1232658316
-21.20897352	-74.1228572931
-21.212820056	-74.1224486843
-21.216666393	-74.1220400052
-21.220512529	-74.1216312559
-21.222864982	-74.1201696694
-21.226710498	-74.119760808
-21.230555813	-74.1193518763
-21.234400928	-74.1189428743
-21.232906989	-74.1178901848
-21.236751684	-74.117481141
-21.240596179	-74.117072027
-21.244440473	-74.1166628428
-21.248284567	-74.1162535883
-21.25212846	-74.1158442636
-21.250633626	-74.1147917083
-21.2544771	-74.1143823418
-21.258320373	-74.1139729052
-21.262163446	-74.1135633983
-21.266006318	-74.1131538212
-21.269848989	-74.112744174
-21.27369146	-74.1123344565
-21.27753373	-74.1119246689
-21.281375799	-74.1115148111
-21.283721067	-74.110052576
-21.287562516	-74.1096426064
-21.289906928	-74.1081803084
-21.293747758	-74.107770227
-21.297588387	-74.1073600754
-21.301428815	-74.1069498537
-21.305269043	-74.1065395618
-21.309109069	-74.1061291998
-21.312948895	-74.1057187677
-21.316788521	-74.1053082655
-21.320627945	-74.1048976932
-21.324467169	-74.1044870508
-21.328306192	-74.1040763383
-21.332145013	-74.1036655557
-21.33448438	-74.1022027789
-21.338322583	-74.1017918847
-21.342160584	-74.1013809204
-21.345998385	-74.1009698861
-21.349835984	-74.1005587817
-21.353673383	-74.1001476072
-21.35751058	-74.0997363627
-21.356010221	-74.0986846017
-21.359847	-74.0982733158
-21.363683578	-74.0978619597
-21.367519955	-74.0974505337
-21.366019143	-74.0963988502
-21.369855102	-74.0959873827
-21.373690859	-74.0955758452
-21.377526416	-74.0951642377
-21.381361772	-74.0947525602
-21.385196926	-74.0943408127
-21.38903188	-74.0939289952
-21.392866632	-74.0935171077
-21.396701184	-74.0931051503
-21.398203735	-74.0941566052
-21.402038302	-74.0937445491
-21.405872669	-74.0933324232
-21.409706834	-74.0929202272
-21.413540798	-74.0925079613
-21.417374561	-74.0920956255
-21.421208122	-74.0916832197
-21.425041483	-74.091270744
-21.428874642	-74.0908581983
-21.4327076	-74.0904455827
-21.436540356	-74.0900328972
-21.440372911	-74.0896201418
-21.444205265	-74.0892073165
-21.448037418	-74.0887944212
-21.451869369	-74.0883814561
-21.455701118	-74.0879684211
-21.459532667	-74.0875553162
-21.463364013	-74.0871421414
-21.467195159	-74.0867288967
-21.474856845	-74.0859021978
-21.480194692	-74.086539589
-21.484025247	-74.0861260362
-21.487855602	-74.0857124135
-21.489363542	-74.0867631934
-21.493193911	-74.0863494722
-21.497024078	-74.0859356812
-21.500854044	-74.0855218204
-21.502362834	-74.0865725059
-21.506192815	-74.0861585465
-21.510022593	-74.0857445173
-21.51385217	-74.0853304183
-21.517681545	-74.0849162495
-21.519191402	-74.0859668119
-21.523020792	-74.0855525446
-21.526849979	-74.0851382074
-21.52836047	-74.0861887041
-21.532189672	-74.0857742684
-21.536018672	-74.0853597629
-21.537529797	-74.0864101938
-21.541358811	-74.0859955898
-21.542870354	-74.0870459836
-21.546699382	-74.086631281
-21.550528208	-74.0862165088
-21.552040385	-74.0872668367
-21.555869225	-74.0868519659
-21.561210674	-74.0874872873
-21.565039325	-74.0870722482
-21.568867774	-74.0866571393
-21.570381219	-74.0877073355
-21.574209681	-74.087292128
-21.578037942	-74.0868768508
-21.581865999	-74.0864615038
-21.583380295	-74.0875116053
-21.587208366	-74.0870961598
-21.588723079	-74.0881462241
-21.592551164	-74.0877306801
-21.596379046	-74.0873150663
-21.601722288	-74.0879493523
-21.605549981	-74.0875335703
-21.609377471	-74.0871177185
-21.613204759	-74.086701797
-21.617031844	-74.0862858057
-21.620858726	-74.0858697447
-21.624685406	-74.0854536141
-21.626202465	-74.0865034023
-21.630029157	-74.0860871731
-21.631546634	-74.0871369241
-21.635373339	-74.0867205964
-21.639199842	-74.0863041989
-21.640717952	-74.0873538838
-21.644544467	-74.0869373879
-21.646062995	-74.0879870355
-21.649889523	-74.0875704409
-21.653715847	-74.0871537767
-21.657541969	-74.0867370429
-21.661367888	-74.0863202393
-21.66288748	-74.087369763
-21.666713411	-74.0869528609
-21.67053914	-74.0865358891
-21.674364665	-74.0861188477
-21.675885105	-74.0871682763
-21.679710643	-74.0867511364
-21.681231501	-74.0878005276
-21.68505705	-74.0873832891
-21.688882396	-74.086965981
-21.694229246	-74.0875978993
-21.698054401	-74.0871804229
-21.699576525	-74.0882296816
-21.703401692	-74.0878121067
-21.707226655	-74.0873944622
-21.708749413	-74.0884436546
-21.712574388	-74.0880259115
-21.714097564	-74.0890750664
-21.71792255	-74.0886572248
-21.719446144	-74.0897063423
-21.723271142	-74.0892884021
-21.724795154	-74.0903374821
-21.728620163	-74.0899194434
-21.733969614	-74.0905503486
-21.739319495	-74.0911811178
-21.743144323	-74.0907628123
-21.744669805	-74.0918117509
-21.748494644	-74.0913933468
-21.752319279	-74.0909748732
-21.75767004	-74.091605173
-21.761494483	-74.0911865312
-21.765318721	-74.0907678198
-21.766845684	-74.0918165964
-21.770669933	-74.0913977864
-21.774493979	-74.0909789068
-21.779845631	-74.0916086387
-21.783669482	-74.091189591
-21.785197711	-74.0922382344
-21.789021574	-74.0918190881
-21.792845232	-74.0913998722
-21.794374094	-74.0924484491
-21.798197762	-74.0920291346
-21.802021227	-74.0916097506
-21.803550721	-74.0926582608
-21.807374196	-74.0922387782
-21.808904109	-74.0932872508
-21.812727594	-74.0928676696
-21.81808142	-74.0934964248
-21.81961217	-74.094544822
-21.823435675	-74.0941250436
-21.824966844	-74.0951734032
-21.828790358	-74.0947535262
-21.830321946	-74.0958018481
-21.83414547	-74.0953818725
-21.835677476	-74.0964301567
-21.83950101	-74.0960100825
-21.844856979	-74.0966381562
-21.846389822	-74.0976863648
-21.850213375	-74.0972660935
-21.851746637	-74.0983142644
-21.8555702	-74.0978938944
-21.860927453	-74.098521559
-21.864750821	-74.0981010209
-21.866285135	-74.0991490871
-21.870108512	-74.0987284504
-21.871643244	-74.0997764789
-21.87546663	-74.0993557435
-21.879289811	-74.0989349386
-21.884648367	-74.0995619967
-21.888471353	-74.0991410236
-21.890007351	-74.1001889183
-21.893830345	-74.0997678466
-21.897653134	-74.0993467054
-21.899189765	-74.1003945331
-21.904549613	-74.1010210831
-21.906086868	-74.1020688641
-21.909909889	-74.1016474965
-21.911447563	-74.1026952397
-21.915270592	-74.1022737735
-21.916808685	-74.1033214787
-21.918346983	-74.1043691752
-21.922170235	-74.1039475812
-21.923708952	-74.1049952398
-21.927532212	-74.1045735471
-21.929071349	-74.1056211678
-21.932894617	-74.1051993764
-21.934434173	-74.1062469591
-21.935973934	-74.1072945331
-21.941337605	-74.1079201499
-21.942877991	-74.1089676771
-21.946701704	-74.10854563
-21.948242509	-74.1095931192
-21.94978352	-74.1106405997
-21.953607455	-74.1102184247
-21.955148885	-74.1112658672
-21.956690521	-74.1123133008
-21.958232364	-74.1133607257
-21.962056733	-74.1129383936
-21.963598995	-74.1139857804
-21.965141463	-74.1150331585
-21.968966054	-74.1146106983
-21.970508942	-74.1156580384
-21.974333541	-74.1152354795
-21.975876848	-74.1162827815
-21.979701455	-74.1158601239
-21.983525856	-74.1154373968
-21.98735005	-74.1150146002
-21.988894205	-74.1160618056
-21.992718407	-74.1156389103
-21.998087191	-74.1162630836
-22.001911194	-74.1158400201
-22.005734991	-74.1154168871
-22.007280412	-74.1164639577
-22.011104216	-74.116040726
-22.014927814	-74.1156174249
-22.018751206	-74.1151940542
-22.020297474	-74.1162410282
-22.024120873	-74.1158175588
-22.027944065	-74.11539402
-22.031767051	-74.1149704118
-22.03558983	-74.1145467341
-22.034042709	-74.1134998774
-22.037865069	-74.1130761596
-22.036317941	-74.1120293233
-22.040139881	-74.1116055655
-22.038592747	-74.1105587496
-22.037045819	-74.1095119249
-22.040867126	-74.1090881562
-22.039320191	-74.1080413519
-22.037773463	-74.1069945387
-22.041594138	-74.1065707592
-22.040047402	-74.1055239665
-22.038500873	-74.1044771649
-22.03695455	-74.1034303544
-22.04077438	-74.1030065934
-22.039228051	-74.1019598033
-22.037681927	-74.1009130044
-22.03613601	-74.0998661966
-22.034590298	-74.0988193799
-22.033044793	-74.0977725544
-22.031499494	-74.09672572
-22.0299544	-74.0956788767
-22.028409513	-74.0946320246
-22.026864831	-74.0935851636
-22.025320356	-74.0925382938
-22.023776086	-74.0914914152
-22.022232021	-74.0904445277
-22.020688163	-74.0893976314
-22.01914451	-74.0883507262
-22.017601063	-74.0873038122
-22.016057822	-74.0862568893
-22.014514786	-74.0852099577
-22.012971956	-74.0841630172
-22.009155955	-74.0845862515
-22.007613543	-74.0835392729
-22.006071336	-74.0824922855
-22.002255556	-74.0829153921
-22.000713767	-74.0818683667
-21.999172184	-74.0808213325
-21.995356624	-74.0812443113
-21.993815458	-74.080197239
-21.992274498	-74.079150158
-21.990733743	-74.0781030682
-21.989193193	-74.0770559695
-21.987652848	-74.0760088621
-21.986112708	-74.0749617459
-21.984572773	-74.0739146209
-21.979218979	-74.0732901631
-21.977679667	-74.0722429913
-21.976140559	-74.0711958108
-21.974601657	-74.0701486215
-21.97306296	-74.0691014234
-21.971524467	-74.0680542165
-21.969986179	-74.0670070009
-21.966173184	-74.0674294326
-21.964635314	-74.0663821791
-21.963097647	-74.0653349168
-21.961560186	-74.0642876457
-21.957747624	-74.0647099207
-21.95621058	-74.0636626118
-21.95467374	-74.0626152941
-21.950861398	-74.0630374416
-21.949324975	-74.061990086
-21.947788757	-74.0609427217
-21.943976635	-74.0613647417
-21.938628721	-74.0607392611
-21.937093336	-74.0596918211
-21.933281231	-74.0601136443
-21.931746263	-74.0590661664
-21.927934166	-74.0594878913
-21.926399615	-74.0584403756
-21.922587527	-74.0588620021
-21.921053392	-74.0578144486
-21.919519462	-74.0567668865
-21.915707594	-74.0571883855
-21.914174081	-74.0561407855
-21.910362222	-74.0565621862
-21.908829124	-74.0555145485
-21.907296231	-74.0544669021
-21.903484594	-74.0548881753
-21.901952117	-74.0538404911
-21.896608427	-74.0532139441
-21.895076571	-74.0521662135
-21.889733723	-74.0515394928
-21.888202487	-74.0504917158
-21.884391301	-74.0509126359
-21.88286048	-74.0498648213
-21.879049303	-74.0502856431
-21.877518899	-74.0492377907
-21.873707731	-74.0496585143
-21.872177744	-74.0486106242
-21.868366585	-74.0490312495
-21.866837013	-74.0479833217
-21.863025863	-74.0484038487
-21.85921451	-74.0488243063
-21.857685568	-74.0477763119
-21.853874224	-74.0481966713
-21.852345697	-74.0471486393
-21.848534363	-74.0475689003
-21.844722825	-74.0479890921
-21.843194927	-74.0469409935
-21.839383399	-74.0473610869
-21.834044398	-74.0467329459
-21.830232677	-74.0471528717
-21.828705824	-74.0461046689
-21.824894112	-74.0465244965
-21.821082197	-74.0469442547
-21.819555973	-74.0458959854
-21.815744068	-74.0463156454
-21.81421826	-74.0452673385
-21.810406364	-74.0456869002
-21.805069087	-74.0450580192
-21.803544112	-74.0440096373
-21.799732236	-74.0444290024
-21.795920158	-74.0448482982
-21.794395811	-74.0437998499
-21.790583743	-74.0442190474
-21.789059812	-74.0431705616
-21.785247755	-74.0435896608
-21.78372424	-74.0425411375
-21.779912192	-74.0429601385
-21.778389093	-74.0419115777
-21.774577056	-74.0423304804
-21.773054373	-74.0412818822
-21.769242347	-74.0417006867
-21.767720079	-74.040652051
-21.763908064	-74.0410707572
-21.760095845	-74.0414893941
-21.758574207	-74.0404406921
-21.754761999	-74.0408592307
-21.74942858	-74.0402289317
-21.745616181	-74.0406473027
-21.741803579	-74.0410656043
-21.740283199	-74.0400167698
-21.736470608	-74.0404349732
-21.732657816	-74.0408531072
-21.731138064	-74.0398042065
-21.727325283	-74.0402222422
-21.723512299	-74.0406402086
-21.719699113	-74.0410581055
-21.715885725	-74.0414759331
-21.714367029	-74.0404269085
-21.710553653	-74.0408446378
-21.709035373	-74.0397955759
-21.705222008	-74.0402132069
-21.703704143	-74.0391641077
-21.69989079	-74.0395816406
-21.698373341	-74.0385325041
-21.696856095	-74.0374833591
-21.693042966	-74.0379007649
-21.689229636	-74.0383181012
-21.687713018	-74.0372688902
-21.6838997	-74.0376861283
-21.682383498	-74.03663688
-21.678570191	-74.03705402
-21.677054405	-74.0360047344
-21.67324111	-74.0364217761
-21.669427613	-74.0368387484
-21.665613915	-74.0372556513
-21.661800015	-74.0376724847
-21.660285285	-74.0366230756
-21.656471397	-74.0370398108
-21.651143208	-74.0364070015
-21.64732913	-74.036823569
-21.645815446	-74.0357740568
-21.642001381	-74.0361905261
-21.640488111	-74.0351409767
-21.631347165	-74.0349240341
-21.629834727	-74.0338744105
-21.626020699	-74.0342905852
-21.624508676	-74.0332409244
-21.620694662	-74.0336570009
-21.615369052	-74.0330232813
-21.611554849	-74.0334391902
-21.61004387	-74.0323894264
-21.60622968	-74.0328052371
-21.602415289	-74.0332209783
-21.600904939	-74.0321711488
-21.597090561	-74.0325867918
-21.595580627	-74.0315369252
-21.591766261	-74.03195247
-21.587951696	-74.0323679454
-21.58644239	-74.0313180131
-21.582627838	-74.0317333902
-21.578813084	-74.0321486979
-21.577304408	-74.0310986999
-21.573489668	-74.0315139093
-21.56816668	-74.0308789856
-21.564351753	-74.0312940274
-21.560536624	-74.0317089997
-21.559029208	-74.0306588704
-21.555214093	-74.0310737445
-21.551398777	-74.0314885491
-21.54989199	-74.0304383542
-21.546076688	-74.0308530606
-21.544570316	-74.0298028287
-21.540755028	-74.0302174369
-21.539249071	-74.0291671681
-21.535433797	-74.0295816782
-21.533928255	-74.0285313725
-21.530112995	-74.0289457844
-21.528607868	-74.0278954417
-21.524792622	-74.0283097555
-21.52328791	-74.027259376
-21.519472678	-74.0276735916
-21.517968381	-74.0266231752
-21.51264928	-74.0259868393
-21.511145598	-74.0249363778
-21.50733061	-74.0253503685
-21.505827342	-74.0242998701
-21.502012368	-74.0247137627
-21.500509515	-74.0236632274
-21.496694555	-74.0240770219
-21.491377172	-74.0234401462
-21.487562027	-74.023853773
-21.486060218	-74.0228031355
-21.482245088	-74.0232166642
-21.478429757	-74.0236301234
-21.476928578	-74.0225794206
-21.471612497	-74.021942042
-21.470111933	-74.0208912942
-21.466296846	-74.0213045285
-21.464796696	-74.020253744
-21.460981625	-74.0206668802
-21.459481889	-74.0196160589
-21.455666833	-74.0200290971
-21.454167512	-74.018978239
-21.450352471	-74.0193911791
-21.448853564	-74.0183402843
-21.445038538	-74.0187531263
-21.443540046	-74.0177021948
-21.439725035	-74.0181149387
-21.435909825	-74.0185276131
-21.434411962	-74.0174766164
-21.430596767	-74.0178891927
-21.429099318	-74.0168381593
-21.425284139	-74.0172506375
-21.42146876	-74.0176630461
-21.419971941	-74.0166119476
-21.416156578	-74.0170242581
-21.414660173	-74.0159731229
-21.409348835	-74.0153341636
-21.407853043	-74.0142829837
-21.404037926	-74.0146950696
-21.402542549	-74.013643853
-21.401047371	-74.0125926283
-21.397232485	-74.0130045877
-21.39573772	-74.0119533264
-21.391922851	-74.0123651878
-21.3904285	-74.0113138899
-21.386613647	-74.0117256533
-21.385119711	-74.0106743188
-21.381304873	-74.0110859841
-21.379811351	-74.0100346131
-21.375996529	-74.0104461804
-21.374503421	-74.0093947729
-21.373010511	-74.0083433572
-21.369195921	-74.008754798
-21.367703425	-74.0077033458
-21.363888852	-74.0081146887
-21.36239677	-74.0070632
-21.358582212	-74.0074744448
-21.357090544	-74.0064229196
-21.353276003	-74.0068340664
-21.351784749	-74.0057825047
-21.347970225	-74.0061935535
-21.346479384	-74.0051419554
-21.342664876	-74.0055529062
-21.341174449	-74.0045012716
-21.337359958	-74.0049121244
-21.335869945	-74.0038604533
-21.332055471	-74.0042712082
-21.330565871	-74.0032195006
-21.32907647	-74.0021677851
-21.325262227	-74.0025784136
-21.323773239	-74.0015266616
-21.319959015	-74.0019371921
-21.31847044	-74.0008854037
-21.316982063	-73.9998336072
-21.313168071	-74.0002440115
-21.311680108	-73.9991921786
-21.307866132	-73.9996024849
-21.306378582	-73.9985506157
-21.301077487	-73.9979089184
-21.299590549	-73.9968570048
-21.295776823	-73.9972670869
-21.294290298	-73.9962151369
-21.29280397	-73.9951631789
-21.288990477	-73.9955731347
-21.287504563	-73.9945211404
-21.286018846	-73.993469138
-21.282205586	-73.9938789677
-21.280720282	-73.992826929
-21.279235177	-73.9917748823
-21.275422149	-73.9921845858
-21.273937456	-73.9911325028
-21.272452961	-73.9900804119
-21.268640166	-73.9904899891
-21.267156084	-73.9894378619
-21.265672199	-73.9883857267
-21.261859637	-73.9887951778
-21.260376165	-73.9877430063
-21.25889289	-73.9866908268
-21.255080562	-73.9871001518
-21.253597699	-73.9860479361
-21.252115034	-73.9849957124
-21.248302939	-73.9854049113
-21.246820687	-73.9843526514
-21.24300861	-73.9847617524
-21.24152677	-73.9837094563
-21.240045127	-73.9826571523
-21.236233283	-73.9830661272
-21.234752053	-73.982013787
-21.230940228	-73.9824226641
-21.22945941	-73.9813702877
-21.227978789	-73.9803179033
-21.224167197	-73.9807266543
-21.222686988	-73.9796742338
-21.221206977	-73.9786218054
-21.217395619	-73.9790304304
-21.215916019	-73.9779779658
-21.214436616	-73.9769254933
-21.210625492	-73.9773339923
-21.209146501	-73.9762814837
-21.207667707	-73.9752289671
-21.203856817	-73.9756373401
-21.202378435	-73.9745847875
-21.20090025	-73.9735322269
-21.197089593	-73.973940474
-21.19561182	-73.9728878773
-21.191801183	-73.9732960266
-21.190323821	-73.9722433939
-21.188846656	-73.9711907532
-21.185036253	-73.9715987766
-21.183559499	-73.9705460999
-21.182082943	-73.9694934154
-21.180606582	-73.9684407229
-21.172369371	-73.965690383
-21.170894011	-73.9646376309
-21.169418847	-73.9635848708
-21.167943879	-73.9625321029
-21.166469107	-73.9614793271
-21.164994531	-73.9604265435
-21.161186103	-73.9608341183
-21.159711939	-73.9597812986
-21.158237971	-73.9587284711
-21.156764198	-73.9576756358
-21.15295622	-73.9580830567
-21.151482858	-73.9570301854
-21.150009692	-73.9559773062
-21.146201949	-73.9563846014
-21.144729194	-73.9553316863
-21.143256635	-73.9542787633
-21.139449126	-73.9546859327
-21.137976978	-73.9536329739
-21.134169488	-73.9540400457
-21.132697751	-73.9529870509
-21.127418954	-73.9523409944
-21.125947823	-73.9512879559
-21.122140588	-73.9516948044
-21.120669868	-73.9506417301
-21.119199343	-73.9495886479
-21.115392343	-73.9499953707
-21.113922229	-73.9489422527
-21.11245231	-73.9478891268
-21.108645545	-73.948295724
-21.107176037	-73.9472425623
-21.103369292	-73.9476490619
-21.101900194	-73.9465958644
-21.100431291	-73.9455426591
-21.098962584	-73.9444894461
-21.097494071	-73.9434362252
-21.09221989	-73.9427892865
-21.090751983	-73.941736022
-21.089284271	-73.9406827498
-21.087816754	-73.9396294698
-21.086349431	-73.9385761821
-21.084882304	-73.9375228865
-21.083415372	-73.9364695832
-21.081948634	-73.9354162722
-21.085752992	-73.9350101782
-21.084286234	-73.9339568873
-21.082819671	-73.9329035887
-21.081353302	-73.9318502823
-21.079887128	-73.9307969681
-21.078421149	-73.9297436462
-21.076955365	-73.9286903165
-21.075489775	-73.927636979
-21.074024379	-73.9265836339
-21.070221741	-73.9269895041
-21.068756755	-73.9259361232
-21.067291963	-73.9248827346
-21.065827366	-73.9238293382
-21.06056099	-73.923181623
-21.059096996	-73.9221281832
-21.057633197	-73.9210747357
-21.056169592	-73.9200212804
-21.054706181	-73.9189678174
-21.053242964	-73.9179143467
-21.051779941	-73.9168608683
-21.050317113	-73.9158073821
-21.048854478	-73.9147538882
-21.047392037	-73.9137003866
-21.045929791	-73.9126468773
-21.044467738	-73.9115933603
-21.04300588	-73.9105398355
-21.041544215	-73.9094863031
-21.045343396	-73.9090809769
-21.04388171	-73.9080274646
-21.042420219	-73.9069739447
-21.040958921	-73.905920417
-21.039497816	-73.9048668816
-21.038036906	-73.9038133385
-21.036576189	-73.9027597877
-21.035115666	-73.9017062292
-21.033655336	-73.9006526631
-21.037452607	-73.9002474905
-21.035992257	-73.8991939445
-21.0345321	-73.8981403908
-21.038328749	-73.8977352045
-21.036868571	-73.896681671
-21.035408587	-73.8956281298
-21.039204613	-73.8952229298
-21.037744608	-73.8941694088
-21.036284797	-73.89311588
-21.034825178	-73.8920623436
-21.033365753	-73.8910087995
-21.031906521	-73.8899552477
-21.030447483	-73.8889016883
-21.028988638	-73.8878481211
-21.032782972	-73.8874430467
-21.031324106	-73.8863894997
-21.029865433	-73.885335945
-21.028406953	-73.8842823827
-21.032200452	-73.8838773224
-21.030741951	-73.8828237802
-21.029283643	-73.8817702304
-21.027825529	-73.8807166729
-21.026367608	-73.8796631077
-21.024909879	-73.8786095348
-21.023452344	-73.8775559543
-21.021995001	-73.8765023661
-21.020537851	-73.8754487702
-21.016746064	-73.875853608
-21.015289321	-73.8747999767
-21.013832771	-73.8737463377
-21.012376414	-73.8726926911
-21.010920249	-73.8716390368
-21.009464277	-73.8705853749
-21.013254995	-73.8701806762
-21.011799002	-73.8691270344
-21.010343201	-73.868073385
-21.014133299	-73.8676686725
-21.012677477	-73.8666150433
-21.012100218	-73.863049439
-21.010644953	-73.8619958069
-21.014433597	-73.8615910948
-21.012978311	-73.8605374829
-21.011523217	-73.8594838633
-21.010068316	-73.8584302361
-21.013856127	-73.858025538
-21.012401205	-73.856971931
-21.010946474	-73.8559183163
-21.014733666	-73.8555136044
-21.013278915	-73.8544600099
-21.011824356	-73.8534064077
-21.015610929	-73.8530016821
-21.014156349	-73.8519481001
-21.012701961	-73.8508945104
-21.015033507	-73.8494362016
-21.01357929	-73.8483826244
-21.012125266	-73.8473290396
-21.015910389	-73.8469243143
-21.014456343	-73.8458707496
-21.013002489	-73.8448171773
-21.011548828	-73.8437635974
-21.015333119	-73.8433588862
-21.013879437	-73.8423053264
-21.012425946	-73.8412517589
-21.010972648	-73.8401981838
-21.014756108	-73.8397934867
-21.013302788	-73.8387399318
-21.011849661	-73.8376863692
-21.010396725	-73.836632799
-21.014179355	-73.8362281159
-21.012726398	-73.8351745658
-21.011273633	-73.8341210081
-21.009821059	-73.8330674428
-21.013602859	-73.8326627737
-21.012150264	-73.8316092285
-21.010697862	-73.8305556757
-21.009245651	-73.8295021153
-21.01302662	-73.8290974603
-21.011574388	-73.82804392
-21.010122348	-73.8269903721
-21.0086705	-73.8259368165
-21.007218843	-73.8248832534
-21.005767377	-73.8238296827
-21.004316103	-73.8227761043
-21.008095605	-73.8223715464
-21.00664431	-73.8213179882
-21.005193206	-73.8202644224
-21.003742294	-73.8192108489
-21.002291573	-73.8181572679
-21.004619292	-73.8166991908
-21.003168741	-73.8156456223
-21.001718381	-73.8145920462
-21.000268213	-73.8135384625
-21.004045633	-73.8131339879
-21.002595444	-73.8120804243
-21.001145446	-73.8110268531
-21.00347223	-73.8095688138
-21.002022402	-73.8085152551
-21.000572765	-73.8074616888
-21.004348741	-73.8070572146
-21.002899083	-73.8060036684
-21.001449616	-73.8049501146
-21.00000034	-73.8038965533
-21.002326192	-73.8024385517
-21.000877086	-73.8013850029
-20.999428171	-73.8003314465
-20.997979446	-73.7992778825
-20.996530913	-73.7982243109
-20.99508257	-73.7971707318
-20.993634418	-73.7961171451
-20.997407892	-73.7957128094
-20.995959719	-73.7946592427
-20.994511737	-73.7936056685
-20.998284596	-73.7932013191
-20.996836593	-73.792147765
-20.99538878	-73.7910942033
-20.993941158	-73.7900406341
-20.997713191	-73.7896362986
-20.996265548	-73.7885827495
-20.994818095	-73.7875291927
-20.993370833	-73.7864756284
-20.991923761	-73.7854220566
-20.995694757	-73.7850177627
-20.994247664	-73.7839642109
-20.992800762	-73.7829106516
-20.99135405	-73.7818570847
-20.989907528	-73.7808035102
-20.988461197	-73.7797499282
-20.987015056	-73.7786963387
-20.985569105	-73.7776427416
-20.98933843	-73.7772385721
-20.987892458	-73.776184995
-20.986446677	-73.7751314105
-20.985001085	-73.7740778183
-20.983555684	-73.7730242187
-20.982110473	-73.7719706115
-20.980665451	-73.7709169968
-20.97922062	-73.7698633745
-20.974008346	-73.7692136934
-20.972564106	-73.7681600285
-20.971120056	-73.7671063561
-20.969676196	-73.7660526762
-20.968232526	-73.7649989887
-20.966789046	-73.7639452937
-20.963022279	-73.7643490357
-20.9615792	-73.7632953057
-20.960136311	-73.7622415681
-20.958693611	-73.761187823
-20.962459744	-73.7607841637
-20.961017022	-73.7597304386
-20.959574491	-73.7586767061
-20.958132148	-73.7576229661
-20.956689996	-73.7565692185
-20.960455095	-73.7561656005
-20.95901292	-73.755111873
-20.957570936	-73.754058138
-20.959893417	-73.7526007913
-20.9584516	-73.7515470688
-20.957009973	-73.7504933389
-20.955568535	-73.7494396014
-20.959331988	-73.749036011
-20.957890529	-73.7479822936
-20.956449259	-73.7469285687
-20.955008178	-73.7458748363
-20.953567286	-73.7448210964
-20.952126584	-73.743767349
-20.950686071	-73.7427135942
-20.949245747	-73.7416598318
-20.953007535	-73.7412563652
-20.951567189	-73.7402026229
-20.950127033	-73.7391488731
-20.948687065	-73.7380951158
-20.947247287	-73.7370413511
-20.945807697	-73.7359875789
-20.944368297	-73.7349337992
-20.942929085	-73.733880012
-20.941490063	-73.7328262174
-20.940051229	-73.7317724153
-20.938612584	-73.7307186058
-20.937174128	-73.7296647888
-20.93573586	-73.7286109643
-20.934297781	-73.7275571324
-20.932859891	-73.726503293
-20.93142219	-73.7254494462
-20.929984677	-73.7243955919
-20.926226259	-73.7247986188
-20.924789145	-73.7237447296
-20.92335222	-73.722690833
-20.927110217	-73.722287861
-20.92567327	-73.7212339844
-20.924236511	-73.7201801003
-20.922799941	-73.7191262088
-20.925120527	-73.7176693789
-20.923684123	-73.7166155
-20.920260446	-73.7109431589
-20.918824961	-73.7098892628
-20.92258008	-73.7094863864
-20.921144574	-73.7084325104
-20.919709255	-73.7073786269
-20.923463766	-73.7069757367
-20.922028426	-73.7059218732
-20.920593274	-73.7048680023
-20.924347177	-73.7044650983
-20.922912002	-73.7034112473
-20.921477016	-73.702357389
-20.920042218	-73.7013035232
-20.918607608	-73.70024965
-20.917173186	-73.6991957694
-20.915738951	-73.6981418813
-20.914304905	-73.6970879859
-20.912871046	-73.696034083
-20.911437375	-73.6949801728
-20.910003892	-73.6939262551
-20.908570597	-73.6928723301
-20.907137489	-73.6918183976
-20.905704569	-73.6907644577
-20.904271837	-73.6897105104
-20.902839292	-73.6886565558
-20.901406934	-73.6876025937
-20.899974765	-73.6865486243
-20.898542782	-73.6854946475
-20.897110987	-73.6844406633
-20.89567938	-73.6833866717
-20.89424796	-73.6823326727
-20.892816727	-73.6812786663
-20.891385681	-73.6802246526
-20.889954823	-73.6791706315
-20.888524152	-73.678116603
-20.887093668	-73.6770625671
-20.885663371	-73.6760085239
-20.884233262	-73.6749544733
-20.882803339	-73.6739004154
-20.881373604	-73.6728463501
-20.879944055	-73.6717922774
-20.878514694	-73.6707381974
-20.877085519	-73.66968411
-20.875656532	-73.6686300153
-20.874227731	-73.6675759132
-20.877974108	-73.6671738983
-20.876545285	-73.6661198162
-20.875116648	-73.6650657267
-20.873688199	-73.6640116299
-20.872259936	-73.6629575257
-20.876005289	-73.6625555515
-20.874577004	-73.6615014672
-20.873148905	-73.6604473757
-20.871720993	-73.6593932768
-20.870293268	-73.6583391706
-20.868865729	-73.657285057
-20.867438377	-73.6562309361
-20.866011211	-73.6551768078
-20.864584232	-73.6541226723
-20.860840552	-73.6545244282
-20.859413969	-73.6534702581
-20.857987571	-73.6524160806
-20.854244123	-73.6528177135
-20.852818121	-73.6517635014
-20.851392306	-73.6507092821
-20.849966677	-73.6496550554
-20.84622367	-73.650056538
-20.844798436	-73.6490022768
-20.843373388	-73.6479480082
-20.83820596	-73.6472950649
-20.836781494	-73.6462407545
-20.835357214	-73.6451864368
-20.83161488	-73.6455876463
-20.830190995	-73.6445332941
-20.826448684	-73.6449344079
-20.825025193	-73.6438800212
-20.823601889	-73.6428256272
-20.81985981	-73.6432266182
-20.818436901	-73.6421721897
-20.814694845	-73.6425730849
-20.813272331	-73.641518622
-20.809530298	-73.6419194216
-20.808108179	-73.6408649241
-20.806686245	-73.6398104195
-20.802944445	-73.6402110962
-20.801522906	-73.639156557
-20.800101553	-73.6381020106
-20.796359985	-73.6385025645
-20.794939027	-73.6374479837
-20.793518253	-73.6363933956
-20.789776919	-73.6367938267
-20.78835654	-73.6357392042
-20.784615229	-73.6361395396
-20.783195245	-73.6350848827
-20.781775446	-73.6340302186
-20.778034368	-73.6344304312
-20.776614964	-73.6333757327
-20.772873909	-73.6337758497
-20.771454899	-73.6327211169
-20.770036075	-73.6316663768
-20.766295253	-73.632066371
-20.764876823	-73.6310115966
-20.763458579	-73.6299568149
-20.75971799	-73.6303566864
-20.75830014	-73.6293018704
-20.754559575	-73.6297016464
-20.750818825	-73.6301013538
-20.749401578	-73.6290464764
-20.745660852	-73.6294460882
-20.744243999	-73.6283911764
-20.740503297	-73.6287906927
-20.739086839	-73.6277357467
-20.735346161	-73.6281351673
-20.731605299	-73.6285345195
-20.730189444	-73.6274795121
-20.726448606	-73.6278787686
-20.722707583	-73.6282779567
-20.718966375	-73.6286770763
-20.717551333	-73.6276219805
-20.713810149	-73.6280210045
-20.712395501	-73.6269658744
-20.708654342	-73.6273648028
-20.707240088	-73.6263096385
-20.705826018	-73.6252544671
-20.702085094	-73.6256532729
-20.700671418	-73.6245980672
-20.696930519	-73.6249967775
-20.693189434	-73.6253954191
-20.691776362	-73.6243401523
-20.690363474	-73.6232848783
-20.686622624	-73.6236833974
-20.68521013	-73.6226280892
-20.681469305	-73.6230265127
-20.680057205	-73.6219711704
-20.676316405	-73.6223694984
-20.674904699	-73.6213141219
-20.673493177	-73.6202587383
-20.669752612	-73.6206569437
-20.668341483	-73.619601526
-20.664600943	-73.6199996359
-20.663190209	-73.618944184
-20.658039353	-73.6182867124
-20.654298863	-73.6186846313
-20.652888916	-73.6176291112
-20.651479153	-73.6165735841
-20.647738898	-73.6169713805
-20.646329528	-73.6159158192
-20.642589299	-73.6163135201
-20.638848886	-73.6167111524
-20.637440119	-73.6156555302
-20.636031536	-73.6145999008
-20.63977153	-73.6142023224
-20.638362922	-73.6131467129
-20.636954497	-73.6120910963
-20.640693889	-73.6116935033
-20.639285439	-73.6106379067
-20.637877172	-73.6095823029
-20.63646909	-73.6085266921
-20.635061191	-73.6074710742
-20.633653476	-73.6064154492
-20.632245944	-73.6053598171
-20.630838597	-73.604304178
-20.629431432	-73.6032485318
-20.628024452	-73.6021928785
-20.631761776	-73.6017954596
-20.630354769	-73.6007398262
-20.628947947	-73.5996841857
-20.627541307	-73.5986285382
-20.63127782	-73.5982311316
-20.629871155	-73.597175504
-20.628464674	-73.5961198693
-20.632200585	-73.5957224481
-20.630794077	-73.5946668332
-20.634529596	-73.5942693705
-20.633123063	-73.5932137755
-20.636858189	-73.5928162713
-20.635451631	-73.5917606962
-20.639186365	-73.5913631505
-20.642920915	-73.5909655363
-20.641514122	-73.589910008
-20.640107513	-73.5888544726
-20.638701087	-73.5877989302
-20.634967163	-73.5881964636
-20.631233056	-73.5885939285
-20.629827231	-73.5875383252
-20.626093149	-73.5879356948
-20.627498766	-73.588991325
-20.623764292	-73.5893886532
-20.620029635	-73.5897859129
-20.616294795	-73.5901831041
-20.612559772	-73.5905802269
-20.613964735	-73.5916359578
-20.61022932	-73.5920330391
-20.606493721	-73.5924300519
-20.602757939	-73.5928269963
-20.604162459	-73.5938828008
-20.600426285	-73.5942797036
-20.601830778	-73.5953355279
-20.598094211	-73.5957323892
-20.594357462	-73.5961291819
-20.590620529	-73.5965259062
-20.592024577	-73.5975818042
-20.588287252	-73.5979784869
-20.589691274	-73.5990344047
-20.585953556	-73.5994310458
-20.587357552	-73.6004869835
-20.583619442	-73.600883583
-20.581284908	-73.6023360984
-20.578949956	-73.603788592
-20.576614584	-73.6052410639
-20.578018475	-73.6062970811
-20.574278793	-73.6066935139
-20.575682657	-73.607749551
-20.571942582	-73.6081459422
-20.569605952	-73.6095983487
-20.565865301	-73.6099946297
-20.567268903	-73.6110507334
-20.563527858	-73.6114469726
-20.564931433	-73.6125030962
-20.561189996	-73.6128992938
-20.562593544	-73.6139554372
-20.560255235	-73.6154077564
-20.56165894	-73.6164639127
-20.563062828	-73.617520062
-20.559320184	-73.6179162299
-20.560724046	-73.6189723991
-20.562128091	-73.6200285612
-20.563532319	-73.6210847164
-20.559788861	-73.6214808964
-20.561193063	-73.6225370714
-20.562597449	-73.6235932394
-20.564002018	-73.6246494004
-20.560257745	-73.6250455924
-20.561662288	-73.6261017733
-20.563067014	-73.6271579471
-20.559322137	-73.6275541243
-20.560726836	-73.6286103181
-20.562131719	-73.6296665048
-20.563536786	-73.6307226845
-20.559791094	-73.6311188737
-20.561196134	-73.6321750733
-20.562601358	-73.6332312659
-20.560260259	-73.6346836527
-20.56166564	-73.6357398581
-20.557918739	-73.6361360177
-20.559324093	-73.637192243
-20.560729631	-73.6382484613
-20.556982125	-73.638644606
-20.558387636	-73.6397008442
-20.554639735	-73.6400969471
-20.55604522	-73.6411532051
-20.557450888	-73.6422094562
-20.553702382	-73.6426055442
-20.555108023	-73.6436618151
-20.551359123	-73.6440578613
-20.552764737	-73.6451141522
-20.549015442	-73.6455101566
-20.55042103	-73.6465664673
-20.54667134	-73.6469624299
-20.5480769	-73.6480187605
-20.549482645	-73.6490750841
-20.545732349	-73.6494710318
-20.547138066	-73.6505273753
-20.543387375	-73.6509232811
-20.544793066	-73.6519796445
-20.54104198	-73.6523755085
-20.538696162	-73.6538277139
-20.534944497	-73.6542234672
-20.536349922	-73.6552798974
-20.532597862	-73.6556756088
-20.53400326	-73.6567320588
-20.530250804	-73.6571277284
