> -L"antarctic_islands_coastlines"
1.4480329608	-70.0991861699
1.45181075016	-70.1058603799
1.45189389096	-70.1069774726
1.45197704127	-70.1080945689
1.45206020111	-70.1092116688
1.45214337048	-70.1103287724
1.45222654937	-70.1114458796
1.45550774863	-70.1114175271
1.45559112485	-70.1125346362
1.45567451061	-70.113651749
1.45575790593	-70.1147688654
1.4558413108	-70.1158859854
1.45592472522	-70.117003109
1.45600814921	-70.1181202363
1.45609158275	-70.1192373672
1.45937408748	-70.1192089387
1.45945771853	-70.1203260716
1.45954135916	-70.121443208
1.45625847852	-70.1214716399
1.45634194075	-70.1225887817
1.45642541254	-70.1237059272
1.4565088939	-70.1248230763
1.45659238483	-70.125940229
1.45667588533	-70.1270573853
1.4567593954	-70.1281745453
1.45684291505	-70.1292917089
1.46012711206	-70.1292632649
1.46021082942	-70.1303804304
1.46029455638	-70.1314975995
1.46037829294	-70.1326147723
1.4604620391	-70.1337319487
1.46054579486	-70.1348491287
1.46062956023	-70.1359663123
1.46071333521	-70.1370834996
1.46079711979	-70.1382006905
1.46088091399	-70.1393178851
1.46096471779	-70.1404350832
1.46104853121	-70.141552285
1.45776226348	-70.141580748
1.45784589814	-70.1426979551
1.45455943244	-70.1427263557
1.45464288829	-70.1438435682
1.45472635372	-70.1449607844
1.45480982873	-70.1460780041
1.45809685969	-70.1460495984
1.45818053274	-70.14716682
1.46146774256	-70.1471383484
1.46475494276	-70.1471098128
1.46483900238	-70.1482270346
1.46492307164	-70.14934426
1.46500715055	-70.1504614891
1.46171938484	-70.15049003
1.46180328485	-70.1516072644
1.45851532096	-70.1516357429
1.45859904203	-70.1527529827
1.45531087996	-70.1527813988
1.4520227083	-70.1528097508
1.45210606179	-70.1539269977
1.44881769197	-70.1539552873
1.44890086641	-70.1550725395
1.44561229842	-70.1551007667
1.44569529377	-70.1562180242
1.4424065276	-70.156246189
1.44248934381	-70.1573634519
1.43920037948	-70.1573915542
1.43928301651	-70.1585088224
1.435993854	-70.1585368623
1.4360763118	-70.1596541359
1.43615877908	-70.1607714131
1.43286922965	-70.1607993922
1.43295151764	-70.1619166747
1.43303381508	-70.1630339609
1.43311612197	-70.1641512506
1.43319843832	-70.165268544
1.43328076412	-70.166385841
1.43336309937	-70.1675031416
1.43344544408	-70.1686204459
1.43352779826	-70.1697377537
1.43023672871	-70.1697656823
1.43031890341	-70.1708829955
1.43040108755	-70.1720003123
1.42710963068	-70.1720281801
1.42719163529	-70.1731455023
1.42727364932	-70.174262828
1.42398180504	-70.174290635
1.42406363948	-70.1754079661
1.42414548332	-70.1765253008
1.42085325157	-70.176553047
1.42093491575	-70.177670387
1.42101658931	-70.1787877306
1.42109827227	-70.1799050779
1.42117996461	-70.1810224288
1.41788696707	-70.1810501175
1.41796847965	-70.1821674737
1.4180500016	-70.1832848335
1.41813153292	-70.1844021969
1.41821307362	-70.185519564
1.41491930995	-70.1855471952
1.41500067078	-70.1866645675
1.41508204096	-70.1877819435
1.41186907968	-70.1889268951
1.41195027927	-70.19004428
1.40873675939	-70.1911891797
1.4088177883	-70.1923065735
1.40552286082	-70.192334022
1.40560370968	-70.1934514211
1.40568456783	-70.1945688238
1.40576543528	-70.1956862302
1.4024699303	-70.1957136194
1.40255061761	-70.1968310311
1.4026313142	-70.1979484464
1.40271202008	-70.1990658653
1.39949646306	-70.2002106194
1.39957699797	-70.2013280472
1.39636088161	-70.2024727493
1.39644124549	-70.203590186
1.39652161861	-70.2047076263
1.39322456963	-70.204734836
1.39330476238	-70.2058522816
1.39338496436	-70.2069697308
1.39016754842	-70.2081143339
1.39024757917	-70.2092317921
1.39040766832	-70.2114667192
1.39048772672	-70.2125841881
1.38718933145	-70.2126112807
1.38726920928	-70.213728755
1.38397061503	-70.2137557849
1.38405031226	-70.2148732644
1.38075151903	-70.2149002316
1.38083103561	-70.2160177164
1.37761137928	-70.2171621109
1.37439134322	-70.218306448
1.37447050749	-70.2194239469
1.37117092739	-70.2194507277
1.37124991086	-70.2205682318
1.37132890342	-70.2216857396
1.36802893436	-70.2217124592
1.36810774606	-70.2228299722
1.36818656683	-70.2239474889
1.36488620875	-70.2239741474
1.36496484859	-70.2250916693
1.36174275031	-70.2262357922
1.36182121822	-70.2273533229
1.35852027193	-70.2273798575
1.35859855881	-70.2284973935
1.3586768547	-70.2296149331
1.35537551921	-70.2296414065
1.35545363401	-70.2307589514
1.35223003304	-70.2319029121
1.35230797567	-70.2330204658
1.34900605175	-70.2330468153
1.3457816901	-70.2341906609
1.34585927027	-70.235308225
1.34255694803	-70.2353344489
1.3426343469	-70.2364520182
1.33940904304	-70.2375957538
1.33618335862	-70.2387394318
1.3329572936	-70.2398830522
1.32973084794	-70.2410266149
1.32642752986	-70.2410525246
1.32650402159	-70.24217012
1.3232768145	-70.2433135674
1.32004922663	-70.2444569571
1.32012536398	-70.2455745665
1.31682125792	-70.2456002891
1.31689721361	-70.2467179037
1.31697317805	-70.2478355219
1.31366868231	-70.2478611832
1.31374446502	-70.2489788066
1.31382025648	-70.2500964335
1.31059098064	-70.2512396657
1.31066659902	-70.2523573015
1.31074222612	-70.2534749408
1.30743676021	-70.2535004811
1.30751220544	-70.2546181256
1.30428180351	-70.2557612527
1.3043570755	-70.256878906
1.3011261103	-70.2580219805
1.30120120896	-70.2591396426
1.29789476372	-70.2591649971
1.29796968033	-70.2602826644
1.29804460558	-70.2614003353
1.29473777023	-70.2614256284
1.29481251336	-70.2625433045
1.29488726513	-70.2636609842
1.29165460917	-70.2648039007
1.29172918736	-70.2659215892
1.28842157156	-70.2659467594
1.2884959675	-70.267064453
1.2852623659	-70.268207259
1.28202838251	-70.2693500072
1.27879401729	-70.2704926975
1.27886787475	-70.2716104102
1.27555927018	-70.2716353299
1.2756329452	-70.2727530477
1.27570662873	-70.2738707691
1.27239763368	-70.2738956274
1.2724711347	-70.2750133539
1.27254464421	-70.2761310841
1.2692352586	-70.2761558808
1.26930858554	-70.2772736161
1.26938192095	-70.278391355
1.26945526484	-70.2795090975
1.2695286172	-70.2806268437
1.26960197803	-70.2817445934
1.26629162839	-70.2817693332
1.26636480653	-70.282887088
1.26643799312	-70.2840048465
1.26651118817	-70.2851226086
1.26334628944	-70.2873828264
1.26341931859	-70.2885006008
1.26349235617	-70.2896183789
1.2635654022	-70.2907361606
1.26363845668	-70.2918539459
1.2637115196	-70.2929717348
1.26378459097	-70.2940895273
1.26385767079	-70.2952073234
1.26393075906	-70.2963251232
1.26400385578	-70.2974429266
1.26407696096	-70.2985607335
1.26415007459	-70.2996785441
1.26422319668	-70.3007963583
1.26429632723	-70.3019141761
1.26436946624	-70.3030319976
1.26444261371	-70.3041498226
1.26775679958	-70.3041251173
1.26783014714	-70.3052429444
1.26790350317	-70.3063607752
1.2679768677	-70.3074786095
1.26805024072	-70.3085964475
1.26812362222	-70.3097142891
1.26819701222	-70.3108321343
1.26827041072	-70.3119499831
1.26495488302	-70.311974699
1.26502809824	-70.3130925529
1.26510132192	-70.3142104104
1.26517455408	-70.3153282716
1.26524779472	-70.3164461363
1.26532104384	-70.3175640047
1.26539430144	-70.3186818767
1.26207761427	-70.3187065369
1.26215068844	-70.319824414
1.26222377107	-70.3209422947
1.25897959074	-70.322084779
1.25905249831	-70.3232026685
1.25912541433	-70.3243205615
1.2524900782	-70.3243695734
1.25256261862	-70.325487473
1.25263516743	-70.3266053763
1.24946184135	-70.3288656084
1.246287772	-70.3311257962
1.24311295913	-70.3333859397
1.24325702957	-70.3356218092
1.24000925799	-70.3367639804
1.24015299394	-70.3389998745
1.24022487442	-70.340117827
1.23697616632	-70.3412599552
1.2370478711	-70.3423779164
1.23711958418	-70.3434958812
1.23719130558	-70.3446138496
1.23726303529	-70.3457318216
1.23733477332	-70.3468497972
1.23740651966	-70.3479677764
1.23747827433	-70.3490857592
1.23755003732	-70.3502037456
1.23762180863	-70.3513217357
1.23769358826	-70.3524397293
1.23776537622	-70.3535577265
1.23783717251	-70.3546757274
1.23790897712	-70.3557937318
1.23458586938	-70.3558178583
1.23465748966	-70.3569358679
1.23472911826	-70.358053881
1.23480075516	-70.3591718977
1.23487240038	-70.3602899181
1.23154851355	-70.3603139857
1.23161997433	-70.3614320111
1.2316914434	-70.3625500401
1.22836716276	-70.3625740458
1.22843844733	-70.3636920798
1.22850974017	-70.3648101175
1.22858104129	-70.3659281589
1.22532729044	-70.3670701504
1.22539841522	-70.3681882004
1.22546954826	-70.369306254
1.22554068956	-70.3704243112
1.22221504233	-70.3704481973
1.22228599894	-70.3715662596
1.22235696377	-70.3726843254
1.22242793685	-70.3738023949
1.22249891817	-70.3749204679
1.21917249075	-70.374944295
1.21924328726	-70.3760623732
1.219314092	-70.3771804549
1.21938490496	-70.3782985402
1.21945572614	-70.3794166291
1.21952655555	-70.3805347216
1.21959739319	-70.3816528178
1.21966823905	-70.3827709175
1.21634045161	-70.3827946899
1.2164111125	-70.3839127947
1.2164817816	-70.3850309031
1.21315359951	-70.3850546134
1.21322408357	-70.3861727269
1.21329457582	-70.3872908439
1.20996599901	-70.3873144922
1.21003630616	-70.3884326143
1.21010662147	-70.38955074
1.21017694495	-70.3906688693
1.20691791831	-70.3918105914
1.20698806475	-70.3929287293
1.20705821935	-70.3940468708
1.2071283821	-70.395165016
1.207198553	-70.3962831647
1.20726873207	-70.397401317
1.20393839844	-70.3974248484
1.20400839216	-70.3985430058
1.20407839402	-70.3996611668
1.20414840401	-70.4007793313
1.20421842215	-70.4018974995
1.20095713893	-70.4030391449
1.20102697973	-70.4041573217
1.20109682866	-70.4052755021
1.20116668572	-70.4063936861
1.19783478717	-70.406417099
1.19790445867	-70.4075352881
1.19797413826	-70.4086534807
1.19464184422	-70.4086768315
1.19471133819	-70.4097950291
1.19478084025	-70.4109132304
1.191517467	-70.4120547253
1.19158679143	-70.4131729352
1.19165612392	-70.4142911486
1.18839199156	-70.415432595
1.18846114632	-70.4165508171
1.18853030913	-70.4176690428
1.18519644039	-70.4176922098
1.18526541734	-70.4188104405
1.18200013768	-70.4199517797
1.18206893672	-70.421070019
1.17873447013	-70.4210930602
1.17880308319	-70.4222113045
1.17887170424	-70.4233295525
1.17553684166	-70.4233525314
1.17560527667	-70.4244707843
1.17567371964	-70.4255890408
1.172338461	-70.4256119575
1.17240671786	-70.426730219
1.17247498267	-70.4278484842
1.16920740654	-70.4289896087
1.1692754931	-70.4301078824
1.16593944213	-70.4301306745
1.16600734245	-70.4312489532
1.1626710894	-70.4312716815
1.16260338326	-70.4301534014
1.1592673165	-70.4301760632
1.15919981239	-70.4290577853
1.15913231615	-70.427939511
1.15906482776	-70.4268212402
1.15899734723	-70.4257029731
1.15892987456	-70.4245847096
1.15886240974	-70.4234664496
1.15879495277	-70.4223481933
1.15539298164	-70.4212525261
1.15532573435	-70.4201342756
1.15525849488	-70.4190160286
1.15519126324	-70.4178977853
1.15512403943	-70.4167795455
1.15505682343	-70.4156613094
1.15172326323	-70.415683823
1.15165624892	-70.4145655891
1.15158924241	-70.4134473587
1.1515222437	-70.412329132
1.15145525277	-70.4112109089
1.15138826964	-70.4100926893
1.1513212943	-70.4089744734
1.15125432676	-70.407856261
1.151187367	-70.4067380523
1.15112041503	-70.4056198471
1.15105347084	-70.4045016456
1.15098653444	-70.4033834477
1.15091960582	-70.4022652533
1.15411662012	-70.4000063812
1.1540495213	-70.398888199
1.15398243028	-70.3977700204
1.15391534706	-70.3966518455
1.15384827163	-70.3955336741
1.15378120401	-70.3944155064
1.15371414417	-70.3932973422
1.15364709214	-70.3921791817
1.15358004789	-70.3910610247
1.15351301143	-70.3899428714
1.15344598277	-70.3888247216
1.15337896189	-70.3877065755
1.1533119488	-70.386588433
1.1532449435	-70.385470294
1.15317794598	-70.3843521587
1.14971622016	-70.382138371
1.14958266594	-70.3799021229
1.14612215348	-70.3776882909
1.14592250605	-70.3743339631
1.14572292816	-70.3709796678
1.14558991484	-70.368743489
1.14552341976	-70.367625405
1.1454569324	-70.3665073246
1.14539045275	-70.3653892478
1.14532398082	-70.3642711746
1.14525751661	-70.363153105
1.1451910601	-70.362035039
1.14512461131	-70.3609169767
1.14505817023	-70.3597989179
1.14499173686	-70.3586808628
1.14492531119	-70.3575628112
1.14485889323	-70.3564447633
1.14479248297	-70.355326719
1.14472608042	-70.3542086783
1.14465968556	-70.3530906412
1.14459329841	-70.3519726077
1.14452691896	-70.3508545778
1.14446054721	-70.3497365515
1.14439418315	-70.3486185289
1.14432782678	-70.3475005098
1.14426147812	-70.3463824944
1.14419513714	-70.3452644825
1.14412880385	-70.3441464743
1.14080759015	-70.3441687701
1.14074145698	-70.3430507642
1.14067533148	-70.3419327618
1.14060921364	-70.340814763
1.14054310347	-70.3396967679
1.14047700096	-70.3385787764
1.14041090611	-70.3374607884
1.14034481892	-70.3363428041
1.14027873939	-70.3352248234
1.13689317722	-70.3341290651
1.13682730523	-70.3330110903
1.13676144088	-70.3318931191
1.13669558415	-70.3307751515
1.13337666286	-70.3307973014
1.13331100593	-70.3296793361
1.1332453566	-70.3285613743
1.13317971488	-70.3274434162
1.12979592039	-70.3263475415
1.12973048595	-70.3252295893
1.12966505909	-70.3241116406
1.12634727528	-70.324133653
1.12628204803	-70.3230157066
1.12621682834	-70.3218977639
1.12283440087	-70.3208017684
1.12276938824	-70.3196838315
1.12270438315	-70.3185658983
1.11932273857	-70.3174698435
1.11925794043	-70.3163519162
1.11919314979	-70.3152339924
1.11912836664	-70.3141160723
1.119063591	-70.3129981558
1.11568312765	-70.3119020464
1.1156185588	-70.3107841358
1.11555399741	-70.3096662289
1.1154894435	-70.3085483255
1.11217431614	-70.3085700603
1.11210996143	-70.3074521593
1.11204561416	-70.3063342618
1.1087308628	-70.3063559293
1.10866671466	-70.3052380341
1.10528819851	-70.3041417427
1.10522425686	-70.3030238535
1.10191006567	-70.3030453877
1.10184632304	-70.3019275008
1.10178258779	-70.3008096175
1.09846877245	-70.3008310843
1.09840523614	-70.2997132033
1.09834170718	-70.298595326
1.09502826763	-70.2986167256
1.09496493756	-70.2974988505
1.09490161481	-70.2963809791
1.09158855099	-70.2964023114
1.09152542705	-70.2952844423
1.08814962226	-70.2941878419
1.08808670438	-70.2930699788
1.08471148121	-70.2919733171
1.08464876928	-70.2908554599
1.08133664089	-70.2908765919
1.0812741276	-70.289758737
1.07789986866	-70.2886619505
1.07452599244	-70.2875651005
1.07121441653	-70.2875860348
1.07115249888	-70.2864681869
1.06777938795	-70.2853712098
1.0677176759	-70.2842533679
1.06440665961	-70.2842741692
1.06434514595	-70.2831563296
1.0609729985	-70.2820592279
1.06091169026	-70.2809413943
1.05754012355	-70.2798442314
1.05747902066	-70.2787264038
1.05416893921	-70.278747005
1.05410803453	-70.2776291798
1.05404713689	-70.2765113582
1.05073743069	-70.2765318923
1.0506767312	-70.2754140731
1.05061603871	-70.2742962576
1.0473067077	-70.2743167246
1.04724621329	-70.2731989114
1.04718572588	-70.2720811018
1.04387676999	-70.2721015018
1.04381648058	-70.2709836946
1.04375619814	-70.2698658911
1.04369592266	-70.2687480911
1.04363565414	-70.2676302948
1.04026738463	-70.2665328314
1.04020732094	-70.2654150411
1.04014726419	-70.2642972544
1.03683963113	-70.2643175167
1.03677977218	-70.2631997324
1.03341266189	-70.262102147
1.03335300759	-70.2609843688
1.03004593329	-70.2610044982
1.02998647669	-70.2598867224
1.02667958633	-70.2599067861
1.02662032737	-70.2587890127
1.02656107526	-70.2576712429
1.02325455962	-70.2576912397
1.02319550509	-70.2565734723
1.01988917338	-70.2565934034
1.01983031639	-70.2554756384
1.0197714662	-70.2543578771
1.01646550912	-70.2543777412
1.0164068564	-70.2532599823
1.01634821044	-70.252142227
1.01304262794	-70.2521620243
1.01298417939	-70.2510442714
1.0096205296	-70.2499462525
1.00625726102	-70.2488481704
1.00619921385	-70.247730426
1.00614117337	-70.2466126853
1.0028365237	-70.2466322831
1.00277868045	-70.2455145448
0.999474214632	-70.245534077
0.999416568567	-70.2444163411
0.99605483769	-70.2433180742
0.99599739539	-70.2422003445
0.992693487775	-70.2422197442
0.992636242547	-70.2411020168
0.98927547058	-70.240003626
0.98921842896	-70.2388859048
0.985915079448	-70.2389051721
0.985858234789	-70.2377874533
0.985801396684	-70.2366697382
0.985744565132	-70.2355520267
0.982441780157	-70.235571226
0.982385145477	-70.234453517
0.982328517325	-70.2333358116
0.982271895701	-70.2322181099
0.978969675095	-70.2322372412
0.978913250253	-70.231119542
0.978856831914	-70.2300018463
0.97549876367	-70.2289032178
0.975442548525	-70.2277855283
0.975386339858	-70.2266678424
0.972085057335	-70.2266868391
0.972029045293	-70.2255691557
0.971973039705	-70.224451476
0.97191704057	-70.2233337998
0.971861047887	-70.2222161274
0.971805061654	-70.2210984585
0.971749081871	-70.2199807933
0.971693108536	-70.2188631317
0.971637141648	-70.2177454738
0.971581181206	-70.2166278195
0.97152522721	-70.2155101689
0.971469279657	-70.2143925218
0.971413338546	-70.2132748785
0.968114329915	-70.213293797
0.968058585134	-70.2121761561
0.968002846771	-70.2110585189
0.967947114825	-70.2099408853
0.967891389296	-70.2088232553
0.964593133666	-70.2088421049
0.964537604353	-70.2077244775
0.964482081432	-70.2066068536
0.961128872219	-70.2055080153
0.961073551816	-70.2043903976
0.96101823778	-70.2032727836
0.95772091818	-70.2032914988
0.957665800204	-70.2021738873
0.957610688571	-70.2010562794
0.957555583281	-70.1999386751
0.957500484331	-70.1988210745
0.957445391722	-70.1977034776
0.957390305451	-70.1965858843
0.957335225518	-70.1954682946
0.957280151922	-70.1943507086
0.957225084661	-70.1932331262
0.957170023735	-70.1921155474
0.957114969143	-70.1909979723
0.957059920882	-70.1898804009
0.957004878953	-70.1887628331
0.956949843354	-70.1876452689
0.956894814084	-70.1865277084
0.956839791142	-70.1854101516
0.953545497697	-70.1854287843
0.953490670428	-70.18431123
0.953435849463	-70.1831936793
0.9533810348	-70.1820761322
0.95332622644	-70.1809585888
0.953271424381	-70.179841049
0.953216628621	-70.1787235129
0.953161839159	-70.1776059804
0.953107055995	-70.1764884516
0.953052279128	-70.1753709264
0.952997508556	-70.1742534049
0.952942744278	-70.173135887
0.94965052615	-70.1731544431
0.949595957273	-70.1720369278
0.949541394666	-70.1709194161
0.946249548463	-70.1709379057
0.946195181192	-70.1698203965
0.946140820167	-70.168702891
0.946086465387	-70.1675853891
0.946032116852	-70.1664678909
0.945977774559	-70.1653503963
0.94592343851	-70.1642329053
0.942578579261	-70.1631338357
0.942524444607	-70.1620163509
0.94247031617	-70.1608988698
0.94241619395	-70.1597813923
0.942362077944	-70.1586639185
0.942307968153	-70.1575464484
0.942253864575	-70.1564289819
0.942199767208	-70.155311519
0.942145676053	-70.1541940598
0.942091591107	-70.1530766043
0.942037512369	-70.1519591524
0.94198343984	-70.1508417041
0.941929373517	-70.1497242595
0.941875313399	-70.1486068186
0.941821259486	-70.1474893813
0.941767211777	-70.1463719477
0.941713170269	-70.1452545177
0.944946455797	-70.1441186927
0.944892238144	-70.1430012712
0.944838026712	-70.1418838532
0.9447838215	-70.140766439
0.944729622506	-70.1396490284
0.94467542973	-70.1385316214
0.94462124317	-70.1374142182
0.944567062826	-70.1362968185
0.944512888695	-70.1351794225
0.944458720778	-70.1340620302
0.944404559073	-70.1329446415
0.94435040358	-70.1318272565
0.944296254296	-70.1307098752
0.944242111221	-70.1295924975
0.944187974354	-70.1284751234
0.944133843694	-70.127357753
0.94407971924	-70.1262403863
0.94402560099	-70.1251230232
0.943971488944	-70.1240056638
0.9439173831	-70.122888308
0.940579729454	-70.1217893322
0.940525824127	-70.1206719827
0.940471924978	-70.1195546368
0.937135036106	-70.1184556035
0.937081337361	-70.1173382638
0.937027644769	-70.1162209277
0.936973958329	-70.1151035954
0.93692027804	-70.1139862666
0.936866603901	-70.1128689416
0.936812935911	-70.1117516201
0.936759274068	-70.1106343024
0.936705618373	-70.1095169883
0.936651968822	-70.1083996779
0.936598325417	-70.1072823711
0.936544688155	-70.106165068
0.936491057036	-70.1050477685
0.93977179774	-70.1050294729
0.939717984969	-70.1039121782
0.939664178359	-70.1027948871
0.939610377911	-70.1016775998
0.942836567124	-70.1005419609
0.942782591288	-70.0994246819
0.946008223563	-70.0982889897
0.945954072422	-70.0971717192
0.94589992748	-70.0960544524
0.945845788735	-70.0949371892
0.949070501403	-70.0938014533
0.949016187474	-70.0926841986
0.948961879761	-70.0915669475
0.952240343634	-70.0915484094
0.952185854605	-70.0904311631
0.95213137181	-70.0893139205
0.955409454408	-70.0892953207
0.95535479036	-70.0881780829
0.955300132567	-70.0870608487
0.955245481026	-70.0859436182
0.955190835738	-70.0848263914
0.9551361967	-70.0837091682
0.955081563913	-70.0825919487
0.955026937375	-70.0814747328
0.958303701764	-70.081456077
0.958248894137	-70.0803388659
0.958194092779	-70.0792216585
0.958139297687	-70.0781044548
0.958084508862	-70.0769872547
0.958029726302	-70.0758700583
0.96130554796	-70.0758513443
0.961250584435	-70.0747341527
0.961195627195	-70.0736169647
0.961140676237	-70.0724997804
0.964415929993	-70.0724810059
0.964360798155	-70.0713638264
0.964305672619	-70.0702466506
0.967580545769	-70.0702278145
0.967525239416	-70.0691106435
0.970799919125	-70.0690917447
0.970744431996	-70.0679745785
0.974018918267	-70.067955617
0.977237543241	-70.0668194314
0.97718169469	-70.0657022748
0.980399764894	-70.0645660362
0.983617461061	-70.0634297397
0.986834783237	-70.0622933853
0.986778399318	-70.0611762469
0.990051731467	-70.0611569731
0.989995167049	-70.0600398395
0.993211560922	-70.0589033744
0.993154822531	-70.0577862492
0.996427580981	-70.0577668514
0.996370662198	-70.0566497311
0.999643227272	-70.0566302706
0.999586128138	-70.0555131552
1.00285849984	-70.055493632
1.006130865	-70.0554740451
1.00607339873	-70.0543569357
1.00934557049	-70.0543372862
1.01261773567	-70.0543175729
1.01255990236	-70.0532004695
1.01583187413	-70.0531806936
1.01910383927	-70.0531608538
1.02237579777	-70.0531409503
1.02231741071	-70.0520238542
1.02558917576	-70.0520038881
1.02880218022	-70.0508667682
1.03207374512	-70.0508466757
1.03201481119	-70.0497295906
1.03528618262	-70.0497094355
1.03522706871	-70.0485923553
1.03849824669	-70.0485721377
1.03843895284	-70.0474550623
1.04170993735	-70.0474347822
1.04165046361	-70.0463177117
1.04492125466	-70.046297369
1.04819203891	-70.0462769625
1.04813219866	-70.0451598982
1.05140278943	-70.0451394292
1.05467337335	-70.0451188964
1.0579439504	-70.0450982999
1.05788355713	-70.043981243
1.06115394066	-70.0439605839
1.06442431728	-70.0439398611
1.06769468695	-70.0439190746
1.07096504968	-70.0438982243
1.07423540542	-70.0438773102
1.07750575416	-70.0438563324
1.08077609588	-70.0438352908
1.08404643056	-70.0438141855
1.08731675817	-70.0437930164
1.0905870787	-70.0437717835
1.09385739212	-70.0437504869
1.09712769841	-70.0437291266
1.10039799756	-70.0437077025
1.10366828953	-70.0436862146
1.10693857431	-70.0436646629
1.11020885188	-70.0436430476
1.11014548012	-70.0425260147
1.11341556387	-70.0425043368
1.11668564038	-70.0424825952
1.1199557096	-70.0424607899
1.12322577153	-70.0424389208
1.12649582614	-70.042416988
1.12643152885	-70.0412999653
1.12970138957	-70.0412779701
1.13297124294	-70.0412559111
1.13624108892	-70.0412337883
1.1395109275	-70.0412116018
1.14278075865	-70.0411893515
1.14605058236	-70.0411670375
1.14932039861	-70.0411446598
1.14925480299	-70.0400276502
1.15252442523	-70.0400052101
1.15579403996	-70.0399827062
1.15899749955	-70.0388431367
1.16226691271	-70.0388205067
1.1655363183	-70.038797813
1.16546980529	-70.0376808175
1.16873901681	-70.0376580615
1.17200822073	-70.0376352416
1.17194134242	-70.0365182526
1.17521035226	-70.0364953704
1.17847935444	-70.0364724245
1.17841211091	-70.0353554419
1.181680919	-70.0353324336
1.1849497194	-70.0353093617
1.18488211074	-70.0341923855
1.18815071703	-70.0341692512
1.19141931558	-70.0341460532
1.19135134188	-70.0330290835
1.1946197463	-70.0330058231
1.19788814294	-70.0329824991
1.20108800679	-70.0318421495
1.20435620148	-70.0318186995
1.20762438832	-70.0317951857
1.20755549848	-70.0306782303
1.21082349114	-70.0306546543
1.21409147592	-70.0306310145
1.2173594528	-70.0306073111
1.22062742176	-70.0305835439
1.22389538277	-70.030559713
1.22716333582	-70.0305358185
1.22709333604	-70.0294188754
1.23036109481	-70.0293949185
1.23362884557	-70.029370898
1.23689658831	-70.0293468137
1.240164323	-70.0293226658
1.24343204962	-70.0292984542
1.24669976814	-70.0292741788
1.24996747856	-70.0292498398
1.25323518085	-70.0292254371
1.25650287498	-70.0292009706
1.25977056093	-70.0291764405
1.26303823869	-70.0291518466
1.26630590823	-70.0291271891
1.26957356954	-70.0291024679
1.27284122258	-70.029077683
1.27610886734	-70.0290528343
1.2793765038	-70.029027922
1.28257097367	-70.0278860316
1.2858384072	-70.0278609934
1.28910583238	-70.0278358915
1.29237324917	-70.0278107259
1.29564065755	-70.0277854967
1.2989080575	-70.0277602037
1.29898214701	-70.0288771104
1.30224972475	-70.0288517522
1.30551729403	-70.0288263303
1.30878485481	-70.0288008448
1.31205240707	-70.0287752955
1.3153199508	-70.0287496825
1.31858748597	-70.0287240058
1.32185501257	-70.0286982655
1.32512253056	-70.0286724614
1.32839003993	-70.0286465937
1.33165754066	-70.0286206622
1.33492503273	-70.0285946671
1.33819251611	-70.0285686082
1.34153651007	-70.0296593759
1.34480416227	-70.0296331881
1.34814870625	-70.0307238274
1.35141652719	-70.0306975106
1.35468433934	-70.0306711301
1.35795214267	-70.030644686
1.35802961083	-70.0317615755
1.3612975916	-70.0317350661
1.36456556352	-70.0317084929
1.36783352655	-70.031681856
1.37110148069	-70.0316551555
1.3743694259	-70.0316283912
1.37444783439	-70.0327452764
1.37771595695	-70.0327184468
1.37779456071	-70.033835334
1.38106286061	-70.0338084391
1.38114165967	-70.0349253284
1.38441013692	-70.0348983681
1.38448913132	-70.0360152594
1.38775778592	-70.0359882338
1.39110580764	-70.0370780362
1.39437463051	-70.0370508815
1.39772320231	-70.0381405551
1.40099219339	-70.0381132714
1.40426117535	-70.0380859239
1.4076104745	-70.0391754035
1.41096014648	-70.0402648196
1.41422947378	-70.0402372777
1.41749879186	-70.040209672
1.41757969587	-70.041326565
1.42084919116	-70.0412988939
1.42093029087	-70.042415789
1.42101139983	-70.0435326876
1.42436256354	-70.0446218501
1.42444387755	-70.0457387544
1.42452520084	-70.0468556623
1.42779561012	-70.0468278554
1.42787712927	-70.0479447653
1.42795865771	-70.0490616789
1.43122943085	-70.0490338048
1.43131115521	-70.0501507203
1.43466402595	-70.0512396983
1.43474595563	-70.0523566194
1.43482789467	-70.0534735442
1.43809939567	-70.0534455358
1.43818153076	-70.0545624625
1.43826367523	-70.0556793929
1.43834582908	-70.0567963269
1.43842799231	-70.0579132646
1.43851016493	-70.0590302058
1.43859234693	-70.0601471508
1.43867453833	-70.0612640994
1.43875673911	-70.0623810516
1.43883894929	-70.0634980074
1.44211212188	-70.0634699201
1.44219452833	-70.0645868779
1.4422769442	-70.0657038393
1.44235936949	-70.0668208044
1.44563309337	-70.0667926481
1.44571571502	-70.0679096152
1.44579834611	-70.0690265858
1.44588098664	-70.0701435602
1.44596363662	-70.0712605381
1.44604629605	-70.0723775197
1.44612896493	-70.073494505
1.44621164326	-70.0746114938
1.44629433104	-70.0757284864
1.44637702827	-70.0768454825
1.44645973496	-70.0779624823
1.44654245111	-70.0790794858
1.44662517672	-70.0801964929
1.44670791179	-70.0813135036
1.44679065631	-70.0824305179
1.44687341031	-70.0835475359
1.44695617377	-70.0846645576
1.44703894669	-70.0857815828
1.44712172908	-70.0868986118
1.44720452095	-70.0880156443
1.44728732228	-70.0891326805
1.44737013309	-70.0902497203
1.44745295338	-70.0913667638
1.44753578314	-70.0924838109
1.44761862238	-70.0936008616
1.44770147109	-70.094717916
1.44778432929	-70.095834974
1.44786719698	-70.0969520357
1.44795007415	-70.098069101
1.4480329608	-70.0991861699
