> -L"antarctic_islands_coastlines"
3.18529570276	-70.3842338586
3.20930612398	-70.3882637261
3.21263037893	-70.3882010831
3.21281697896	-70.3893176997
3.21300360064	-70.3904343198
3.2163282185	-70.3903716043
3.21651505416	-70.3914882239
3.2167019115	-70.392604847
3.22002689233	-70.3925420591
3.22021396371	-70.3936586817
3.22040105682	-70.3947753077
3.22372640066	-70.3947124473
3.22391370787	-70.3958290729
3.22410103683	-70.3969457019
3.22428838754	-70.3980623343
3.22761428689	-70.3979993975
3.22780185181	-70.3991160294
3.22798943851	-70.4002326648
3.23131570101	-70.4001696555
3.23150350199	-70.4012862904
3.23169132478	-70.4024029288
3.23501795049	-70.4023398469
3.23520598763	-70.4034564848
3.23872103559	-70.4045099716
3.23890930899	-70.4056266125
3.24223646868	-70.4055633893
3.24242495654	-70.4066800297
3.2426134663	-70.4077966735
3.24280199796	-70.4089133206
3.24612971361	-70.408850021
3.24631845984	-70.4099666677
3.24650722798	-70.4110833178
3.24669601806	-70.4121999713
3.24688483008	-70.4133166283
3.24707366403	-70.4144332886
3.24726251992	-70.4155499523
3.24745139776	-70.4166666195
3.25078044057	-70.4166032278
3.25096953318	-70.4177198945
3.25115864776	-70.4188365645
3.25134778432	-70.419953238
3.25153694286	-70.4210699148
3.2517261234	-70.4221865951
3.25191532592	-70.4233032788
3.25210455044	-70.4244199659
3.25229379696	-70.4255366563
3.2556243609	-70.4254731687
3.25581382241	-70.4265898587
3.25600330595	-70.427706552
3.25619281152	-70.4288232488
3.25638233913	-70.429939949
3.25657188878	-70.4310566526
3.25676146047	-70.4321733596
3.25695105421	-70.43329007
3.25714067	-70.4344067838
3.25733030785	-70.435523501
3.25751996776	-70.4366402216
3.25770964973	-70.4377569456
3.25789935377	-70.438873673
3.25808907989	-70.4399904038
3.26142213235	-70.4399268005
3.26161207381	-70.4410435308
3.26180203737	-70.4421602645
3.26199202304	-70.4432770016
3.26218203082	-70.4443937421
3.26570605765	-70.4454467982
3.26589630304	-70.4465635416
3.26608657057	-70.4476802883
3.26627686025	-70.4487970385
3.26646717208	-70.4499137921
3.26665750607	-70.451030549
3.26684786221	-70.4521473094
3.26703824051	-70.4532640732
3.27037356944	-70.4532002929
3.27056416345	-70.4543170562
3.27075477965	-70.4554338228
3.27094541804	-70.4565505928
3.27113607864	-70.4576673663
3.27132676144	-70.4587841431
3.27151746645	-70.4599009233
3.27170819367	-70.4610177069
3.2718989431	-70.4621344939
3.27208971476	-70.4632512843
3.27228050864	-70.4643680781
3.26894324334	-70.4644318975
3.26913386569	-70.4655486986
3.26932451024	-70.4666655031
3.26951517701	-70.467782311
3.26970586599	-70.4688991223
3.26636780331	-70.4689628923
3.26655832066	-70.4700797109
3.26674886021	-70.4711965329
3.26693942197	-70.4723133583
3.26360075545	-70.4723770751
3.26379114549	-70.4734939078
3.26398155773	-70.4746107438
3.26417199216	-70.4757275833
3.26455292761	-70.4779612725
3.26140357603	-70.4791417973
3.26159390522	-70.4802586543
3.26178425659	-70.4813755146
3.26197463017	-70.4824923784
3.25863417309	-70.4825560002
3.25882437473	-70.4836728713
3.25901459855	-70.4847897457
3.255673731	-70.4848533103
3.25586378282	-70.485970192
3.2560538568	-70.4870870772
3.25624395296	-70.4882039657
3.25290248062	-70.4882674769
3.25309240469	-70.4893843727
3.25328235092	-70.490501272
3.25347231931	-70.4916181746
3.25013024197	-70.4916816323
3.2503200382	-70.4927985422
3.25050985657	-70.4939154556
3.24735701455	-70.4950957766
3.24754668282	-70.4962127006
3.24420378376	-70.4962760437
3.24439327974	-70.4973929749
3.24458279784	-70.4985099096
3.24477233805	-70.4996268477
3.24142883353	-70.4996901373
3.24161820137	-70.5008070826
3.23827448024	-70.500870311
3.23846367566	-70.5019872636
3.23865289317	-70.5031042197
3.23549780592	-70.5042843539
3.23568687302	-70.5054013206
3.23253122405	-70.5065814081
3.23272014065	-70.5076983855
3.23290907932	-70.5088153663
3.22956392981	-70.5088784263
3.22975269585	-70.5099954143
3.22994148393	-70.5111124058
3.22659592296	-70.5111754083
3.22697317577	-70.5134094091
3.22381566793	-70.5145893636
3.22400415461	-70.5157063763
3.22065777049	-70.515769264
3.2210344202	-70.5180033074
3.21806397231	-70.5203002023
3.2149047767	-70.5214800163
3.21509281068	-70.522597061
3.21193305216	-70.5237768281
3.21212093508	-70.5248938835
3.20896061349	-70.5260736037
3.20914834528	-70.5271906697
3.20598746045	-70.5283703431
3.20617504102	-70.5294874197
3.20636264352	-70.5306044998
3.20301359279	-70.5306670461
3.20320102206	-70.5317841334
3.20338847325	-70.5329012241
3.20003901027	-70.5329637129
3.20022628817	-70.5340808108
3.19706371265	-70.5352603433
3.1972508391	-70.5363774519
3.19408769969	-70.5375569374
3.19427467461	-70.5386740566
3.19111097115	-70.5398534951
3.19129779446	-70.5409706249
3.18813352679	-70.5421500165
3.18496886833	-70.5433293537
3.18515536636	-70.5444465014
3.1853418862	-70.5455636525
3.18199014343	-70.5456257916
3.18217648962	-70.5467429499
3.17919689632	-70.549039362
3.17603054395	-70.5502185581
3.17621658624	-70.5513357376
3.17286380045	-70.5513976998
3.1730496689	-70.5525148866
3.17323555911	-70.5536320767
3.16988236034	-70.5536939812
3.17006807665	-70.5548111785
3.17025381471	-70.5559283793
3.16690020287	-70.5559902261
3.16708576696	-70.557107434
3.16391732778	-70.5582864344
3.16410273959	-70.5594036529
3.16093373486	-70.5605826061
3.16111899428	-70.5616998352
3.15776433854	-70.5617615049
3.15794942384	-70.5628787412
3.1545945506	-70.5629403493
3.15477946171	-70.5640575929
3.15496439448	-70.5651748398
3.15160910785	-70.5652363901
3.1484383622	-70.5664151329
3.14526722472	-70.5675938212
3.14191148139	-70.5676551828
3.14209569533	-70.5687724551
3.13873973447	-70.5688337551
3.138923774	-70.5699510345
3.13556759559	-70.5700122729
3.13221139563	-70.5700734458
3.12885517416	-70.5701345533
3.12903864721	-70.5712518474
3.12568220821	-70.5713128932
3.12232574775	-70.5713738736
3.11896926583	-70.5714347885
3.11915217222	-70.5725520974
3.11579547282	-70.5726129506
3.112438752	-70.5726737384
3.1090820098	-70.5727344608
3.10926434937	-70.5738517843
3.10590738971	-70.573912445
3.10255040871	-70.5739730401
3.09919340638	-70.5740335699
3.09937517896	-70.575150908
3.09601795921	-70.5752113761
3.09266071817	-70.5752717786
3.0894846613	-70.5764494685
3.08612718162	-70.5765097438
3.082950515	-70.5776873173
3.07977345598	-70.5788648362
3.07641552031	-70.5789249226
3.07659600451	-70.5800423005
3.07323785144	-70.5801023251
3.07005979005	-70.5812796729
3.06670139845	-70.5813395702
3.0635227271	-70.5825168016
3.06016409703	-70.5825765717
3.06034366312	-70.5836939782
3.05698481567	-70.5837536865
3.05362594719	-70.5838133293
3.05380514161	-70.5849307466
3.05044605576	-70.5849903276
3.04726577159	-70.5861672712
3.04390644739	-70.5862267249
3.04072555304	-70.5874035519
3.03418448598	-70.5886395886
3.03082468525	-70.5886987875
3.02764257041	-70.5898753812
3.02428253149	-70.5899344528
3.02092247175	-70.5899934588
3.02109980634	-70.5911109299
3.01773952929	-70.591169874
3.01437923145	-70.5912287526
3.01455619377	-70.5923462344
3.01119567864	-70.5924050511
3.01137246515	-70.5935225399
3.00801173271	-70.5935812947
3.00465097955	-70.593639984
3.00482739362	-70.5947574834
3.00146642316	-70.5948161108
3.0016426613	-70.5959336173
2.99845753571	-70.5971096963
2.99509613065	-70.5971681998
2.99527201679	-70.5982857203
2.9920861045	-70.5994616895
2.98889979877	-70.6006376037
2.98571309956	-70.601813463
2.9825260068	-70.6029892673
2.97916351508	-70.6030474611
2.97933852046	-70.6041650167
2.97597581139	-70.6042231485
2.97615064047	-70.6053407111
2.97278771403	-70.6053987809
2.9694247671	-70.6054567852
2.96606179969	-70.6055147238
2.9662360587	-70.6066323006
2.96287287396	-70.6066901772
2.95950966879	-70.6067479883
2.95632013196	-70.6079233247
2.95295668908	-70.6079810081
2.94959322582	-70.608038626
2.94976654112	-70.6091562274
2.94640286058	-70.6092137832
2.94303915971	-70.6092712734
2.93967543854	-70.609328698
2.93984818329	-70.6104463136
2.93648424487	-70.6105036762
2.93312028618	-70.6105609731
2.93329265723	-70.6116785992
2.9299284813	-70.611735834
2.92656428515	-70.6117930033
2.92337186901	-70.6129677471
2.92000743546	-70.6130247886
2.91681440801	-70.6141994151
2.91344973711	-70.614256329
2.91362098642	-70.6153739865
2.91025609831	-70.6154308383
2.90689119011	-70.6154876244
2.9070620653	-70.6166052923
2.90369693991	-70.6166620163
2.90050229544	-70.6178363531
2.89713693282	-70.6178929493
2.8937715502	-70.6179494799
2.89394167685	-70.6190671688
2.89057607705	-70.6191236372
2.88721045729	-70.61918004
2.88738020952	-70.6202977393
2.88401437261	-70.6203540799
2.88064851577	-70.6204103549
2.88081789347	-70.6215280645
2.87745181949	-70.6215842774
2.87408572564	-70.6216404245
2.87088841772	-70.6228142295
2.8675220869	-70.6228702489
2.86415573626	-70.6229262026
2.86078936584	-70.6229820906
2.86095759956	-70.6240998279
2.85759101206	-70.6241556537
2.85422440481	-70.6242114138
2.85085777783	-70.6242671083
2.85102543932	-70.6253848593
2.8476585953	-70.6254404916
2.8442917316	-70.6254960582
2.84092484824	-70.6255515591
2.84109193732	-70.6266693239
2.83772483695	-70.6267247626
2.83435771696	-70.6267801355
2.83099057737	-70.6268354428
2.83115709389	-70.6279532214
2.82778973733	-70.6280084664
2.82442236121	-70.6280636458
2.82105496557	-70.6281187595
2.81768755042	-70.6281738074
2.81448566469	-70.6293465888
2.81111801315	-70.6294015088
2.80775034217	-70.6294563631
2.80438265178	-70.6295111518
2.80101494199	-70.6295658747
2.79748265123	-70.6285027159
2.79411510019	-70.6285573041
2.78737994019	-70.6286662833
2.78384857879	-70.6276028483
2.78048114807	-70.6276571704
2.77711369813	-70.6277114267
2.77374622899	-70.6277656174
2.77037874067	-70.6278197423
2.76701123319	-70.6278738016
2.76364370659	-70.6279277952
2.76027616087	-70.627981723
2.75690859607	-70.6280355852
2.75707076879	-70.6291534382
2.75370298744	-70.629207238
2.75033518705	-70.6292609721
2.74696736764	-70.6293146406
2.74359952924	-70.6293682433
2.74023167186	-70.6294217803
2.73686379553	-70.6294752517
2.73349590027	-70.6295286573
2.73012798611	-70.6295819972
2.72659965783	-70.6285173887
2.72323190344	-70.6285705939
2.71986413023	-70.6286237334
2.71970414883	-70.6275058475
2.7163365543	-70.627558918
2.71617678918	-70.6264410322
2.71280937335	-70.6264940338
2.70591533148	-70.6254819476
2.7023891191	-70.6244168567
2.69886330158	-70.6233516971
2.69212944889	-70.623456958
2.68860438377	-70.6223915917
2.68507971345	-70.6213261567
2.68155543789	-70.6202606529
2.67803155705	-70.6191950804
2.67466531813	-70.6192473366
2.67450807088	-70.6181294392
2.67114201082	-70.6181816265
2.67098497936	-70.6170637292
2.66761909816	-70.6171158477
2.66425319853	-70.6171679004
2.6640965801	-70.6160500002
2.66073085937	-70.6161019841
2.66057445661	-70.614984084
2.65720891478	-70.615035999
2.65705272764	-70.6139180992
2.65689655885	-70.6128002029
2.65337543993	-70.6117341497
2.65321950501	-70.610616257
2.65306358841	-70.6094983678
2.64969899597	-70.6095501354
2.64954329482	-70.6084322464
2.64938761196	-70.6073143609
2.6460233955	-70.6073660565
2.64250389041	-70.606299798
2.63913983457	-70.6063513591
2.63562090255	-70.6052849632
2.63546606277	-70.6041670752
2.63210236469	-70.6042184988
2.62858422094	-70.6031519658
2.62842981156	-70.6020340783
2.6282754203	-70.6009161943
2.62491227702	-70.6009674771
2.62475810087	-70.5998495933
2.62124117538	-70.5987829238
2.62108723236	-70.5976650438
2.62093330741	-70.5965471673
2.61757091577	-70.5965983062
2.61741720578	-70.5954804299
2.61726351383	-70.5943625571
2.61390149793	-70.594413624
2.61374802087	-70.5932957515
2.61359456181	-70.5921778824
2.61344112077	-70.5910600168
2.61007967735	-70.5911110087
2.6099264511	-70.5899931434
2.60977324282	-70.5888752815
2.60641217499	-70.5889262015
2.60625918143	-70.58780834
2.60610620582	-70.5866904819
2.60259275254	-70.5856234722
2.6024400095	-70.5845056179
2.60228728437	-70.583387767
2.59892716418	-70.5834385401
2.5987746536	-70.5823206896
2.59862216091	-70.5812028424
2.59846968609	-70.5800849988
2.59831722916	-70.5789671586
2.59816479011	-70.5778493218
2.59801236892	-70.5767314885
2.59785996561	-70.5756136586
2.59770758017	-70.5744958323
2.59755521259	-70.5733780093
2.59740286287	-70.5722601898
2.597250531	-70.5711423738
2.597098217	-70.5700245613
2.59694592084	-70.5689067522
2.59679364253	-70.5677889465
2.59343625533	-70.5678396103
2.59328419118	-70.566721805
2.59313214486	-70.5656040031
2.59298011635	-70.5644862047
2.59282810565	-70.5633684097
2.58947148578	-70.5634189955
2.58931968912	-70.5623012009
2.58916791025	-70.5611834097
2.58901614915	-70.5600656221
2.58886440584	-70.5589478378
2.5887126803	-70.5578300571
2.58856097253	-70.5567122798
2.58840928253	-70.5555945059
2.58825761029	-70.5544767355
2.58810595582	-70.5533589686
2.5879543191	-70.5522412051
2.58780270014	-70.5511234451
2.5907018245	-70.5477196439
2.58734794977	-70.5477701859
2.5871964018	-70.5466524398
2.58704487157	-70.5455346971
2.58689335908	-70.5444169579
2.58674186432	-70.5432992221
2.5865903873	-70.5421814898
2.586438928	-70.541063761
2.58628748642	-70.5399460356
2.58613606257	-70.5388283137
2.58598465643	-70.5377105953
2.58583326801	-70.5365928803
2.5856818973	-70.5354751688
2.58553054431	-70.5343574608
2.58537920901	-70.5332397562
2.58522789142	-70.5321220551
2.58187673965	-70.532172488
2.58172563535	-70.5310547873
2.58157454873	-70.52993709
2.57822377046	-70.5299874514
2.57807289705	-70.5288697545
2.5779220413	-70.527752061
2.57777120318	-70.526634371
2.57762038271	-70.5255166845
2.58081938061	-70.5243486555
2.58066839997	-70.523230979
2.58051743697	-70.522113306
2.58386682922	-70.522062901
2.58371568849	-70.5209452346
2.58356456542	-70.5198275716
2.58691354925	-70.5197771075
2.58676224851	-70.5186594511
2.59011101931	-70.5186089248
2.58995954094	-70.517491275
2.59330809872	-70.5174406865
2.59650478753	-70.5162723926
2.5997010858	-70.5151040431
2.59954907482	-70.513986413
2.60289699358	-70.513935638
2.60609251091	-70.5127671773
2.60594014508	-70.5116495605
2.60913509466	-70.5104810509
2.60898256929	-70.5093634441
2.61232965396	-70.5093124858
2.6121769513	-70.5081948856
2.61202426648	-70.5070772889
2.6153709431	-70.5070262716
2.61521808106	-70.5059086815
2.61841150554	-70.5047400185
2.61825848418	-70.5036224385
2.62160453997	-70.5035713001
2.62479718441	-70.5024025262
2.6281430094	-70.5023512604
2.6279894389	-70.5012336968
2.631335051	-70.5011823689
2.63468064514	-70.5011309757
2.63452670271	-70.5000134219
2.63787208395	-70.4999619667
2.63771796459	-70.4988444195
2.64106313293	-70.4987929022
2.64090883669	-70.4976753617
2.64425379213	-70.4976237824
2.64744406161	-70.4964546071
2.65063394141	-70.4952853764
2.6538234316	-70.4941160903
2.65701253221	-70.4929467489
2.6602012433	-70.4917773521
2.66338956493	-70.4906078999
2.66657749714	-70.4894383924
2.66992094433	-70.4893863137
2.67310827432	-70.4882166888
2.67645149043	-70.4881644829
2.676295215	-70.4870470087
2.67963821824	-70.4869947408
2.68282455679	-70.4858249434
2.68601050615	-70.4846550907
2.68935306537	-70.4846026337
2.69253841271	-70.4834326638
2.69588074071	-70.4833800797
2.69906548607	-70.4822099926
2.69890794018	-70.4810925583
2.70224984241	-70.4810398503
2.70559172623	-70.4809870771
2.70543380976	-70.4798696528
2.7087754807	-70.4798168177
2.71211713319	-70.4797639174
2.71545876722	-70.479710952
2.71530028583	-70.4785935409
2.71864170693	-70.4785405136
2.7184830496	-70.4774231092
2.72182425778	-70.47737002
2.72500641984	-70.4761994713
2.72834739656	-70.476146255
2.72818819314	-70.4750288674
2.73152895693	-70.4749755893
2.73136957774	-70.4738582084
2.73121021713	-70.472740831
2.73455057369	-70.4726874943
2.73773118105	-70.471516725
2.74425131201	-70.4702923752
2.7475912055	-70.4702387845
2.75077061001	-70.4690677815
2.75728907503	-70.467842944
2.76046748982	-70.466671769
2.76380670707	-70.4666178627
2.76698452061	-70.4654465709
2.77032350612	-70.4653925377
2.7736624728	-70.4653384394
2.77350071845	-70.4642211291
2.77683947216	-70.4641669691
2.77667754257	-70.4630496656
2.78001608333	-70.4629954437
2.78335460519	-70.4629411568
2.78319230635	-70.4618238635
2.78653061525	-70.4617695148
2.78970623721	-70.4605978178
2.79288147115	-70.4594260659
2.7960563171	-70.458254259
2.79923077512	-70.4570823973
2.80240484526	-70.4559104807
2.80557852757	-70.4547385091
2.80541500382	-70.4536212634
2.80875182211	-70.4535664827
2.81192472892	-70.4523944014
2.81509724806	-70.4512222653
2.81493320002	-70.4501050401
2.81826937957	-70.4500500743
2.81810515687	-70.4489328559
2.82144112352	-70.4488778285
2.82127672619	-70.447760617
2.82461247995	-70.4477055279
2.82794821455	-70.4476503738
2.82778344891	-70.4465331725
2.83111897061	-70.4464779568
2.8344544731	-70.446422676
2.83762462884	-70.4452501425
2.84429515022	-70.4451392626
2.84412945462	-70.4440220852
2.84729862279	-70.4428493806
2.85063344796	-70.4427937849
2.8539682538	-70.4427381243
2.85380201595	-70.441620964
2.85713660884	-70.4415652417
2.85697019676	-70.4404480883
2.8603045767	-70.4403923045
2.86347215744	-70.4392193126
2.86680630504	-70.4391634021
2.86997328575	-70.437990294
2.87330720095	-70.437934257
2.87313987946	-70.4368171311
2.87647358169	-70.4367610326
2.8763060862	-70.4356439136
2.87963957547	-70.4355877536
2.88297304523	-70.4355315285
2.88280518235	-70.4344144199
2.88613843914	-70.4343581333
2.88947167638	-70.4343017818
2.88930344621	-70.4331846835
2.89263647047	-70.4331282704
2.89580087777	-70.4319547045
2.89913366944	-70.431898165
2.90246644147	-70.4318415604
2.90229747701	-70.430724483
2.90563003604	-70.430667817
2.9089625754	-70.430611086
2.90879324394	-70.4294940189
2.91212557028	-70.4294372265
2.9154578769	-70.4293803691
2.91879016377	-70.4293234467
2.91862027214	-70.4282063936
2.92195234597	-70.4281494097
2.92528440002	-70.428092361
2.9284459826	-70.426918208
2.93177780377	-70.4268610329
2.93510960509	-70.4268037927
2.9349387868	-70.425686764
2.93827037502	-70.4256294625
2.94160194336	-70.425572096
2.94143075854	-70.4244550777
2.94476211378	-70.4243976498
2.94809344908	-70.424340157
2.94792189782	-70.4232231492
2.95125302002	-70.423165595
2.95108129556	-70.4220485942
2.95441220465	-70.4219909786
2.95424030704	-70.4208739848
2.95739893231	-70.4196993209
2.96055717142	-70.4185246027
2.96371502442	-70.4173498301
2.96354262767	-70.4162328607
2.96687249138	-70.4161750031
2.97020233503	-70.4161170806
2.97002957233	-70.4150001217
2.97335920291	-70.4149421379
2.97318626733	-70.413825186
2.97651568485	-70.4137671408
2.97634257643	-70.412650196
2.9796717809	-70.4125920895
2.97949849968	-70.4114751516
2.98265403714	-70.410300053
2.98598281553	-70.4102418238
2.98580918886	-70.4091249
2.98913775421	-70.4090666095
2.98896395488	-70.4079496927
2.99229230721	-70.407891341
2.99211833526	-70.4067744312
2.99544647458	-70.4067160181
2.99527233006	-70.4055991154
2.99860025636	-70.405540641
3.00192816241	-70.4054821018
3.00175365261	-70.4043652097
3.00508134564	-70.4043066092
3.00490666338	-70.4031897241
3.0082341434	-70.4031310624
3.0115616031	-70.4030723358
3.01138655573	-70.4019554614
3.01471380241	-70.4018966735
3.01804102874	-70.4018378209
3.01786561636	-70.400720957
3.02119262965	-70.4006620431
3.021017045	-70.3995451864
3.02434384526	-70.3994862112
3.02416808838	-70.3983693615
3.02749467561	-70.3983103252
3.02731874656	-70.3971934825
3.03064512077	-70.3971343849
3.03379518078	-70.3959583905
3.03361890749	-70.394841562
3.03694485569	-70.394782342
3.04009414556	-70.3936062394
3.04341986026	-70.3935468935
3.04324305043	-70.3924300827
3.04656855213	-70.3923706756
3.04639157037	-70.3912538719
3.04971685906	-70.3911944036
3.05304212719	-70.3911348705
3.05286478111	-70.3900180775
3.05618983623	-70.3899584832
3.05951487074	-70.3898988242
3.05933716044	-70.388782042
3.06266198194	-70.3887223218
3.06598678278	-70.3886625368
3.06580870836	-70.3875457653
3.06913329617	-70.3874859192
3.0724578633	-70.3874260083
3.07227942485	-70.3863092476
3.07560377893	-70.3862492756
3.07542516888	-70.385132522
3.07874930992	-70.3850724888
3.07857052831	-70.3839557423
3.08189445632	-70.3838956481
3.08503921817	-70.3827187534
3.08836291237	-70.3826585333
3.08818359552	-70.3815418048
3.09150707669	-70.3814815236
3.09483053703	-70.3814211777
3.09815397653	-70.381360767
3.10147739516	-70.3813002915
3.10480079289	-70.3812397513
3.10812416972	-70.3811791463
3.11144752561	-70.3811184766
3.11477086055	-70.3810577421
3.11459002694	-70.3799410466
3.11791314872	-70.379880251
3.12123624949	-70.3798193907
3.12455932925	-70.3797584657
3.12788238797	-70.3796974759
3.13120542563	-70.3796364213
3.13452844219	-70.379575302
3.13785143765	-70.3795141179
3.14117441198	-70.379452869
3.14135678292	-70.3805695346
3.14467992824	-70.3805082173
3.14800305239	-70.3804468352
3.15132615534	-70.3803853884
3.15464923706	-70.3803238768
3.15815565046	-70.3813789506
3.16147888182	-70.3813173057
3.1648020919	-70.3812555961
3.16498585043	-70.3823722421
3.16830923136	-70.382310464
3.17163259094	-70.382248621
3.17514028557	-70.3833033515
3.17846379459	-70.3832413752
3.18197204439	-70.3842959682
3.18529570276	-70.3842338586
