> -L"antarctic_islands_coastlines"
-146.767072778	-76.3055754468
-146.788356344	-76.3061637609
-146.792365401	-76.3067852694
-146.794989554	-76.3058358178
-146.798998818	-76.306457216
-146.801622443	-76.3055076931
-146.805631914	-76.306128981
-146.808255012	-76.3051793867
-146.812264689	-76.3058005643
-146.81488726	-76.3048508988
-146.818897143	-76.305471966
-146.821519186	-76.3045222292
-146.825529276	-76.3051431861
-146.828150791	-76.3041933781
-146.830771939	-76.3032435435
-146.834782075	-76.3038643453
-146.837402695	-76.3029144395
-146.840022949	-76.3019645071
-146.842642835	-76.3010145482
-146.845262355	-76.3000645627
-146.847881509	-76.2991145506
-146.850500296	-76.298164512
-146.853118716	-76.2972144468
-146.857128092	-76.2978348706
-146.859745985	-76.2968847344
-146.862363512	-76.2959345715
-146.864980672	-76.2949843822
-146.867597467	-76.2940341664
-146.870213895	-76.293083924
-146.872829957	-76.2921336552
-146.875445652	-76.2911833599
-146.878060982	-76.2902330381
-146.876668019	-76.2886626672
-146.879282778	-76.287712337
-146.881897171	-76.2867619803
-146.888518644	-76.2864314861
-146.891132145	-76.2854810319
-146.89374528	-76.2845305513
-146.89635805	-76.2835800443
-146.900365377	-76.2841997339
-146.90297762	-76.2832491559
-146.905589498	-76.2822985515
-146.909596868	-76.2829180863
-146.91220822	-76.2819674109
-146.914819206	-76.2810167092
-146.917429827	-76.280065981
-146.920040083	-76.2791152264
-146.922649973	-76.2781644455
-146.925259499	-76.2772136381
-146.92786866	-76.2762628044
-146.923862419	-76.2756435811
-146.926471377	-76.2746927655
-146.929079969	-76.2737419235
-146.933085887	-76.2743610579
-146.935693954	-76.2734101451
-146.942307616	-76.2730781856
-146.944914791	-76.2721271757
-146.948920955	-76.2727460452
-146.951527604	-76.2717949644
-146.954133889	-76.2708438574
-146.95673981	-76.269892724
-146.959345367	-76.2689415642
-146.963351248	-76.2695601902
-146.965956279	-76.2686089598
-146.968560945	-76.267657703
-146.971165247	-76.26670642
-146.973769185	-76.2657551107
-146.976372759	-76.2648037751
-146.978975969	-76.2638524132
-146.974971057	-76.2632340538
-146.977574065	-76.2622827101
-146.980176709	-76.2613313401
-146.982778989	-76.2603799438
-146.978774926	-76.2597616519
-146.981377004	-76.2588102738
-146.983978719	-76.2578588695
-146.98658007	-76.2569074389
-146.989181057	-76.2559559821
-146.991781681	-76.255004499
-146.994381942	-76.2540529898
-147.00098477	-76.2537194356
-147.003584142	-76.2527678295
-147.021983333	-76.2501964653
-147.024580567	-76.2492446396
-147.027177437	-76.2482927878
-147.031180324	-76.2489102615
-147.03377667	-76.2479583392
-147.036372653	-76.2470063907
-147.040375579	-76.2476237101
-147.042971037	-76.2466716912
-147.045566132	-76.2457196462
-147.049569097	-76.2463368111
-147.052163667	-76.2453846957
-147.054757876	-76.2444325541
-147.058760878	-76.2450495647
-147.061354561	-76.2440973528
-147.067950923	-76.243761971
-147.070543719	-76.2428096626
-147.073136154	-76.2418573281
-147.077139231	-76.24247403
-147.079731141	-76.2415216252
-147.082322688	-76.2405691943
-147.084913874	-76.2396167374
-147.080911283	-76.2390001683
-147.083502269	-76.2380477295
-147.086092893	-76.2370952648
-147.082090989	-76.2364787184
-147.084681413	-76.2355262718
-147.080680034	-76.2349097039
-147.083270259	-76.2339572756
-147.079269403	-76.2333406862
-147.07526891	-76.2327240311
-147.071268777	-76.2321073102
-147.067269007	-76.2314905237
-147.063269598	-76.2308736714
-147.059270552	-76.2302567535
-147.055271866	-76.2296397698
-147.052680507	-76.2305918884
-147.048682021	-76.2299747949
-147.044683898	-76.2293576357
-147.040686136	-76.2287404108
-147.036688735	-76.2281231202
-147.039280742	-76.2271711786
-147.035283864	-76.2265538667
-147.037875671	-76.2256019433
-147.040467116	-76.2246499938
-147.036470923	-76.2240327047
-147.039062168	-76.2230807734
-147.041653051	-76.222128816
-147.044243573	-76.2211768325
-147.046833734	-76.2202248229
-147.049423534	-76.2192727873
-147.052012972	-76.2183207256
-147.056008195	-76.2189377493
-147.058597111	-76.2179856173
-147.061185666	-76.2170334593
-147.063773859	-76.2160812753
-147.066361692	-76.2151290653
-147.068949164	-76.2141768292
-147.071536276	-76.2132245672
-147.074123026	-76.2122722791
-147.076709416	-76.211319965
-147.079295445	-76.210367625
-147.081881114	-76.2094152589
-147.084466423	-76.2084628669
-147.087051371	-76.2075104488
-147.089635958	-76.2065580048
-147.085642837	-76.2059415556
-147.088227226	-76.2049891298
-147.090811255	-76.204036678
-147.093394924	-76.2030842003
-147.095978233	-76.2021316966
-147.091986118	-76.2015153583
-147.094569228	-76.2005628728
-147.097151979	-76.1996103614
-147.09973437	-76.1986578241
-147.102316401	-76.1977052608
-147.104898072	-76.1967526715
-147.107479384	-76.1958000564
-147.111470529	-76.19641613
-147.114051319	-76.1954634448
-147.11663175	-76.1945107338
-147.119211821	-76.1935579968
-147.12320284	-76.1941738725
-147.12578239	-76.1932210656
-147.128361581	-76.1922682328
-147.134931305	-76.1919310519
-147.137509615	-76.1909781233
-147.140087566	-76.1900251688
-147.144078494	-76.1906406929
-147.146655924	-76.1896876685
-147.149232995	-76.1887346183
-147.153223957	-76.1893499886
-147.155800507	-76.1883968685
-147.158376698	-76.1874437226
-147.162367695	-76.1880589392
-147.164943365	-76.1871057234
-147.167518677	-76.1861524818
-147.174084498	-76.1858142333
-147.17665893	-76.1848608961
-147.183223906	-76.1845223983
-147.185797458	-76.1835689655
-147.192361588	-76.1832302184
-147.194934261	-76.1822766901
-147.197506575	-76.181323136
-147.201497545	-76.1819376939
-147.204069338	-76.1809840701
-147.206640774	-76.1800304205
-147.213202691	-76.1796911055
-147.215773247	-76.1787373605
-147.218343446	-76.1777835899
-147.222334319	-76.1783977965
-147.224903996	-76.1774439561
-147.227473316	-76.1764900901
-147.231464222	-76.1771041431
-147.23403302	-76.1761502074
-147.236601461	-76.175196246
-147.240592399	-76.1758101455
-147.24316032	-76.1748561145
-147.245727882	-76.1739020578
-147.249718852	-76.1745158037
-147.252285894	-76.1735616774
-147.254852578	-76.1726075256
-147.25884358	-76.1732211178
-147.261409744	-76.1722668964
-147.267966583	-76.171926088
-147.270531868	-76.1709717714
-147.274523095	-76.1715851005
-147.277087861	-76.1706307144
-147.279652269	-76.1696763027
-147.283643526	-76.1702894782
-147.286207414	-76.169334997
-147.290198866	-76.1699480629
-147.292762232	-76.1689935123
-147.295325242	-76.168038936
-147.299316724	-76.1686518484
-147.301879213	-76.1676972027
-147.305870889	-76.1683100055
-147.308432858	-76.1673552903
-147.31099447	-76.1664005496
-147.314986175	-76.1670131989
-147.317547266	-76.1660583888
-147.321539165	-76.1666709284
-147.324099736	-76.165716049
-147.330651878	-76.1653735301
-147.333211571	-76.1644185558
-147.337203692	-76.1650308323
-147.339762865	-76.1640757886
-147.342321682	-76.1631207194
-147.346313832	-76.1637328425
-147.348872128	-76.162777704
-147.355422246	-76.1624345096
-147.357979665	-76.1614792763
-147.361972036	-76.1620911363
-147.364528934	-76.1611358337
-147.368521497	-76.1617475841
-147.371077875	-76.1607922123
-147.377626488	-76.160448412
-147.384174773	-76.1601044328
-147.386729754	-76.1591488971
-147.389284379	-76.158193336
-147.391838648	-76.1572377496
-147.394392561	-76.1562821377
-147.396946119	-76.1553265004
-147.39949932	-76.1543708378
-147.402052166	-76.1534151498
-147.404604656	-76.1524594364
-147.400613188	-76.1518482994
-147.403165486	-76.1508926045
-147.405717429	-76.1499368841
-147.401726645	-76.1493257688
-147.404278397	-76.1483700669
-147.406829794	-76.1474143396
-147.402839694	-76.146803246
-147.398849949	-76.1461920866
-147.401401319	-76.1452364215
-147.397412094	-76.1446252401
-147.393423224	-76.1440139929
-147.389434709	-76.1434026799
-147.38544655	-76.1427913012
-147.381458746	-76.1421798568
-147.374918943	-76.1425237492
-147.370931685	-76.1419121296
-147.368378813	-76.1428674631
-147.364391747	-76.1422557339
-147.361838355	-76.1432109983
-147.357851481	-76.1425991597
-147.35529757	-76.1435543548
-147.351310888	-76.1429424068
-147.348756458	-76.1438975327
-147.344769968	-76.1432854752
-147.342215019	-76.144240532
-147.338228721	-76.143628365
-147.334242778	-76.1430161323
-147.336798054	-76.142061163
-147.33281263	-76.1414489085
-147.328827561	-76.1408365882
-147.327398258	-76.139269339
-147.329953312	-76.1383144502
-147.33250801	-76.137359536
-147.335062354	-76.1364045963
-147.337616342	-76.1354496312
-147.340169975	-76.1344946407
-147.342723254	-76.1335396248
-147.345276177	-76.1325845834
-147.351811989	-76.1322415087
-147.354364039	-76.1312863728
-147.356915735	-76.1303312115
-147.359467075	-76.1293760248
-147.362018061	-76.1284208127
-147.364568692	-76.1274655753
-147.367118969	-76.1265103124
-147.371101588	-76.1271219765
-147.373651347	-76.1261666446
-147.376200751	-76.1252112874
-147.378749801	-76.1242559048
-147.381298497	-76.1233004969
-147.383846838	-76.1223450636
-147.386394826	-76.121389605
-147.390376819	-76.1220009413
-147.392924289	-76.1210454137
-147.395471404	-76.1200898608
-147.398018166	-76.1191342826
-147.400564573	-76.1181786791
-147.403110627	-76.1172230503
-147.405656327	-76.1162673962
-147.408201673	-76.1153117168
-147.410746666	-76.1143560122
-147.414727705	-76.1149669335
-147.41727218	-76.1140111599
-147.419816302	-76.1130553611
-147.423797367	-76.1136661295
-147.426340971	-76.1127102618
-147.428884223	-76.1117543689
-147.43142712	-76.1107984507
-147.433969665	-76.1098425073
-147.436511856	-76.1088865387
-147.439053694	-76.1079305448
-147.441595178	-76.1069745258
-147.44413631	-76.1060184815
-147.446677089	-76.105062412
-147.449217515	-76.1041063173
-147.451757587	-76.1031501975
-147.454297308	-76.1021940524
-147.456836675	-76.1012378822
-147.45937569	-76.1002816868
-147.461914352	-76.0993254663
-147.464452661	-76.0983692205
-147.460474216	-76.0977591496
-147.463012336	-76.0968029223
-147.459034407	-76.0961928292
-147.461572339	-76.0952366203
-147.457594926	-76.0946265052
-147.460132669	-76.0936703147
-147.456155772	-76.0930601775
-147.452179227	-76.0924499748
-147.454716946	-76.0914938462
-147.450740917	-76.0908836213
-147.449302933	-76.0893172643
-147.445327772	-76.0887069518
-147.447865276	-76.0877509035
-147.44389063	-76.0871405691
-147.439916336	-76.086530169
-147.435942395	-76.0859197035
-147.431968805	-76.0853091724
-147.427995567	-76.0846985758
-147.424022681	-76.0840879136
-147.420050147	-76.083477186
-147.416077966	-76.0828663928
-147.412106136	-76.0822555342
-147.408134658	-76.0816446101
-147.404163532	-76.0810336205
-147.400192758	-76.0804225654
-147.396222336	-76.0798114449
-147.392252266	-76.0792002589
-147.388282548	-76.0785890075
-147.384313182	-76.0779776907
-147.381773072	-76.0789330423
-147.377803895	-76.0783216165
-147.37383507	-76.0777101253
-147.369866598	-76.0770985687
-147.365898477	-76.0764869468
-147.361930708	-76.0758752594
-147.357963291	-76.0752635066
-147.353996226	-76.0746516885
-147.350029513	-76.0740398051
-147.347487754	-76.074994783
-147.343521231	-76.0743827906
-147.33955506	-76.0737707329
-147.335589241	-76.0731586098
-147.329081016	-76.0735011999
-147.325115739	-76.0728889026
-147.321150814	-76.0722765401
-147.317186241	-76.0716641122
-147.314642647	-76.0726187346
-147.310678265	-76.0720061979
-147.308134157	-76.0729607513
-147.304169965	-76.0723481057
-147.301625344	-76.0733025902
-147.297661343	-76.0726898358
-147.291152399	-76.0730313881
-147.288606751	-76.0739857347
-147.284643132	-76.0733727625
-147.278133544	-76.0737139592
-147.274170469	-76.073100813
-147.26766075	-76.073441723
-147.263698219	-76.0728284027
-147.261150709	-76.0737824551
-147.257188369	-76.073169026
-147.253226382	-76.0725555317
-147.249264747	-76.0719419722
-147.245303465	-76.0713283475
-147.24275496	-76.0722822
-147.23879387	-76.0716684666
-147.234833131	-76.0710546679
-147.230872746	-76.0704408041
-147.226912712	-76.0698268752
-147.224363214	-76.0707805277
-147.220403373	-76.07016649
-147.217853362	-76.0711200734
-147.213893713	-76.070505927
-147.211343189	-76.0714594413
-147.204832696	-76.0717986312
-147.200873432	-76.0711842672
-147.198321883	-76.0721376432
-147.194362812	-76.0715231704
-147.191810751	-76.0724764773
-147.187851872	-76.0718618957
-147.185299298	-76.0728151334
-147.181340613	-76.0722004431
-147.178787526	-76.0731536116
-147.174829034	-76.0725388126
-147.172275435	-76.0734919118
-147.168317135	-76.072877004
-147.165763024	-76.0738300341
-147.161804918	-76.0732150175
-147.159250294	-76.0741679783
-147.155292381	-76.073552853
-147.152737245	-76.0745057445
-147.148779526	-76.0738905105
-147.146223877	-76.0748433328
-147.142266352	-76.07422799
-147.13971019	-76.0751807429
-147.137153676	-76.0761334703
-147.133196185	-76.0755179751
-147.130639158	-76.0764706331
-147.126681861	-76.0758550292
-147.120167219	-76.0761919052
-147.113652259	-76.0765286031
-147.109695704	-76.0759127166
-147.107136981	-76.0768651229
-147.10318062	-76.0762491277
-147.096665219	-76.0765853607
-147.092709406	-76.0759691918
-147.088753947	-76.075352958
-147.086193882	-76.076305138
-147.082238618	-76.0756887955
-147.075722971	-76.0760244548
-147.071768255	-76.0754079386
-147.069207007	-76.0763599359
-147.065252486	-76.0757433111
-147.062690726	-76.0766952389
-147.058736401	-76.0760785054
-147.056174129	-76.0770303637
-147.052219999	-76.0764135215
-147.049657215	-76.0773653104
-147.04570328	-76.0767483595
-147.039186245	-76.0770830192
-147.032668894	-76.0774175008
-147.028715705	-76.0768002677
-147.026151227	-76.0777518041
-147.022198233	-76.0771344623
-147.019633244	-76.0780859292
-147.015680446	-76.0774684788
-147.011728003	-76.0768509635
-147.009162344	-76.0778023169
-147.005210096	-76.077184693
-147.001258203	-76.0765670042
-146.998691874	-76.0775182443
-146.994740177	-76.0769004468
-146.990788834	-76.0762825846
-146.988221837	-76.0772337112
-146.98427069	-76.0766157403
-146.981703181	-76.0775667973
-146.979135318	-76.0785178284
-146.975184211	-76.0778997051
-146.972615836	-76.0788506665
-146.970047107	-76.079801602
-146.967478024	-76.0807525117
-146.964908586	-76.0817033955
-146.962338794	-76.0826542534
-146.959768648	-76.0836050855
-146.957198147	-76.0845558916
-146.954627291	-76.0855066719
-146.95205608	-76.0864574262
-146.949484515	-76.0874081547
-146.946912595	-76.0883588572
-146.94434032	-76.0893095338
-146.94176769	-76.0902601844
-146.939194706	-76.0912108092
-146.936621366	-76.092161408
-146.934047671	-76.0931119808
-146.93147362	-76.0940625277
-146.928899215	-76.0950130486
-146.932853153	-76.0956319616
-146.930278549	-76.0965825005
-146.92770359	-76.0975330134
-146.925128276	-76.0984835004
-146.922552605	-76.0994339614
-146.91997658	-76.1003843964
-146.917400199	-76.1013348054
-146.914823462	-76.1022851884
-146.912246369	-76.1032355454
-146.90966892	-76.1041858763
-146.907091116	-76.1051361813
-146.904512955	-76.1060864603
-146.901934439	-76.1070367132
-146.897978615	-76.1064172729
-146.895399586	-76.1073674558
-146.8928202	-76.1083176127
-146.890240458	-76.1092677435
-146.887660359	-76.1102178483
-146.891616811	-76.1108374645
-146.889036513	-76.1117875873
-146.886455859	-76.1127376839
-146.883874849	-76.1136877545
-146.881293482	-76.114637799
-146.885250918	-76.1152575264
-146.882669351	-76.1162075888
-146.880087428	-76.1171576251
-146.884045535	-76.1177773757
-146.881463412	-76.11872743
-146.878880932	-76.1196774582
-146.88283971	-76.1202972319
-146.88025703	-76.121247278
-146.884216322	-76.121867031
-146.881633443	-76.122817095
-146.885593249	-76.1234368271
-146.88301017	-76.1243869091
-146.88697049	-76.1250066203
-146.888348046	-76.1265764106
-146.885764567	-76.1275265285
-146.889725917	-76.128146198
-146.887142238	-76.1290963338
-146.884558202	-76.1300464435
-146.881973809	-76.1309965271
-146.885935988	-76.1316162639
-146.883351394	-76.1325663654
-146.880766444	-76.1335164408
-146.882144144	-76.1350862942
-146.879558635	-76.1360363614
-146.876972769	-76.1369864025
-146.878350383	-76.1385562888
-146.875763959	-76.1395063218
-146.873177176	-76.1404563285
-146.877141688	-76.1410762231
-146.874554705	-76.1420262478
-146.871967364	-76.1429762464
-146.875932549	-76.1435961642
-146.873345008	-76.1445461807
-146.870757108	-76.145496171
-146.86816885	-76.1464461352
-146.865580233	-76.1473960733
-146.862991259	-76.1483459851
-146.860401925	-76.1492958708
-146.86177888	-76.1508658919
-146.859188987	-76.1518157693
-146.856598736	-76.1527656205
-146.854008126	-76.1537154455
-146.851417157	-76.1546652443
-146.848825829	-76.1556150169
-146.852793622	-76.1562353343
-146.850202093	-76.1571851248
-146.847610204	-76.1581348891
-146.845017957	-76.1590846272
-146.842425351	-76.160034339
-146.846394133	-76.1606547681
-146.843801325	-76.1616044978
-146.841208158	-76.1625542013
-146.838614632	-76.1635038786
-146.836020746	-76.1644535296
-146.833426501	-76.1654031544
-146.830831896	-76.1663527529
-146.828236931	-76.1673023251
-146.825641607	-76.168251871
-146.823045924	-76.1692013907
-146.82044988	-76.1701508841
-146.817853477	-76.1711003511
-146.815256713	-76.1720497919
-146.819227746	-76.1726706864
-146.81663078	-76.1736201451
-146.814033455	-76.1745695774
-146.811435769	-76.1755189835
-146.808837723	-76.1764683632
-146.806239317	-76.1774177166
-146.80364055	-76.1783670437
-146.801041423	-76.1793163444
-146.797069288	-76.1786951401
-146.794469644	-76.1796443702
-146.791869639	-76.180593574
-146.789269273	-76.1815427514
-146.785297026	-76.1809213493
-146.782696143	-76.181870456
-146.780094898	-76.1828195364
-146.776122698	-76.1821979807
-146.773520935	-76.1831469904
-146.770918812	-76.1840959736
-146.766946658	-76.1834742644
-146.764344017	-76.1844231769
-146.761741015	-76.1853720631
-146.759137652	-76.1863209228
-146.756533928	-76.187269756
-146.752561507	-76.1866478046
-146.749957264	-76.1875965671
-146.747352661	-76.1885453032
-146.744747697	-76.1894940128
-146.742142371	-76.1904426959
-146.739536684	-76.1913913526
-146.736930636	-76.1923399829
-146.734324226	-76.1932885866
-146.731717454	-76.1942371639
-146.729110321	-76.1951857147
-146.726502827	-76.196134239
-146.723894971	-76.1970827368
-146.721286752	-76.198031208
-146.718678172	-76.1989796528
-146.716069231	-76.199928071
-146.713459927	-76.2008764627
-146.710850261	-76.2018248279
-146.708240233	-76.2027731666
-146.705629843	-76.2037214787
-146.70301909	-76.2046697642
-146.706994494	-76.2052925586
-146.704383536	-76.206240862
-146.701772216	-76.2071891389
-146.705748296	-76.2078119571
-146.703136771	-76.2087602518
-146.70711337	-76.2093830495
-146.704501639	-76.210331362
-146.701889545	-76.211279648
-146.705866821	-76.2119024695
-146.703254521	-76.2128507733
-146.700641859	-76.2137990506
-146.704619812	-76.2144218959
-146.702006944	-76.215370191
-146.705985417	-76.2159930157
-146.703372343	-76.2169413287
-146.700758906	-76.2178896151
-146.704738056	-76.2185124636
-146.702124413	-76.2194607679
-146.699510408	-76.2204090456
-146.703490235	-76.2210319179
-146.697012028	-76.2254479256
-146.700993211	-76.2260708457
-146.69837786	-76.2270191237
-146.695762146	-76.2279673752
-146.699744007	-76.2285903191
-146.697128086	-76.2295385884
-146.694511802	-76.2304868312
-146.698494341	-76.2311097989
-146.695877851	-76.2320580595
-146.693260997	-76.2330062935
-146.690643779	-76.2339545008
-146.688026197	-76.2349026814
-146.692009729	-76.2355257621
-146.68939194	-76.2364739606
-146.686773788	-76.2374221325
-146.684155271	-76.2383702778
-146.68153639	-76.2393183964
-146.685520916	-76.23994159
-146.682901828	-76.2408897264
-146.680282376	-76.2418378362
-146.677662559	-76.2427859193
-146.679027898	-76.2443572823
-146.67640751	-76.2453053566
-146.677772956	-76.2468767348
-146.675151996	-76.2478248002
-146.672530672	-76.248772839
-146.676517551	-76.2493961935
-146.673896019	-76.2503442501
-146.671274122	-76.25129228
-146.675261681	-76.2519156585
-146.672639576	-76.2528637063
-146.670017107	-76.2538117274
-146.674005346	-76.2544351298
-146.671382669	-76.2553831688
-146.668759627	-76.256331181
-146.672748546	-76.2569546074
-146.670125296	-76.2579026375
-146.667501681	-76.2588506409
-146.671491281	-76.2594740913
-146.668867458	-76.2604221126
-146.670233551	-76.2619935815
-146.667609155	-76.2629415938
-146.664984393	-76.2638895795
-146.668975355	-76.2645130779
-146.666350385	-76.2654610814
-146.66372505	-76.2664090581
-146.667716693	-76.2670325805
-146.66509115	-76.2679805752
-146.66246524	-76.268928543
-146.666457565	-76.2695520895
-146.663831447	-76.2705000752
-146.661204964	-76.2714480342
-146.66519797	-76.2720716046
-146.662571279	-76.2730195815
-146.663937909	-76.274591126
-146.661310643	-76.275539094
-146.665304855	-76.2761626678
-146.662677381	-76.2771106537
-146.666672118	-76.2777342069
-146.670667221	-76.2783576947
-146.668039696	-76.2793057431
-146.672035324	-76.2799292104
-146.676031319	-76.2805526122
-146.673403744	-76.2815007232
-146.677400263	-76.2821241044
-146.681397149	-76.2827474203
-146.678769524	-76.2836955938
-146.682766934	-76.284318889
-146.680139101	-76.2852670804
-146.684137037	-76.2858903549
-146.688135339	-76.286513564
-146.685507456	-76.287461818
-146.689506284	-76.2880850064
-146.693505479	-76.2887081294
-146.690877546	-76.289656446
-146.694877266	-76.2902795483
-146.698877354	-76.2909025851
-146.702877808	-76.2915255565
-146.700249984	-76.2924739805
-146.704250964	-76.2930969311
-146.708252311	-76.2937198163
-146.705624438	-76.2946683029
-146.709626311	-76.2952911673
-146.713628552	-76.2959139663
-146.717631159	-76.2965366997
-146.721634133	-76.2971593677
-146.725637475	-76.2977819702
-146.729641183	-76.2984045072
-146.733645259	-76.2990269787
-146.731018133	-76.2999757513
-146.735022736	-76.300598202
-146.739027706	-76.301220587
-146.743033043	-76.3018429066
-146.747038747	-76.3024651606
-146.751044819	-76.303087349
-146.755051257	-76.3037094718
-146.759058064	-76.3043315291
-146.763065237	-76.3049535207
-146.767072778	-76.3055754468
