> -L"antarctic_islands_coastlines"
-12.749808328	-72.0198788052
-12.737221655	-72.0230616614
-12.738023763	-72.0241574797
-12.734475241	-72.0244051634
-12.73092662	-72.0246527793
-12.73172841	-72.0257486294
-12.728179481	-72.0259961938
-12.725431925	-72.0273395723
-12.721882589	-72.0275870172
-12.722683952	-72.0286829149
-12.719134308	-72.0289303081
-12.716385609	-72.0302735632
-12.712835558	-72.030520837
-12.713636493	-72.0316167823
-12.710086133	-72.0318640044
-12.706535675	-72.0321111588
-12.707336292	-72.0332071358
-12.703785525	-72.0334542385
-12.704586032	-72.0345502313
-12.696332746	-72.038579302
-12.697133023	-72.0396753418
-12.693580815	-72.0399222535
-12.694380982	-72.0410183092
-12.691628523	-72.0423612405
-12.69242868	-72.0434573117
-12.689675692	-72.0448002227
-12.690475838	-72.0458963094
-12.687722323	-72.0472392002
-12.688522458	-72.0483353023
-12.684968388	-72.048582055
-12.685768413	-72.0496781729
-12.682214035	-72.0499248737
-12.683013951	-72.0510210074
-12.679459264	-72.0512676564
-12.680259069	-72.0523638058
-12.676704073	-72.052610403
-12.677503768	-72.0537065682
-12.673948464	-72.0539531135
-12.674748049	-72.0550492944
-12.671192436	-72.0552957879
-12.671991911	-72.0563919846
-12.668435989	-72.0566384263
-12.664879968	-72.0568848
-12.665679123	-72.0579810285
-12.662122793	-72.0582273504
-12.658566365	-72.0584736044
-12.659365199	-72.0595698646
-12.655808462	-72.0598160667
-12.656607186	-72.0609123427
-12.653050139	-72.0611584929
-12.649492994	-72.0614045752
-12.650291398	-72.0625008829
-12.646733943	-72.0627469133
-12.647532236	-72.0638432368
-12.643974473	-72.0640892152
-12.644772656	-72.0651855545
-12.641214583	-72.065431481
-12.642012655	-72.066527836
-12.638454274	-72.0667737106
-12.639252235	-72.0678700813
-12.635693545	-72.0681159039
-12.636491395	-72.0692122904
-12.632932396	-72.069458061
-12.630170827	-72.0708001819
-12.626611419	-72.0710458327
-12.627408838	-72.0721422666
-12.623849121	-72.0723878654
-12.624646428	-72.073484315
-12.621086403	-72.0737298618
-12.621883599	-72.0748263272
-12.618323264	-72.075071822
-12.61476283	-72.0753172488
-12.615559705	-72.0764137459
-12.611998962	-72.0766591207
-12.612795726	-72.0777556335
-12.613592589	-72.0788521461
-12.610031326	-72.0790974848
-12.610828078	-72.0801940131
-12.611624929	-72.0812905412
-12.608063147	-72.0815358438
-12.608859886	-72.0826323876
-12.609656725	-72.0837289312
-12.60689115	-72.0850707571
-12.607687976	-72.0861673162
-12.604921869	-72.0875091215
-12.605718683	-72.0886056961
-12.602952044	-72.0899474807
-12.603748846	-72.0910440708
-12.600184983	-72.091289229
-12.600981673	-72.0923858349
-12.601778463	-72.0934824405
-12.59821408	-72.0937275626
-12.595446065	-72.0950692539
-12.591881273	-72.0953142558
-12.592677629	-72.0964109088
-12.589112527	-72.0966558586
-12.589908771	-72.0977525273
-12.587139492	-72.0990941094
-12.587935723	-72.1001907937
-12.584369791	-72.1004356551
-12.585165911	-72.1015323551
-12.585962129	-72.1026290549
-12.582395676	-72.1028738801
-12.583191783	-72.1039705956
-12.57962502	-72.1042153687
-12.576058157	-72.1044600737
-12.576853941	-72.1055568208
-12.573286769	-72.1058014736
-12.570514958	-72.1071428371
-12.566947376	-72.1073873696
-12.567742725	-72.1084841641
-12.564174833	-72.1087286444
-12.560606843	-72.1089730565
-12.561401868	-72.1100698827
-12.557833567	-72.1103142426
-12.558628481	-72.1114110845
-12.555059869	-72.1116553921
-12.555854671	-72.1127522498
-12.552285749	-72.1129965052
-12.553080438	-72.1140933785
-12.553875226	-72.1151902516
-12.550305783	-72.1154344707
-12.551100458	-72.1165313596
-12.547530705	-72.1167755264
-12.548325268	-72.1178724309
-12.545549655	-72.1192134658
-12.546344205	-72.1203103858
-12.542773619	-72.120554464
-12.539997159	-72.1218954257
-12.536426164	-72.1221393834
-12.537220277	-72.1232363508
-12.533648971	-72.1234802562
-12.530871355	-72.1248210924
-12.527299639	-72.1250648773
-12.528093316	-72.126161892
-12.524521289	-72.1264056245
-12.520949164	-72.1266492888
-12.521742516	-72.1277463351
-12.51817008	-72.1279899471
-12.518963319	-72.1290870091
-12.515390572	-72.1293305687
-12.516183699	-72.1304276464
-12.512610641	-72.1306711536
-12.513403654	-72.131768247
-12.509830286	-72.1320117019
-12.510623187	-72.1331088109
-12.507049508	-72.1333522134
-12.507842295	-72.1344493382
-12.504268305	-72.1346926883
-12.505060979	-72.1357898288
-12.501486678	-72.1360331265
-12.50227924	-72.1371302826
-12.5030719	-72.1382274386
-12.499497076	-72.1384706998
-12.500289623	-72.1395678714
-12.501082268	-72.1406650429
-12.497506922	-72.1409082675
-12.498299454	-72.1420054547
-12.499092086	-72.1431026416
-12.499884816	-72.1441998284
-12.496308734	-72.1444430324
-12.497101351	-72.1455402349
-12.497894067	-72.1466374371
-12.495110064	-72.1479778225
-12.495902765	-72.1490750403
-12.496695566	-72.1501722579
-12.493118224	-72.1504154046
-12.493910911	-72.1515126379
-12.490333258	-72.1517557321
-12.491125832	-72.1528529811
-12.491918505	-72.1539502299
-12.488340328	-72.1541932875
-12.489132887	-72.155290552
-12.489925545	-72.1563878163
-12.486346844	-72.1566308373
-12.487139389	-72.1577281173
-12.487932033	-72.1588253971
-12.488724775	-72.1599226767
-12.489517617	-72.1610199562
-12.490310558	-72.1621172354
-12.491103598	-72.1632145144
-12.491896738	-72.1643117933
-12.492689976	-72.1654090719
-12.493483313	-72.1665063504
-12.49427675	-72.1676036287
-12.490695823	-72.1678467402
-12.491489146	-72.1689440341
-12.487907906	-72.1691870931
-12.488701116	-72.1702844028
-12.489494424	-72.1713817122
-12.490287832	-72.1724790215
-12.491081339	-72.1735763306
-12.491874945	-72.1746736395
-12.495457248	-72.174430501
-12.496251167	-72.1755277938
-12.497045184	-72.1766250864
-12.500627815	-72.1763818476
-12.501422145	-72.1774791241
-12.502216574	-72.1785764003
-12.505799531	-72.1783330613
-12.506594273	-72.1794303214
-12.510177344	-72.179186898
-12.513760315	-72.1789434061
-12.514555583	-72.1800406342
-12.518138668	-72.1797970579
-12.521721653	-72.1795534132
-12.522517446	-72.1806506092
-12.523313338	-72.181747805
-12.52689665	-72.1815040599
-12.527692855	-72.1826012395
-12.53127628	-72.18235741
-12.532072798	-72.1834545734
-12.536453167	-72.1843078067
-12.537250097	-72.1854049537
-12.540833963	-72.1851609394
-12.541631205	-72.1862580703
-12.545215184	-72.1860139715
-12.546012739	-72.1871110861
-12.5503947	-72.1879640013
-12.551192668	-72.1890610995
-12.555575368	-72.1899138978
-12.5591599	-72.1896695297
-12.559958494	-72.1907665954
-12.563543139	-72.1905221428
-12.564342046	-72.1916191923
-12.565141053	-72.1927162415
-12.568726025	-72.1924716884
-12.569525345	-72.1935687214
-12.57311043	-72.1933240839
-12.573910063	-72.1944211006
-12.578295208	-72.1952733789
-12.579095255	-72.1963703791
-12.579895402	-72.1974673791
-12.583481139	-72.1972225404
-12.5842816	-72.1983195241
-12.585082161	-72.1994165075
-12.588668224	-72.1991715683
-12.589469098	-72.2002685354
-12.593856462	-72.2011204624
-12.597442752	-72.2008753541
-12.598244253	-72.2019722886
-12.60263247	-72.2028240139
-12.607021114	-72.2036756383
-12.610607742	-72.2034302764
-12.611410184	-72.2045271619
-12.614996925	-72.2042817153
-12.618583565	-72.2040362003
-12.622170105	-72.2037906167
-12.622973288	-72.2048874537
-12.62655994	-72.2046417856
-12.630146492	-72.2043960489
-12.633732943	-72.2041502438
-12.637319293	-72.2039043702
-12.640905543	-72.2036584281
-12.645296255	-72.2045091576
-12.648882517	-72.2042630624
-12.652468677	-72.2040168987
-12.656054738	-72.2037706665
-12.659640697	-72.2035243659
-12.658835282	-72.2024276902
-12.662420927	-72.2021813372
-12.666006471	-72.2019349158
-12.665200731	-72.2008382721
-12.668785962	-72.2005917983
-12.672371091	-72.200345256
-12.671565026	-72.1992486443
-12.675149842	-72.1990020498
-12.678734557	-72.1987553867
-12.682319171	-72.1985086553
-12.681512567	-72.1974120917
-12.685096868	-72.1971653079
-12.688681067	-72.1969184557
-12.692265166	-72.1966715351
-12.691458024	-72.1955750196
-12.695041809	-72.1953280467
-12.698625493	-72.1950810054
-12.702209075	-72.1948338956
-12.701401397	-72.1937374284
-12.704984666	-72.1934902664
-12.708567834	-72.193243036
-12.712150901	-72.1929957372
-12.711342685	-72.1918993181
-12.714925438	-72.1916519671
-12.71850809	-72.1914045476
-12.71769955	-72.1903081606
-12.721281889	-72.1900606889
-12.724864126	-72.1898131489
-12.724055262	-72.1887167939
-12.727637186	-72.1884692017
-12.73040982	-72.1871252182
-12.733991329	-72.1868775054
-12.736763225	-72.1855334334
-12.740344319	-72.1852856001
-12.743925312	-72.1850376985
-12.743115477	-72.1839414397
-12.746696156	-72.1836934859
-12.750276734	-72.1834454638
-12.753857211	-72.1831973733
-12.757437586	-72.1829492145
-12.756627004	-72.1818530202
-12.760207065	-72.1816048092
-12.763787026	-72.18135653
-12.767366885	-72.1811081824
-12.766555767	-72.1800120365
-12.770135313	-72.1797636368
-12.773714757	-72.1795151688
-12.772903316	-72.178419055
-12.776482447	-72.1781705349
-12.780061476	-72.1779219465
-12.779249713	-72.1768258648
-12.782828428	-72.1765772244
-12.782016554	-72.1754811586
-12.785594957	-72.1752324661
-12.789173258	-72.1749837054
-12.788361061	-72.1738876717
-12.791939049	-72.1736388589
-12.791126741	-72.1725428411
-12.794704416	-72.1722939763
-12.798281988	-72.1720450432
-12.797469359	-72.1709490576
-12.801046618	-72.1707000725
-12.804623777	-72.1704510191
-12.803810825	-72.1693550657
-12.80738767	-72.1691059603
-12.806574608	-72.1680100228
-12.810151139	-72.1677608654
-12.812914185	-72.1664157345
-12.816490302	-72.166166457
-12.815676808	-72.1650705675
-12.819252612	-72.164821238
-12.818439008	-72.1637253644
-12.822014498	-72.163475983
-12.824775962	-72.1621306919
-12.828351037	-72.1618811904
-12.827537002	-72.1607853649
-12.831111765	-72.1605358114
-12.834686426	-72.1602861897
-12.833872069	-72.1591903964
-12.837446417	-72.1589407228
-12.841020664	-72.158690981
-12.844594808	-72.158441171
-12.848168852	-72.1581912928
-12.847353751	-72.1570955643
-12.850927481	-72.1568456343
-12.854501109	-72.1565956361
-12.857259003	-72.1552498897
-12.860832217	-72.1549997715
-12.863589375	-72.1536539374
-12.867162174	-72.1534036991
-12.870734872	-72.1531533927
-12.869918598	-72.1520577773
-12.873490982	-72.1518074191
-12.872674599	-72.1507118196
-12.87624667	-72.1504614096
-12.875430177	-72.1493658261
-12.879001936	-72.1491153642
-12.878185334	-72.1480197966
-12.88175678	-72.147769283
-12.880940069	-72.1466737313
-12.884511202	-72.1464231659
-12.883694382	-72.1453276302
-12.882877664	-72.144232094
-12.886448273	-72.1439814932
-12.885631445	-72.1428859729
-12.88481472	-72.1417904523
-12.888384806	-72.1415398161
-12.887567971	-72.1404443114
-12.891137745	-72.1401936234
-12.890320801	-72.1390981346
-12.893890262	-72.1388473949
-12.893073209	-72.137751922
-12.896642358	-72.1375011306
-12.895825196	-72.1364056737
-12.895008136	-72.1353102164
-12.898576762	-72.1350593895
-12.897759593	-72.1339639482
-12.901327906	-72.1337130696
-12.900510629	-72.1326176442
-12.907646528	-72.1321157156
-12.906828932	-72.1310203225
-12.910396518	-72.1307692725
-12.909578813	-72.1296738953
-12.908761209	-72.1285785177
-12.912328273	-72.1283274324
-12.911510561	-72.1272320707
-12.910692951	-72.1261367087
-12.914259492	-72.125885588
-12.913441774	-72.1247902419
-12.917008003	-72.1245390696
-12.916190175	-72.1234437394
-12.91537245	-72.1223484088
-12.918938157	-72.1220972013
-12.918120323	-72.1210018866
-12.921685718	-72.1207506274
-12.920867776	-72.1196553287
-12.920049935	-72.1185600295
-12.923614808	-72.1183087351
-12.922796859	-72.1172134519
-12.921979012	-72.1161181683
-12.925543363	-72.1158668385
-12.924725407	-72.1147715709
-12.923907554	-72.1136763028
-12.927471383	-72.1134249378
-12.926653421	-72.1123296857
-12.930216938	-72.1120782691
-12.929398868	-72.1109830329
-12.9285809	-72.1098877963
-12.932143895	-72.1096363445
-12.931325819	-72.1085411239
-12.930507844	-72.1074459028
-12.934070318	-72.1071944158
-12.933252235	-72.1060992106
-12.935996207	-72.1047524829
-12.935178118	-72.1036572932
-12.938739759	-72.1034057195
-12.937921562	-72.1023105458
-12.937103467	-72.1012153717
-12.940664587	-72.1009637629
-12.939846384	-72.0998686047
-12.939028282	-72.0987734461
-12.942588882	-72.098521802
-12.941770672	-72.0974266594
-12.940952564	-72.0963315163
-12.944512643	-72.0960798371
-12.943694427	-72.09498471
-12.942876313	-72.0938895825
-12.946435871	-72.0936378681
-12.945617649	-72.0925427565
-12.948358566	-72.091195895
-12.947540338	-72.090100799
-12.951099064	-72.089848998
-12.950280729	-72.0887539179
-12.953839144	-72.0885020655
-12.953020701	-72.0874070013
-12.955760254	-72.0860600491
-12.954941805	-72.0849650005
-12.954123457	-72.0838699514
-12.957680832	-72.0836180288
-12.956862377	-72.0825229956
-12.960419442	-72.0822710216
-12.959600879	-72.0811760044
-12.958782418	-72.0800809867
-12.962338962	-72.0798289776
-12.961520394	-72.078733976
-12.960701927	-72.0776389739
-12.959883562	-72.0765439713
-12.959065298	-72.0754489684
-12.962620905	-72.0751969569
-12.961802534	-72.0741019699
-12.960984264	-72.0730069825
-12.960166096	-72.0719119946
-12.963720975	-72.0716599646
-12.962902699	-72.0705649926
-12.962084525	-72.0694700203
-12.964820603	-72.0681229988
-12.964002424	-72.067028042
-12.963184346	-72.0659330847
-12.962366369	-72.064838127
-12.961548494	-72.0637431689
-12.965101708	-72.0634911179
-12.964283725	-72.0623961758
-12.963465844	-72.0613012332
-12.962648065	-72.0602062902
-12.966200551	-72.0599542205
-12.965382665	-72.0588592935
-12.964564879	-72.057764366
-12.963747195	-72.0566694381
-12.967298955	-72.0564173498
-12.966481164	-72.0553224378
-12.965663474	-72.0542275254
-12.964845886	-72.0531326126
-12.964028399	-72.0520376994
-12.963211013	-72.0509427858
-12.962393729	-72.0498478717
-12.961576546	-72.0487529573
-12.960759464	-72.0476580424
-12.959942484	-72.0465631271
-12.959125604	-72.0454682114
-12.958308826	-72.0443732952
-12.957492149	-72.0432783787
-12.956675573	-72.0421834618
-12.955859099	-72.0410885444
-12.955042725	-72.0399936266
-12.95149409	-72.0402454698
-12.950678026	-72.0391505353
-12.949862063	-72.0380556004
-12.949046201	-72.0369606651
-12.94823044	-72.0358657293
-12.94741478	-72.0347707932
-12.946599221	-72.0336758567
-12.945783763	-72.0325809198
-12.944968406	-72.0314859825
-12.94415315	-72.0303910447
-12.943337994	-72.0292961066
-12.94252294	-72.0282011681
-12.941707987	-72.0271062292
-12.938161747	-72.0273578089
-12.937347103	-72.0262628533
-12.936532559	-72.0251678973
-12.932986635	-72.0254193768
-12.9321724	-72.0243244041
-12.931358265	-72.0232294311
-12.930544231	-72.0221344576
-12.929730299	-72.0210394837
-12.928916467	-72.0199445095
-12.928102735	-72.0188495349
-12.927289104	-72.0177545598
-12.926475574	-72.0166595844
-12.925662145	-72.0155646087
-12.924848816	-72.0144696325
-12.924035588	-72.013374656
-12.92322246	-72.012279679
-12.926765891	-72.0120283949
-12.925952657	-72.0109334339
-12.925139523	-72.0098384724
-12.924326489	-72.0087435106
-12.923513556	-72.0076485485
-12.922700724	-72.0065535859
-12.921887992	-72.005458623
-12.918345805	-72.0057098095
-12.917533381	-72.00461483
-12.916721058	-72.00351985
-12.915908835	-72.0024248697
-12.91236717	-72.00267594
-12.911555255	-72.001580943
-12.908013697	-72.0018319295
-12.90720209	-72.000736916
-12.906390583	-71.9996419021
-12.902849339	-71.9998927886
-12.90203814	-71.9987977581
-12.898497004	-71.9990485608
-12.894955768	-71.999299296
-12.891414432	-71.9995499638
-12.887872995	-71.999800564
-12.884331458	-72.0000510966
-12.880789822	-72.0003015618
-12.877248085	-72.0005519594
-12.876438437	-71.999456815
-12.87562889	-71.9983616703
-12.874819443	-71.9972665252
-12.871278228	-71.9975168067
-12.870469088	-71.996421645
-12.866119149	-71.9955766646
-12.862578149	-71.9958267787
-12.861769624	-71.994731584
-12.858228732	-71.9949816144
-12.854687739	-71.9952315772
-12.851146647	-71.9954814726
-12.85195455	-71.9965767158
-12.848413151	-71.9968265598
-12.844871651	-71.9970763362
-12.845679239	-71.9981716115
-12.842137432	-71.9984213365
-12.842944912	-71.9995166276
-12.839402798	-71.9997663013
-12.835860584	-72.0000159074
-12.836667748	-72.0011112305
-12.833125227	-72.0013607853
-12.829582606	-72.0016102725
-12.826039885	-72.0018596921
-12.822497064	-72.0021090441
-12.82169073	-72.0010136565
-12.818148018	-72.0012629248
-12.814605206	-72.0015121256
-12.815411124	-72.0026075456
-12.811868004	-72.0028566949
-12.808324784	-72.0031057767
-12.804781465	-72.0033547909
-12.801238047	-72.0036037375
-12.802043233	-72.0046992216
-12.798499507	-72.0049481168
-12.799304586	-72.0060436167
-12.795760552	-72.0062924604
-12.792216419	-72.0065412365
-12.793021181	-72.0076367683
-12.78947674	-72.0078854929
-12.790281394	-72.0089810406
-12.786736646	-72.0092297137
-12.783191798	-72.0094783191
-12.783996135	-72.0105738987
-12.78045098	-72.0108224526
-12.776905725	-72.011070939
-12.773360371	-72.0113193576
-12.774164183	-72.0124149852
-12.771422225	-72.0137589958
-12.768679851	-72.0151029705
-12.76593706	-72.0164469096
-12.762390475	-72.016695122
-12.763193852	-72.0177908128
-12.759646959	-72.0180389737
-12.760450228	-72.0191346803
-12.756903028	-72.0193827896
-12.753355727	-72.0196308312
-12.749808328	-72.0198788052
