> -L"antarctic_islands_coastlines"
-65.626213701	-65.5318573623
-65.624022553	-65.5338626074
-65.626440677	-65.5343168873
-65.628858894	-65.5347711257
-65.627763343	-65.5357737823
-65.630181733	-65.536228
-65.631277202	-65.5352253225
-65.633695604	-65.5356794777
-65.634790899	-65.5346767743
-65.637209312	-65.5351308672
-65.639627817	-65.5355849184
-65.638532684	-65.5365876634
-65.640951363	-65.5370416939
-65.639856218	-65.5380444547
-65.64227507	-65.5384984645
-65.641179914	-65.5395012411
-65.64359894	-65.5399552301
-65.642503773	-65.5409580226
-65.641408513	-65.54196081
-65.643827794	-65.5424147991
-65.646247167	-65.5428687465
-65.645151978	-65.5438715706
-65.647571525	-65.5443254973
-65.646476324	-65.5453283372
-65.648896045	-65.5457822431
-65.647800832	-65.5467850989
-65.646705527	-65.5477879496
-65.649125503	-65.5482418556
-65.648030187	-65.5492447221
-65.650450337	-65.5496986073
-65.652870579	-65.5501524509
-65.655290914	-65.5506062529
-65.654195749	-65.5516091769
-65.653100492	-65.5526120959
-65.652005142	-65.5536150099
-65.6509097	-65.5546179188
-65.64848904	-65.5541640335
-65.647393424	-65.5551669167
-65.646297715	-65.5561697948
-65.645201913	-65.5571726679
-65.647622817	-65.5576266157
-65.646527005	-65.5586295046
-65.648948082	-65.5590834316
-65.651369253	-65.559537317
-65.653790516	-65.5599911608
-65.656211872	-65.5604449629
-65.658633321	-65.5608987234
-65.657537822	-65.5619017115
-65.659959444	-65.5623554512
-65.658863935	-65.5633584551
-65.661285731	-65.563812174
-65.66019021	-65.5648151937
-65.662612181	-65.5652688918
-65.661516649	-65.5662719274
-65.663938793	-65.5667256046
-65.66284325	-65.567728656
-65.665265568	-65.5681823124
-65.664170014	-65.5691853797
-65.663074367	-65.5701884419
-65.665496941	-65.5706420983
-65.664401283	-65.5716451763
-65.663305532	-65.5726482494
-65.665728362	-65.5731019058
-65.6646326	-65.5741049947
-65.663536745	-65.5751080785
-65.665959831	-65.575561735
-65.664863965	-65.5765648346
-65.663768006	-65.5775679293
-65.662671955	-65.5785710189
-65.661575811	-65.5795741035
-65.663999315	-65.5800278017
-65.66290316	-65.5810309021
-65.661806912	-65.5820339976
-65.660710571	-65.583037088
-65.659614138	-65.5840401734
-65.658517612	-65.5850432537
-65.657420993	-65.5860463291
-65.656324281	-65.5870493994
-65.657651726	-65.588506288
-65.65655491	-65.5895093691
-65.655458001	-65.5905124452
-65.654361	-65.5915155163
-65.656785587	-65.5919693604
-65.655688574	-65.5929724473
-65.658113336	-65.5934262707
-65.657016312	-65.5944293734
-65.658344212	-65.5958862945
-65.657247084	-65.596889408
-65.659672277	-65.5973432106
-65.658575137	-65.5983463399
-65.657477905	-65.5993494643
-65.659903353	-65.5998032668
-65.65880611	-65.600806407
-65.657708774	-65.6018095421
-65.660134478	-65.6022633447
-65.659037131	-65.6032664957
-65.65793969	-65.6042696416
-65.656842157	-65.6052727825
-65.65574453	-65.6062759184
-65.658170654	-65.6067297627
-65.657073017	-65.6077329144
-65.655975286	-65.6087360611
-65.654877463	-65.6097392027
-65.657303925	-65.610193068
-65.65620609	-65.6111962254
-65.655108162	-65.6121993779
-65.657534881	-65.6126532431
-65.656436942	-65.6136564114
-65.658863836	-65.6141102557
-65.657765885	-65.6151134399
-65.660192954	-65.6155672634
-65.662620115	-65.6160210451
-65.66504737	-65.6164747851
-65.663949572	-65.6174780268
-65.666377001	-65.617931746
-65.665279192	-65.6189350035
-65.667706796	-65.6193887017
-65.666608976	-65.6203919751
-65.669036755	-65.6208456525
-65.667938923	-65.6218489417
-65.666840998	-65.6228522259
-65.66574298	-65.6238555051
-65.668171098	-65.6243092033
-65.667073069	-65.6253124983
-65.669501362	-65.6257661756
-65.668403321	-65.6267694865
-65.670831789	-65.6272231429
-65.673260349	-65.6276767576
-65.675689003	-65.6281303305
-65.67811775	-65.6285838616
-65.677019944	-65.6295872509
-65.679448866	-65.6300407611
-65.678351049	-65.6310441663
-65.680780146	-65.6314976555
-65.679682318	-65.6325010766
-65.68211159	-65.6329545449
-65.681013751	-65.6339579818
-65.679915819	-65.6349614136
-65.682345347	-65.6354148819
-65.681247404	-65.6364183296
-65.680149368	-65.6374217723
-65.679051238	-65.6384252099
-65.677953016	-65.6394286424
-65.6768547	-65.64043207
-65.674424761	-65.6399784972
-65.67332627	-65.6409818988
-65.670896342	-65.6405282634
-65.669797676	-65.6415316391
-65.66736776	-65.6410779409
-65.664937936	-65.640624201
-65.663839013	-65.6416275298
-65.661409201	-65.6411737272
-65.660310103	-65.6421770301
-65.657880302	-65.6417231647
-65.655450594	-65.6412692576
-65.654351239	-65.6422725136
-65.65325179	-65.6432757646
-65.652152248	-65.6442790105
-65.651052612	-65.6452822514
-65.653482648	-65.6457362421
-65.652383001	-65.6467394988
-65.654813212	-65.6471934687
-65.653713553	-65.6481967412
-65.652613802	-65.6492000087
-65.651513958	-65.6502032712
-65.65041402	-65.6512065285
-65.649313988	-65.6522097808
-65.648213864	-65.6532130281
-65.647113646	-65.6542162703
-65.646013335	-65.6552195074
-65.648444294	-65.6556736027
-65.647343972	-65.6566768557
-65.649775107	-65.6571309301
-65.648674773	-65.6581341989
-65.651106083	-65.6585882525
-65.650005738	-65.6595915372
-65.652437224	-65.6600455698
-65.651336867	-65.6610488703
-65.653768529	-65.6615028821
-65.652668161	-65.6625061984
-65.655099998	-65.6629601892
-65.653999618	-65.6639635214
-65.656431631	-65.6644174914
-65.65533124	-65.6654208394
-65.657763428	-65.6658747884
-65.656663026	-65.6668781523
-65.65909539	-65.6673320804
-65.657994976	-65.6683354602
-65.660427515	-65.6687893673
-65.662860148	-65.6692432326
-65.661759805	-65.6702466491
-65.664192614	-65.6707004935
-65.66309226	-65.6717039259
-65.665525244	-65.6721577493
-65.664424879	-65.6731611976
-65.666858038	-65.673615
-65.669291291	-65.6740687606
-65.668190997	-65.6750722456
-65.670624425	-65.6755259853
-65.66952412	-65.6765294862
-65.671957724	-65.6769832049
-65.674391422	-65.6774368817
-65.673291188	-65.6784404194
-65.675725061	-65.6788940752
-65.678159028	-65.6793476892
-65.680593088	-65.6798012613
-65.681693076	-65.6787976608
-65.684127147	-65.6792511701
-65.686561312	-65.6797046375
-65.687661042	-65.6787009901
-65.690095218	-65.6791543947
-65.692529487	-65.6796077574
-65.69496385	-65.6800610782
-65.697398307	-65.680514357
-65.699832856	-65.680967594
-65.7022675	-65.6814207891
-65.704702236	-65.6818739422
-65.705801296	-65.6808701435
-65.708236044	-65.6813232338
-65.710670885	-65.6817762822
-65.711769686	-65.6807724367
-65.714204538	-65.6812254223
-65.716639484	-65.681678366
-65.717738027	-65.6806744736
-65.720172983	-65.6811273544
-65.722608033	-65.6815801934
-65.723706318	-65.6805762542
-65.726141379	-65.6810290303
-65.727239488	-65.6800250652
-65.72967456	-65.6804777785
-65.732109724	-65.6809304499
-65.734544983	-65.6813830793
-65.735642751	-65.6803790465
-65.73807802	-65.6808316132
-65.740513383	-65.6812841379
-65.741610893	-65.6802800583
-65.744046266	-65.6807325202
-65.746481733	-65.6811849402
-65.747578985	-65.6801808138
-65.750014462	-65.6806331709
-65.752450032	-65.6810854861
-65.754885696	-65.6815377594
-65.757321453	-65.6819899907
-65.756224531	-65.6829942005
-65.758660464	-65.6834464108
-65.76109649	-65.683898579
-65.76353261	-65.6843507054
-65.765968823	-65.6848027897
-65.768405129	-65.6852548321
-65.769501637	-65.6842505179
-65.771937954	-65.6847024975
-65.773034287	-65.6836981574
-65.775470614	-65.6841500741
-65.777907035	-65.6846019489
-65.779247463	-65.6860581843
-65.781684153	-65.686509996
-65.780588057	-65.6875144145
-65.783024922	-65.6879662051
-65.785461881	-65.6884179537
-65.787898933	-65.6888696602
-65.786802992	-65.6898741363
-65.78924022	-65.6903258218
-65.790336078	-65.6893213248
-65.792773317	-65.6897729475
-65.793868999	-65.6887684247
-65.794964588	-65.6877638969
-65.797401754	-65.6882154358
-65.798497167	-65.6872108822
-65.800934344	-65.6876623583
-65.804466768	-65.6871091921
-65.805561829	-65.6861045869
-65.807999027	-65.6865559373
-65.809093912	-65.6855513063
-65.810188704	-65.6845466702
-65.812625829	-65.684997937
-65.813720446	-65.6839932752
-65.816157581	-65.6844444791
-65.817252021	-65.6834397914
-65.819689167	-65.6838909325
-65.820783432	-65.6828862191
-65.823220588	-65.6833372973
-65.824314677	-65.6823325581
-65.826751843	-65.6827835735
-65.829189103	-65.6832345469
-65.830282933	-65.6822297612
-65.83137667	-65.6812249704
-65.833813857	-65.6816758602
-65.836251137	-65.6821267079
-65.837344615	-65.6811218706
-65.839781906	-65.6815726555
-65.840875208	-65.6805677924
-65.843312509	-65.6810185145
-65.844405635	-65.6800136256
-65.846842946	-65.6804642849
-65.847935897	-65.6794593703
-65.850373218	-65.6799099668
-65.851465993	-65.6789050264
-65.853903324	-65.67935556
-65.856340748	-65.6798060516
-65.857433264	-65.6788010648
-65.859870698	-65.6792514935
-65.860963039	-65.6782464809
-65.863400483	-65.6786968469
-65.864492648	-65.6776918086
-65.866930101	-65.6781421117
-65.869367648	-65.6785923728
-65.870459555	-65.677587288
-65.872897112	-65.6780374863
-65.875334762	-65.6784876426
-65.878864069	-65.6779326047
-65.881301822	-65.6783826561
-65.883739667	-65.6788326655
-65.886177606	-65.6792826328
-65.888615637	-65.6797325581
-65.887524405	-65.6807377934
-65.889962612	-65.6811876975
-65.892400912	-65.6816375595
-65.894839305	-65.6820873795
-65.893748228	-65.6830926722
-65.896186797	-65.6835424709
-65.898625459	-65.6839922275
-65.901064213	-65.6844419421
-65.899973293	-65.6854472923
-65.902412223	-65.6858969856
-65.901321293	-65.6869023517
-65.903760399	-65.6873520237
-65.906199599	-65.6878016536
-65.905108741	-65.6888070563
-65.907548117	-65.689256665
-65.909987585	-65.6897062316
-65.912427146	-65.6901557561
-65.911336445	-65.6911612163
-65.913776182	-65.6916107195
-65.912685472	-65.6926161955
-65.911594669	-65.6936216666
-65.914034665	-65.6940711693
-65.912943852	-65.6950766563
-65.911852946	-65.6960821385
-65.910761947	-65.6970876157
-65.909670855	-65.6980930881
-65.912111277	-65.6985426318
-65.911020175	-65.69954812
-65.909928981	-65.7005536033
-65.908837693	-65.7015590817
-65.911278457	-65.7020086457
-65.91018716	-65.70301414
-65.90909577	-65.7040196294
-65.911536793	-65.7044691929
-65.910445393	-65.7054746981
-65.912886593	-65.7059242403
-65.911795183	-65.7069297614
-65.91070368	-65.7079352777
-65.909612084	-65.7089407891
-65.908520395	-65.7099462955
-65.907428613	-65.7109517971
-65.906336738	-65.7119572937
-65.90524477	-65.7129627855
-65.902802987	-65.7125130978
-65.901710843	-65.7135185638
-65.89926907	-65.7130688132
-65.89817675	-65.7140742535
-65.895734987	-65.71362444
-65.89464249	-65.7146298545
-65.892200737	-65.7141799781
-65.891108063	-65.7151853669
-65.88866632	-65.7147354275
-65.887573471	-65.7157407907
-65.886480527	-65.7167461488
-65.884038711	-65.7162961257
-65.882945592	-65.7173014582
-65.881852379	-65.7183067857
-65.87941049	-65.7178566788
-65.878317101	-65.7188619806
-65.875875221	-65.7184118108
-65.874781656	-65.7194170868
-65.872339786	-65.718966854
-65.871246045	-65.7199721043
-65.868804185	-65.7195218086
-65.867710267	-65.7205270331
-65.865268418	-65.7200766744
-65.864174323	-65.7210818731
-65.863080135	-65.7220870669
-65.860638213	-65.7216366245
-65.859543848	-65.7226417925
-65.861985854	-65.7230922557
-65.86089148	-65.7240974395
-65.863333662	-65.7245478815
-65.865775937	-65.7249982813
-65.864681636	-65.7260035019
-65.863587241	-65.7270087176
-65.861144799	-65.726558276
-65.860050228	-65.7275634659
-65.858955564	-65.7285686508
-65.856513049	-65.7281181255
-65.855418208	-65.7291232846
-65.852975703	-65.7286726963
-65.851880685	-65.7296778296
-65.849438191	-65.7292271783
-65.848342997	-65.7302322858
-65.845900512	-65.7297815716
-65.844805141	-65.7307866533
-65.843709677	-65.73179173
-65.84126712	-65.731340932
-65.840171479	-65.7323459829
-65.839075745	-65.7333510288
-65.837979918	-65.7343560697
-65.840422725	-65.7348069303
-65.839326887	-65.7358119871
-65.84176987	-65.7362628265
-65.844212947	-65.7367136237
-65.846656118	-65.7371643788
-65.845560436	-65.7381694933
-65.844464661	-65.7391746027
-65.843368793	-65.7401797072
-65.842272831	-65.7411848068
-65.841176775	-65.7421899013
-65.838733189	-65.7417390419
-65.837636956	-65.7427441107
-65.836540631	-65.7437491744
-65.835444211	-65.7447542332
-65.837888048	-65.7452051552
-65.836791618	-65.7462102299
-65.835695095	-65.7472152995
-65.838139192	-65.7476662212
-65.837042658	-65.7486713067
-65.835946032	-65.7496763873
-65.834849311	-65.750681463
-65.833752497	-65.7516865336
-65.832655589	-65.7526915992
-65.831558588	-65.7536966599
-65.830461493	-65.7547017156
-65.829364305	-65.7557067663
-65.828267023	-65.756711812
-65.830711962	-65.7571628794
-65.82961467	-65.758167941
-65.828517284	-65.7591729976
-65.830962484	-65.7596240646
-65.829865088	-65.7606291371
-65.828767597	-65.7616342046
-65.827670013	-65.7626392671
-65.826572336	-65.7636443247
-65.825474565	-65.7646493772
-65.8243767	-65.7656544247
-65.823278741	-65.7666594673
-65.820832958	-65.766208254
-65.819734822	-65.7672132707
-65.818636592	-65.7682182823
-65.817538269	-65.7692232889
-65.819984303	-65.7696745649
-65.82243043	-65.7701257987
-65.82133218	-65.7711308421
-65.823778484	-65.7715820546
-65.826224883	-65.772033225
-65.825126705	-65.7730383052
-65.827573281	-65.7734894543
-65.826475093	-65.7744945504
-65.825376812	-65.7754996416
-65.827823648	-65.7759507902
-65.826725356	-65.7769558973
-65.82562697	-65.7779609993
-65.828074067	-65.7784121476
-65.826975671	-65.7794172655
-65.829422945	-65.7798683926
-65.828324539	-65.7808735264
-65.827226039	-65.7818786552
-65.829673574	-65.7823297819
-65.828575063	-65.7833349266
-65.831022776	-65.7837860319
-65.829924255	-65.7847911926
-65.82882564	-65.7857963482
-65.831273613	-65.7862474531
-65.830174988	-65.7872526247
-65.832623139	-65.7877037083
-65.831524503	-65.7887088958
-65.830425774	-65.7897140782
-65.832874185	-65.7901651614
-65.831775445	-65.7911703598
-65.834224035	-65.7916214217
-65.833125285	-65.792626636
-65.832026441	-65.7936318452
-65.834475291	-65.7940829067
-65.833376436	-65.7950881319
-65.832277488	-65.7960933521
-65.829828471	-65.7956422487
-65.828729345	-65.7966474429
-65.827630125	-65.7976526322
-65.826530811	-65.7986578164
-65.824081637	-65.798206608
-65.822982146	-65.7992117663
-65.825431404	-65.7996629956
-65.824331902	-65.8006681697
-65.823232306	-65.8016733389
-65.825681825	-65.8021245678
-65.824582219	-65.8031297528
-65.827031916	-65.8035809604
-65.829481706	-65.8040321257
-65.828382174	-65.8050373476
-65.830832142	-65.8054884916
-65.833282204	-65.8059395934
-65.832182745	-65.8069448521
-65.834632985	-65.8073959325
-65.837083319	-65.8078469707
-65.835983933	-65.8088522663
-65.838434445	-65.8093032831
-65.840885051	-65.8097542576
-65.839785738	-65.81075959
-65.842236521	-65.8112105433
-65.841137198	-65.8122158916
-65.84358816	-65.8126668234
-65.842488826	-65.8136721877
-65.844939966	-65.8141230982
-65.843840622	-65.8151284784
-65.842741184	-65.8161338535
-65.845192585	-65.8165847636
-65.844093137	-65.8175901546
-65.842993595	-65.8185955407
-65.841893958	-65.8196009217
-65.844345705	-65.8200518523
-65.843246058	-65.8210572492
-65.845697982	-65.8215081585
-65.848150001	-65.8219590254
-65.847050428	-65.8229644592
-65.849502624	-65.8234153047
-65.848403041	-65.8244207544
-65.847303364	-65.8254261991
-65.849755822	-65.8258770443
-65.848656134	-65.8268825049
-65.847556352	-65.8278879605
-65.845103726	-65.8274370735
-65.844003766	-65.8284425032
-65.842903712	-65.8294479278
-65.840451012	-65.8289969567
-65.837998407	-65.8285459432
-65.836898091	-65.829551321
-65.834445496	-65.8291002443
-65.831992995	-65.8286491253
-65.830892417	-65.8296544561
-65.828439927	-65.8292032739
-65.82598753	-65.8287520493
-65.824886691	-65.8297573332
-65.822434305	-65.8293060455
-65.821333287	-65.8303113034
-65.818880912	-65.8298599524
-65.81642863	-65.829408559
-65.815327351	-65.83041377
-65.814225977	-65.831418976
-65.811773622	-65.8309674985
-65.809321362	-65.8305159787
-65.808219726	-65.8315211376
-65.805767477	-65.8310695546
-65.804665663	-65.8320746876
-65.802213424	-65.8316230413
-65.801111431	-65.8326281482
-65.798659203	-65.8321764387
-65.797557033	-65.8331815196
-65.795104815	-65.8327297468
-65.794002467	-65.8337348018
-65.792900024	-65.8347398516
-65.791797487	-65.8357448965
-65.794249956	-65.8361967322
-65.793147409	-65.8372017929
-65.792044767	-65.8382068486
-65.794497498	-65.838658684
-65.793394845	-65.8396637556
-65.795847754	-65.8401155697
-65.794745091	-65.8411206572
-65.797198179	-65.8415724499
-65.799651361	-65.8420242004
-65.802104637	-65.8424759085
-65.804558008	-65.8429275744
-65.805660336	-65.841922403
-65.808113717	-65.8423740055
-65.810567193	-65.8428255658
-65.811669258	-65.8418203474
-65.814122745	-65.8422718444
-65.815224632	-65.8412666
-65.817678129	-65.8417180337
-65.823686947	-65.8416154618
-65.826140643	-65.8420667476
-65.827242006	-65.8410614092
-65.829695713	-65.8415126318
-65.830796898	-65.8405072674
-65.833250615	-65.8409584267
-65.835704426	-65.8414095436
-65.836805348	-65.8404041323
-65.837906177	-65.839398716
-65.839006912	-65.8383932947
-65.841460565	-65.8388443064
-65.842561121	-65.8378388591
-65.843661583	-65.8368334068
-65.846115163	-65.8372843343
-65.847215447	-65.836278856
-65.849669037	-65.8367297203
-65.850769142	-65.835724216
-65.853222743	-65.836175017
-65.85432267	-65.8351694868
-65.856776281	-65.8356202245
-65.85787603	-65.8346146684
-65.860329651	-65.8350653429
-65.862783366	-65.835515975
-65.865237176	-65.8359665648
-65.867691079	-65.8364171122
-65.868790398	-65.8354114674
-65.871244312	-65.8358619516
-65.872343453	-65.8348562808
-65.874797377	-65.8353067017
-65.875896339	-65.834301005
-65.878350273	-65.8347513627
-65.877251394	-65.8357570803
-65.879705507	-65.8362074165
-65.882159713	-65.8366577104
-65.884614013	-65.837107962
-65.887068408	-65.8375581712
-65.889522896	-65.838008338
-65.890621355	-65.8370025158
-65.893075853	-65.8374526193
-65.894174133	-65.8364467712
-65.896628642	-65.8368968115
-65.899083245	-65.8373468094
-65.901537941	-65.837796765
-65.902635875	-65.8367908492
-65.905090582	-65.8372407414
-65.907545383	-65.8376905914
-65.910000277	-65.8381403989
-65.912455266	-65.8385901641
-65.914910349	-65.8390398869
-65.917365526	-65.8394895673
-65.916268097	-65.8404956085
-65.918723453	-65.8409452674
-65.921178902	-65.841394884
-65.923634445	-65.8418444581
-65.922537175	-65.8428505571
-65.924992897	-65.8433001097
-65.926351517	-65.8447557557
-65.928807511	-65.8452052445
-65.931263599	-65.8456546908
-65.933719781	-65.8461040948
-65.936176057	-65.8465534563
-65.938632427	-65.8470027754
-65.941088892	-65.8474520522
-65.939992108	-65.8484583083
-65.94244875	-65.8489075635
-65.941351956	-65.8499138356
-65.940255068	-65.8509201027
-65.942711974	-65.8513693573
-65.941615076	-65.8523756404
-65.940518084	-65.8533819185
-65.939420998	-65.8543881916
-65.938323819	-65.8553944598
-65.940781156	-65.8558437555
-65.939683966	-65.8568500396
-65.942141481	-65.8572993138
-65.941044282	-65.8583056139
-65.943501976	-65.8587548665
-65.945959764	-65.8592040766
-65.948417646	-65.8596532444
-65.950875623	-65.8601023696
-65.951972485	-65.859095986
-65.954430471	-65.8595450479
-65.955527154	-65.8585386384
-65.95798515	-65.858987637
-65.959081654	-65.8579812017
-65.961539659	-65.858430137
-65.963997759	-65.8588790298
-65.966455952	-65.8593278801
-65.96891424	-65.859776688
-65.971372621	-65.8602254535
-65.970276539	-65.8612319932
-65.972735099	-65.8616807371
-65.971639008	-65.8626872927
-65.974097747	-65.863136015
-65.973001645	-65.8641425866
-65.975460563	-65.8645912873
-65.974364452	-65.8655978748
-65.976823548	-65.8660465539
-65.979282738	-65.8664951905
-65.981742022	-65.8669437846
-65.984201401	-65.8673923362
-65.986660873	-65.8678408453
-65.98912044	-65.868289312
-65.990216043	-65.8672825992
-65.992675619	-65.8677310024
-65.995135289	-65.8681793632
-65.996230628	-65.8671726037
-65.998690308	-65.8676209012
-65.999785469	-65.8666141159
-66.000880536	-65.8656073257
-66.00334014	-65.8660555389
-66.004435028	-65.8650487229
-66.006894642	-65.8654968727
-66.009354349	-65.86594498
-66.010448974	-65.8649381174
-66.012908691	-65.8653861614
-66.015368501	-65.8658341628
-66.016462863	-65.8648272536
-66.018922683	-65.8652751917
-66.020016866	-65.8642682566
-66.022476695	-65.8647161314
-66.023570699	-65.8637091706
-66.026030538	-65.864156982
-66.027124363	-65.8631499955
-66.029584211	-65.8635977435
-66.032044153	-65.864045449
-66.034504188	-65.864493112
-66.036964317	-65.8649407325
-66.039424541	-65.8653883104
-66.041884858	-65.8658358459
-66.042978081	-65.8648287294
-66.045438407	-65.8652762015
-66.047898827	-65.865723631
-66.048991787	-65.864716468
-66.051452216	-65.8651638342
-66.053912739	-65.8656111578
-66.055005435	-65.8646039482
-66.057465967	-65.8650512085
-66.059926593	-65.8654984262
-66.058834067	-65.8665056775
-66.061294871	-65.8669528735
-66.060202335	-65.8679601407
-66.062663319	-65.868407315
-66.065124396	-65.8688544467
-66.064031936	-65.8698617507
-66.066493192	-65.8703088607
-66.068954542	-65.8707559282
-66.067862158	-65.8717632689
-66.070323686	-65.8722103147
-66.072785309	-65.8726573179
-66.075247025	-65.8731042785
-66.077708835	-65.8735511966
-66.080170739	-65.8739980721
-66.079078686	-65.875005512
-66.081540769	-65.8754523658
-66.084002945	-65.8758991769
-66.086465216	-65.8763459455
-66.08892758	-65.8767926715
-66.090019293	-65.8757851483
-66.092481666	-65.8762318109
-66.094944133	-65.8766784309
-66.097406694	-65.8771250084
-66.098498058	-65.8761174179
-66.100960627	-65.8765639319
-66.10342329	-65.8770104034
-66.10451439	-65.8760027664
-66.106977062	-65.8764491744
-66.108067984	-65.8754415118
-66.110530664	-65.8758878564
-66.111621407	-65.8748801681
-66.112712055	-65.873872475
-66.115174659	-65.8743187354
-66.120382325	-65.877672809
-66.122845474	-65.8781189407
-66.121755064	-65.8791267281
-66.12066456	-65.8801345107
-66.119573962	-65.8811422885
-66.12203746	-65.8815884399
-66.120946854	-65.8825962336
-66.123410532	-65.8830423632
-66.122319916	-65.8840501729
-66.124783773	-65.8844962806
-66.125874303	-65.8834884502
-66.128338168	-65.8839344945
-66.130802127	-65.8843804962
-66.131892393	-65.8833726193
-66.134356361	-65.8838185577
-66.136820422	-65.8842644533
-66.137910424	-65.88325653
-66.140374494	-65.8837023623
-66.141464317	-65.8826944133
-66.142554045	-65.8816864596
-66.143643681	-65.880678501
-66.144733222	-65.8796705376
-66.14582267	-65.8786625693
-66.146912024	-65.8776545963
-66.148001285	-65.8766466184
-66.149090451	-65.8756386357
-66.150179525	-65.8746306482
-66.152642921	-65.8750762508
-66.153731815	-65.8740682377
-66.154820616	-65.8730602197
-66.155909323	-65.872052197
-66.158372558	-65.8724976947
-66.160835886	-65.8729431497
-66.161924329	-65.8719350806
-66.164387665	-65.8723804723
-66.166851095	-65.8728258213
-66.167939274	-65.8718177059
-66.170402713	-65.8722629915
-66.172866245	-65.8727082345
-66.17395416	-65.8717000728
-66.1764177	-65.8721452524
-66.177505436	-65.8711370651
-66.178593078	-65.870128873
-66.179680627	-65.8691206761
-66.180768083	-65.8681124744
-66.178304884	-65.8676673778
-66.179392331	-65.8666591921
-66.180479685	-65.8656510016
-66.178016749	-65.8652059039
-66.179104095	-65.8641977293
-66.180191347	-65.8631895499
-66.177728676	-65.8627444511
-66.178815919	-65.8617362877
-66.17990307	-65.8607281195
-66.180990126	-65.8597199465
-66.178527804	-65.8592748673
-66.179614853	-65.8582667102
-66.180701808	-65.8572585484
-66.17823975	-65.856813468
-66.175777785	-65.856368345
-66.176864817	-65.8553602199
-66.175490054	-65.8539069659
-66.173028446	-65.8534617992
-66.174115462	-65.852453706
-66.171654032	-65.8520085174
-66.17274104	-65.8510004401
-66.170279789	-65.8505552297
-66.171366788	-65.8495471684
-66.172453694	-65.8485391023
-66.173540506	-65.8475310314
-66.176001502	-65.8479761796
-66.177088135	-65.8469680832
-66.178174676	-65.8459599819
-66.175713851	-65.8455148752
-66.176800383	-65.8445067899
-66.174339736	-65.8440616613
-66.17542626	-65.843053592
-66.172965791	-65.8426084416
-66.170505416	-65.8421632486
-66.171592017	-65.8411552159
-66.172678524	-65.8401471785
-66.170218412	-65.8397019844
-66.171304912	-65.8386939629
-66.168844978	-65.838248747
-66.169931469	-65.8372407414
-66.171017867	-65.8362327311
-66.17347763	-65.8366779056
-66.17456385	-65.8356698698
-66.175649976	-65.8346618292
-66.176736008	-65.8336537838
-66.17919561	-65.8340988536
-66.180281465	-65.8330907827
-66.182741075	-65.8335357892
-66.183826751	-65.8325276928
-66.18628637	-65.832972636
-66.187371868	-65.8319645142
-66.189831494	-65.8324093941
-66.190916814	-65.8314012468
-66.192002041	-65.8303930947
-66.193087174	-65.8293849378
-66.194172215	-65.8283767762
-66.191712928	-65.8279319791
-66.192797961	-65.8269238334
-66.190338853	-65.8264790145
-66.191423877	-65.8254708847
-66.188964947	-65.8250260439
-66.190049963	-65.8240179301
-66.187591211	-65.8235730675
-66.184844249	-65.8206670969
-66.182385946	-65.8202221481
-66.179927736	-65.8197771567
-66.181012898	-65.8187691321
-66.178554866	-65.8183241189
-66.181012898	-65.8187691321
-66.182097966	-65.8177611028
-66.184556006	-65.8182060528
-66.185640896	-65.8171979979
-66.186725693	-65.8161899384
-66.189183656	-65.8166348044
-66.190268275	-65.8156267194
-66.191352801	-65.8146186296
-66.192437235	-65.8136105351
-66.189979526	-65.8131657311
-66.191063951	-65.8121576525
-66.188606421	-65.8117128267
-66.189690838	-65.8107047641
-66.187233485	-65.8102599165
-66.188317894	-65.8092518698
-66.185860719	-65.8088070003
-66.18694512	-65.8077989695
-66.184488123	-65.8073540783
-66.182031219	-65.8069091445
-66.179574409	-65.8064641683
-66.180658971	-65.8054561948
-66.178202338	-65.8050111967
-66.179286891	-65.8040032392
-66.176830436	-65.8035582193
-66.177914982	-65.8025502777
-66.178999434	-65.8015423314
-66.180083794	-65.8005343803
-66.181168061	-65.7995264244
-66.178712038	-65.7990814448
-66.179796296	-65.7980735049
-66.177340451	-65.7976285035
-66.178424701	-65.7966205795
-66.175969033	-65.7961755563
-66.177053275	-65.7951676482
-66.174597785	-65.7947226032
-66.175682019	-65.7937147111
-66.173226707	-65.7932696443
-66.174310932	-65.7922617681
-66.171855798	-65.7918166796
-66.169400756	-65.7913715485
-66.166945807	-65.790926375
-66.168030193	-65.7899185561
-66.165575422	-65.7894733609
-66.163120744	-65.7890281231
-66.160666158	-65.7885828429
-66.161750706	-65.7875750814
-66.162835161	-65.786567315
-66.160380837	-65.7861220338
-66.161465284	-65.7851142834
-66.162549637	-65.7841065282
-66.160095576	-65.7836612459
-66.161179921	-65.7826535066
-66.158726038	-65.7822082025
-66.159810375	-65.7812004792
-66.157356668	-65.7807551534
-66.158440997	-65.779747446
-66.155987468	-65.7793020984
-66.153534032	-65.7788567084
-66.154618437	-65.7778490376
-66.155702749	-65.7768413621
-66.154333878	-65.7753883114
-66.155418089	-65.7743806471
-66.156502207	-65.7733729779
-66.154049379	-65.7729276065
-66.151596644	-65.7724821926
-66.152680839	-65.7714745601
-66.15376494	-65.7704669228
-66.154848948	-65.7694592808
-66.155932864	-65.768451634
-66.158385261	-65.7688969651
-66.159469	-65.7678892928
-66.160552645	-65.7668816158
-66.158100417	-65.7664363261
-66.159184055	-65.765428665
-66.160267599	-65.7644209992
-66.161351051	-65.7634133286
-66.158899169	-65.7629680585
-66.15644738	-65.7625227459
-66.153995683	-65.762077391
-66.152911978	-65.7630849995
-66.15046029	-65.7626395815
-66.148008694	-65.7621941211
-66.146924727	-65.7632016836
-66.14447314	-65.7627561601
-66.142021646	-65.7623105942
-66.140937418	-65.7633181105
-66.138485932	-65.7628724815
-66.137401526	-65.7638799724
-66.136317028	-65.7648874585
-66.138768683	-65.7653331288
-66.137684176	-65.7663406308
-66.136599576	-65.767348128
-66.135514884	-65.7683556205
-66.134430099	-65.7693631081
-66.133345221	-65.7703705911
-66.130893144	-65.7699248172
-66.12844116	-65.769479001
-66.125989269	-65.7690331424
-66.123537471	-65.7685872414
-66.122452163	-65.7695946367
-66.120000373	-65.7691486726
-66.118914888	-65.7701560425
-66.116463107	-65.7697100153
-66.114011419	-65.7692639457
-66.112925671	-65.7702712693
-66.111839831	-65.7712785882
-66.109388067	-65.7708324348
-66.10830205	-65.7718397281
-66.10721594	-65.7728470166
-66.1047641	-65.7724007794
-66.102312353	-65.7719544999
-66.101225981	-65.7729617421
-66.098774244	-65.7725153995
-66.097687694	-65.7735226162
-66.095235965	-65.7730762104
-66.094149238	-65.7740834017
-66.091697518	-65.7736369328
-66.090610614	-65.7746440985
-66.088158902	-65.7741975665
-66.085707283	-65.7737509921
-66.083255758	-65.7733043753
-66.084342914	-65.7722972718
-66.081891566	-65.7718506334
-66.079440311	-65.7714039527
-66.080527543	-65.7703968858
-66.078076465	-65.7699501834
-66.07562548	-65.7695034387
-66.076712787	-65.7684964085
-66.074261979	-65.7680496421
-66.071811265	-65.7676028334
-66.072898647	-65.7665958398
-66.07044811	-65.7661490095
-66.067997665	-65.7657021368
-66.069085124	-65.7646951799
-66.066634856	-65.7642482856
-66.064184682	-65.763801349
-66.0617346	-65.76335437
-66.062822218	-65.7623474705
-66.060372313	-65.7619004699
-66.057922502	-65.761453427
-66.059010195	-65.7604465642
-66.056560561	-65.7599994997
-66.055198788	-65.7585455667
-66.052749424	-65.7580984383
-66.053837183	-65.757091628
-66.051387996	-65.7566444781
-66.048938901	-65.7561972858
-66.050026736	-65.7551905122
-66.047577819	-65.7547432983
-66.048665644	-65.7537365406
-66.046216904	-65.7532893052
-66.04730472	-65.7522825634
-66.048392443	-65.7512758167
-66.045943964	-65.7508285805
-66.047031678	-65.7498218498
-66.044583376	-65.749374592
-66.045671082	-65.7483678772
-66.043222956	-65.7479205978
-66.044310653	-65.7469138989
-66.045398256	-65.7459071952
-66.042950391	-65.745459915
-66.044037986	-65.7444532272
-66.041590298	-65.7440059255
-66.042677884	-65.7429992535
-66.040230373	-65.7425519303
-66.041317949	-65.7415452743
-66.038870615	-65.7410979295
-66.039958183	-65.7400912894
-66.037511025	-65.739643923
-66.038598584	-65.7386372988
-66.039686049	-65.7376306698
-66.040773422	-65.736624036
-66.041860701	-65.7356173973
-66.042947888	-65.7346107538
-66.045394626	-65.7350580164
-66.048928383	-65.7344985471
-66.051375222	-65.7349457045
-66.052461972	-65.7339389891
-66.05490882	-65.7343860836
-66.057355762	-65.7348331357
-66.058442251	-65.7338263741
-66.059528647	-65.7328196077
-66.061975513	-65.7332665762
-66.063061733	-65.7322597843
-66.064147859	-65.7312529875
-66.061701161	-65.7308060605
-66.062787279	-65.7297992797
-66.060340757	-65.7293523311
-66.061426866	-65.7283455662
-66.063873304	-65.7287924941
-66.064959236	-65.7277857037
-66.066045076	-65.7267789084
-66.068491439	-65.7272257526
-66.069577102	-65.7262189319
-66.070662672	-65.7252121063
-66.068216477	-65.7247653036
-66.069302038	-65.7237584939
-66.070387507	-65.7227516795
-66.067941572	-65.7223048759
-66.069027032	-65.7212980774
-66.066581273	-65.7208512522
-66.067666725	-65.7198444696
-66.065221143	-65.7193976228
-66.062775654	-65.7189507339
-66.061690035	-65.7199574751
-66.059244554	-65.7195105231
-66.056799167	-65.719063529
-66.054353872	-65.7186164926
-66.05190867	-65.7181694139
-66.052994624	-65.7171627555
-66.054080485	-65.7161560923
-66.055166253	-65.7151494243
-66.052721395	-65.7147023655
-66.053807155	-65.7136957134
-66.054892822	-65.7126890565
-66.055978396	-65.7116823948
-66.057063878	-65.7106757283
-66.059508401	-65.7111227042
-66.061953017	-65.711569638
-66.063038239	-65.7105629253
-66.064123368	-65.7095562078
-66.066567909	-65.7100030579
-66.067652861	-65.7089963149
-66.070097411	-65.7094431021
-66.071182188	-65.7084363336
-66.072266872	-65.7074295603
-66.073351463	-65.7064227823
-66.074435961	-65.7054159994
-66.075520368	-65.7044092118
-66.076604681	-65.7034024194
-66.077688902	-65.7023956222
-66.078773031	-65.7013888202
-66.081217004	-65.7018353997
-66.082300956	-65.7008285723
-66.083384816	-65.6998217401
-66.084468583	-65.6988149031
-66.082024862	-65.6983683856
-66.083108621	-65.6973615646
-66.080665076	-65.6969150256
-66.081748826	-65.6959082204
-66.079305457	-65.6954616598
-66.080389199	-65.6944548705
-66.081472847	-65.6934480765
-66.079029738	-65.693001515
-66.076586722	-65.6925549114
-66.077670445	-65.6915481539
-66.078754077	-65.6905413916
-66.079837616	-65.6895346246
-66.077394943	-65.6890880408
-66.078478473	-65.6880812896
-66.079561911	-65.6870745337
-66.077119497	-65.686627949
-66.078202926	-65.685621209
-66.079286263	-65.6846144642
-66.080369508	-65.6836077146
-66.077927437	-65.6831611497
-66.076568778	-65.6817078296
-66.074126976	-65.681261201
-66.075210287	-65.6802545039
-66.07276866	-65.6798078538
-66.070327126	-65.6793611615
-66.067885685	-65.6789144271
-66.065444335	-65.6784676505
-66.063003079	-65.6780208317
-66.06191935	-65.6790274255
-66.059478102	-65.6785805439
-66.057036946	-65.6781336201
-66.054595883	-65.6776866541
-66.052154912	-65.677239646
-66.049714033	-65.6767925958
-66.050798179	-65.6757861053
-66.048357476	-65.6753390336
-66.049441613	-65.6743325591
-66.047001086	-65.6738854659
-66.048085214	-65.6728790072
-66.045644863	-65.6724318925
-66.046728982	-65.6714254498
-66.047813008	-65.6704190022
-66.048896943	-65.6694125499
-66.049980785	-65.6684060928
-66.052420802	-65.6688531247
-66.053504469	-65.6678466422
-66.055944495	-65.6682936113
-66.057027986	-65.6672871033
-66.059468021	-65.6677340097
-66.060551336	-65.6667274762
-66.06299138	-65.6671743198
-66.065431516	-65.6676211212
-66.066514572	-65.6666145417
-66.068954717	-65.6670612803
-66.070037597	-65.6660546753
-66.071120385	-65.6650480656
-66.072203081	-65.6640414511
-66.073285684	-65.6630348318
-66.074368195	-65.6620282077
-66.075450614	-65.6610215789
-66.07301097	-65.6605749642
-66.070571417	-65.6601283073
-66.068131957	-65.6596816084
-66.067049288	-65.6606881752
-66.064609837	-65.6602414135
-66.062170477	-65.6597946096
-66.061087549	-65.6608011303
-66.058648199	-65.6603542637
-66.056208941	-65.6599073548
-66.055125753	-65.6609138295
-66.054042474	-65.6619202995
-66.051603141	-65.6614733072
-66.049163901	-65.6610262728
-66.046724753	-65.6605791963
-66.044285697	-65.6601320777
-66.041846733	-65.659684917
-66.042930429	-65.6586785504
-66.040491641	-65.6582313682
-66.038052945	-65.6577841439
-66.039136716	-65.6567778139
-66.036698196	-65.6563305681
-66.034259768	-65.6558832803
-66.031821432	-65.6554359504
-66.030737411	-65.6564422184
-66.028299085	-65.6559948257
-66.02586085	-65.6555473909
-66.024776571	-65.6565536129
-66.022338346	-65.6561061153
-66.019900212	-65.6556585756
-66.018815674	-65.6566647514
-66.01637755	-65.656217149
-66.015292837	-65.6572232992
-66.012854722	-65.6567756341
-66.011769833	-65.6577817588
-66.009331727	-65.6573340309
-66.006893714	-65.6568862608
-66.004455792	-65.6564384487
-66.002017964	-65.6559905945
-66.003103185	-65.6549845525
-66.000665532	-65.6545366769
-65.998227971	-65.6540887592
-65.995790502	-65.6536407995
-65.993353126	-65.6531927977
-65.990915842	-65.6527447538
-65.992001387	-65.6517388104
-65.99308684	-65.6507328622
-65.991735258	-65.6492788853
-65.992820609	-65.6482729482
-65.993905868	-65.6472670062
-65.991469184	-65.6468189817
-65.992554434	-65.6458130556
-65.993639591	-65.6448071247
-65.994724656	-65.643801189
-65.992288314	-65.6433531845
-65.993373369	-65.6423472647
-65.990937202	-65.6418992388
-65.992022249	-65.6408933349
-65.993107203	-65.6398874261
-65.990671294	-65.6394393995
-65.991756239	-65.6384335067
-65.992841092	-65.6374276089
-65.993925853	-65.6364217064
-65.996361513	-65.6368696709
-65.997446098	-65.6358637429
-65.999881767	-65.6363116447
-66.000966177	-65.6353056912
-66.002050495	-65.6342997329
-66.00448609	-65.6347475513
-66.005570232	-65.6337415676
-66.008005836	-65.6341893233
-66.009089804	-65.6331833141
-66.006654283	-65.632735579
-66.007738241	-65.6317295857
-66.005302895	-65.6312818293
-66.002867642	-65.6308340309
-66.00043248	-65.6303861904
-65.99799741	-65.629938308
-65.995562433	-65.6294903835
-65.99447806	-65.6304962735
-65.992043091	-65.6300482863
-65.990958543	-65.6310541508
-65.989873902	-65.6320600105
-65.98743886	-65.6316119399
-65.985003911	-65.6311638274
-65.982569053	-65.6307156728
-65.980134288	-65.6302674762
-65.98121926	-65.6292616992
-65.97878467	-65.6288134813
-65.979869633	-65.6278077202
-65.977435218	-65.6273594809
-65.978520172	-65.6263537357
-65.976085932	-65.6259054751
-65.977170877	-65.6248997457
-65.974736812	-65.6244514638
-65.975821747	-65.6234457503
-65.973387857	-65.6229974471
-65.974472783	-65.6219917495
-65.975557616	-65.620986047
-65.976642358	-65.6199803397
-65.974208809	-65.6195320566
-65.971775352	-65.6190837315
-65.969341987	-65.6186353644
-65.966908714	-65.6181869553
-65.964475533	-65.6177385042
-65.963390378	-65.6187441081
-65.960957207	-65.6182955943
-65.958524128	-65.6178470386
-65.956091141	-65.617398441
-65.953658246	-65.6169498013
-65.954743732	-65.6159442802
-65.955829127	-65.6149387543
-65.95339649	-65.6144901141
-65.954481875	-65.613484604
-65.955567168	-65.6124790891
-65.956652368	-65.6114735694
-65.957737477	-65.6104680448
-65.958822493	-65.6094625155
-65.961254716	-65.6099110523
-65.962339558	-65.6089054974
-65.963424307	-65.6078999377
-65.964508965	-65.6068943732
-65.96559353	-65.6058888039
-65.966678003	-65.6048832298
-65.964246193	-65.6044347964
-65.961814475	-65.603986321
-65.959382849	-65.6035378037
-65.960467478	-65.6025322868
-65.958036027	-65.6020837483
-65.955604668	-65.6016351677
-65.953173401	-65.6011865453
-65.954258186	-65.6001810856
-65.951827094	-65.5997324419
-65.952911869	-65.5987269981
-65.953996553	-65.5977215494
-65.955081145	-65.5967160959
-65.956165644	-65.5957106376
-65.957250052	-65.5947051745
-65.954819464	-65.5942565923
-65.955903862	-65.593251145
-65.956988168	-65.592245693
-65.958072382	-65.5912402361
-65.959156504	-65.5902347744
-65.960240535	-65.589229308
-65.962670709	-65.5896777869
-65.963754565	-65.5886722949
-65.966184748	-65.5891207113
-65.967268429	-65.5881151939
-65.969698623	-65.5885635477
-65.970782129	-65.5875580048
-65.973212332	-65.588006296
-65.974295664	-65.5870007277
-65.976725876	-65.5874489563
-65.977809033	-65.5864433625
-65.980239254	-65.5868915286
-65.981322237	-65.5858859094
-65.983752468	-65.5863340129
-65.984835276	-65.5853283682
-65.985917993	-65.5843227188
-65.987000618	-65.5833170646
-65.988083151	-65.5823114055
-65.989165593	-65.5813057418
-65.986735775	-65.5808577415
-65.98430605	-65.5804096993
-65.981876416	-65.5799616152
-65.979446874	-65.5795134892
-65.978364103	-65.5805190704
-65.97593457	-65.5800708818
-65.974851624	-65.5810764376
-65.972422101	-65.5806281865
-65.969992669	-65.5801798935
-65.96756333	-65.5797315585
-65.968646523	-65.5787260647
-65.966217358	-65.5782777085
-65.967300542	-65.5772722305
-65.968383635	-65.5762667477
-65.969466635	-65.5752612602
-65.970549544	-65.5742557678
-65.971632361	-65.5732502706
-65.972715086	-65.5722447687
-65.97379772	-65.5712392619
-65.971369224	-65.5707910084
-65.972451848	-65.5697855175
-65.970023526	-65.5693372427
-65.967595296	-65.568888926
-65.965167158	-65.5684405674
-65.964084287	-65.5694459964
-65.961656158	-65.5689975753
-65.959228121	-65.5685491123
-65.956800175	-65.5681006075
-65.957883294	-65.5670952405
-65.958966321	-65.5660898687
-65.960049256	-65.565084492
-65.95762165	-65.5646360073
-65.958704576	-65.5636306465
-65.95978741	-65.5626252809
-65.960870152	-65.5616199106
-65.961952803	-65.5606145354
-65.963035362	-65.5596091555
-65.964117829	-65.5586037707
-65.965200204	-65.5575983812
-65.962773266	-65.5571499991
-65.963855632	-65.5561446254
-65.961428868	-65.555696222
-65.962511225	-65.5546908642
-65.96359349	-65.5536855016
-65.964675663	-65.5526801342
-65.962249238	-65.5522317509
-65.963331402	-65.5512263993
-65.964413475	-65.550221043
-65.965495455	-65.5492156818
-65.963069369	-65.5487673186
-65.960643374	-65.5483189135
-65.95821747	-65.5478704666
-65.957135243	-65.5488757658
-65.954709348	-65.5484272564
-65.953626947	-65.5494325302
-65.951201062	-65.5489839584
-65.950118487	-65.5499892068
-65.947692612	-65.5495405724
-65.946609862	-65.5505457954
-65.945527021	-65.5515510136
-65.944444088	-65.5525562269
-65.943361064	-65.5535614355
-65.940934951	-65.5531126768
-65.939851753	-65.5541178599
-65.93742565	-65.5536690387
-65.934999638	-65.5532201757
-65.933916184	-65.5542253127
-65.931490182	-65.5537763872
-65.930406553	-65.5547814987
-65.927980561	-65.5543325108
-65.92555466	-65.553883481
-65.923128852	-65.5534344093
-65.924212727	-65.5524293598
-65.925296511	-65.5514243054
-65.922870958	-65.5509752333
-65.920445497	-65.5505261193
-65.918020128	-65.5500769636
-65.916936098	-65.551081956
-65.914510739	-65.5506327378
-65.913426535	-65.5516377048
-65.911001185	-65.5511884241
-65.909916807	-65.5521933655
-65.907491467	-65.5517440224
-65.905066218	-65.5512946375
-65.903981584	-65.5522995328
-65.901556346	-65.5518500854
-65.899131199	-65.5514005962
-65.896706144	-65.5509510652
-65.894281181	-65.5505014924
-65.895366143	-65.5494966797
-65.892941354	-65.5490470858
-65.894026307	-65.5480422891
-65.896451014	-65.5484918623
-65.897535793	-65.54748704
-65.89996051	-65.5479365508
-65.901045114	-65.546931703
-65.902129628	-65.5459268504
-65.903214049	-65.544921993
-65.904298379	-65.5439171307
-65.90187399	-65.5434677026
-65.899449693	-65.5430182327
-65.897025488	-65.542568721
-65.895940912	-65.5435735213
-65.893516717	-65.5431239472
-65.891092614	-65.5426743313
-65.888668602	-65.5422246736
-65.887583688	-65.5432294071
-65.885159686	-65.542779687
-65.882735776	-65.5423299251
-65.881650607	-65.5433346123
-65.879226706	-65.542884788
-65.876802898	-65.5424349219
-65.874379181	-65.5419850141
-65.871955556	-65.5415350645
-65.869532024	-65.5410850731
-65.867108582	-65.54063504
-65.864685233	-65.5401849652
-65.862261976	-65.5397348486
-65.85983881	-65.5392846902
-65.857415736	-65.5388344901
-65.854992754	-65.5383842483
-65.856078825	-65.5373797885
-65.853656017	-65.5369295257
-65.8512333	-65.536479221
-65.852319443	-65.5354747978
-65.8498969	-65.5350244722
-65.850983033	-65.5340200648
-65.852069073	-65.5330156526
-65.853155022	-65.5320112355
-65.850732817	-65.5315609302
-65.851818756	-65.5305565289
-65.849396724	-65.5301062026
-65.846974784	-65.5296558345
-65.844552936	-65.5292054247
-65.84213118	-65.5287549732
-65.841044914	-65.5297592917
-65.838623168	-65.5293087778
-65.836201513	-65.5288582222
-65.835114992	-65.5298624945
-65.832693348	-65.5294118765
-65.831606653	-65.5304161231
-65.829185019	-65.5299654427
-65.826763476	-65.5295147206
-65.824342026	-65.5290639568
-65.823254994	-65.5300681365
-65.820833554	-65.5296173103
-65.819746348	-65.5306214645
-65.817324918	-65.5301705758
-65.81490358	-65.5297196455
-65.812482334	-65.5292686735
-65.81006118	-65.5288176599
-65.811148712	-65.5278135886
-65.808727731	-65.5273625539
-65.806306842	-65.5269114775
-65.807394446	-65.5259074428
-65.804973731	-65.5254563455
-65.806061324	-65.5244523265
-65.807148826	-65.5234483027
-65.804728366	-65.5229972051
-65.805815857	-65.5219931971
-65.80339557	-65.5215420786
-65.804483051	-65.5205380864
-65.802062938	-65.5200869469
-65.800975375	-65.5210909184
-65.798555272	-65.5206397165
-65.797467536	-65.5216436624
-65.795047444	-65.5211923982
-65.792627443	-65.5207410923
-65.791539452	-65.5217449918
-65.789119462	-65.5212936236
-65.788031297	-65.5222974975
-65.785611317	-65.5218460669
-65.784522979	-65.5228499152
-65.78210301	-65.5223984222
-65.781014498	-65.5234022449
-65.778594539	-65.5229506895
-65.779683132	-65.5219468875
-65.777263346	-65.5214953112
-65.774843653	-65.5210436932
-65.772424051	-65.5205920336
-65.773512796	-65.5195882889
-65.771093368	-65.5191366083
-65.772182103	-65.5181328795
-65.769762848	-65.517681178
-65.767343685	-65.5172294349
-65.766254787	-65.5182331223
-65.765165797	-65.5192368049
-65.762746563	-65.5187849787
-65.760327421	-65.5183331109
-65.759238176	-65.519336747
-65.756819045	-65.5188848168
-65.754400006	-65.518432845
-65.751981058	-65.5179808316
-65.750891477	-65.5189844006
-65.749801804	-65.5199879647
-65.748712039	-65.5209915238
-65.746292939	-65.5205394066
-65.745203001	-65.52154294
-65.74411297	-65.5225464686
-65.743022848	-65.5235499922
-65.745442192	-65.5240021717
-65.744352058	-65.5250057112
-65.743261833	-65.5260092457
-65.745681432	-65.5264614251
-65.748101123	-65.5269135628
-65.750520906	-65.527365659
-65.752940781	-65.5278177134
-65.751850789	-65.528821326
-65.750760705	-65.5298249337
-65.74967053	-65.5308285364
-65.748580262	-65.5318321342
-65.747489902	-65.5328357271
-65.745069619	-65.5323835689
-65.743979086	-65.533387136
-65.74288846	-65.5343906983
-65.741797742	-65.5353942556
-65.740706932	-65.536397808
-65.738286416	-65.5359455251
-65.737195432	-65.5369490518
-65.736104357	-65.5379525735
-65.735013189	-65.5389560903
-65.73259252	-65.5385037034
-65.731501178	-65.5395071945
-65.730409744	-65.5405106807
-65.727989005	-65.5400582106
-65.726897397	-65.541061671
-65.724476669	-65.5406091386
-65.723384888	-65.5416125733
-65.72096417	-65.5411599784
-65.719872215	-65.5421633873
-65.718780167	-65.5431667913
-65.716359379	-65.5427141132
-65.713938683	-65.5422613935
-65.71284638	-65.5432647509
-65.710425695	-65.5428119688
-65.709333219	-65.5438153005
-65.70824065	-65.5448186273
-65.705819894	-65.5443657619
-65.704727152	-65.5453690629
-65.703634317	-65.5463723589
-65.701213491	-65.5459194103
-65.700120482	-65.5469226806
-65.699027381	-65.5479259459
-65.696606484	-65.547472914
-65.69551321	-65.5484761535
-65.693092324	-65.5480230592
-65.691998875	-65.549026273
-65.689578	-65.5485731163
-65.687157218	-65.5481199179
-65.684736528	-65.5476666779
-65.68231593	-65.5472133962
-65.679895425	-65.546760073
-65.677475012	-65.5463067081
-65.678568949	-65.5453036192
-65.67614871	-65.5448502334
-65.673728564	-65.5443968061
-65.674822571	-65.5433937538
-65.672402598	-65.5429403057
-65.669982718	-65.5424868159
-65.671076795	-65.5414838003
-65.668657089	-65.5410302897
-65.666237474	-65.5405767376
-65.667331622	-65.5395737585
-65.664912181	-65.5391201856
-65.666006318	-65.5381172224
-65.663587051	-65.5376636286
-65.664681176	-65.5366606812
-65.662262083	-65.5362070667
-65.663356197	-65.5352041351
-65.660937277	-65.5347504998
-65.65851845	-65.5342968229
-65.659612634	-65.533293928
-65.65719398	-65.5328402303
-65.658288153	-65.5318373512
-65.655869673	-65.5313836327
-65.653451286	-65.5309298727
-65.654545529	-65.5299270302
-65.652127315	-65.5294732494
-65.649709193	-65.529019427
-65.647291163	-65.5285655631
-65.644873226	-65.5281116576
-65.643778658	-65.5291144169
-65.641360733	-65.528660449
-65.638942899	-65.5282064395
-65.637848077	-65.5292091521
-65.635430255	-65.5287550803
-65.634335259	-65.529757767
-65.631917448	-65.5293036328
-65.62949973	-65.5288494571
-65.628404479	-65.5298520972
-65.627309137	-65.5308547322
-65.626213701	-65.5318573623
