> -L"antarctic_islands_coastlines"
-74.467277823	-70.9929569088
-74.485677436	-70.9922971929
-74.488989521	-70.99259682
-74.492301714	-70.9928963849
-74.495614012	-70.9931958877
-74.496532828	-70.9921163477
-74.499845056	-70.9924157702
-74.50315739	-70.9927151304
-74.504075747	-70.9916355525
-74.50738801	-70.9919348324
-74.51070038	-70.9922340501
-74.514012856	-70.9925332057
-74.514930576	-70.9914535716
-74.518242981	-70.9917526468
-74.521555492	-70.9920516598
-74.524868109	-70.9923506107
-74.528180832	-70.9926494994
-74.531493662	-70.9929483259
-74.532410392	-70.9918685993
-74.53572315	-70.9921673455
-74.539036015	-70.9924660295
-74.542348985	-70.9927646513
-74.545662061	-70.9930632109
-74.548975244	-70.9933617083
-74.552288532	-70.9936601435
-74.555601926	-70.9939585166
-74.558915426	-70.9942568274
-74.562229032	-70.994555076
-74.563144063	-70.9934751845
-74.566457598	-70.9937733528
-74.569771238	-70.9940714588
-74.573084985	-70.9943695027
-74.573999379	-70.9932895552
-74.577313054	-70.9935875187
-74.580626835	-70.99388542
-74.583940721	-70.9941832591
-74.584854479	-70.9931032558
-74.588168294	-70.9934010145
-74.591482215	-70.9936987111
-74.592395512	-70.99261867
-74.595709361	-70.9929162862
-74.599023316	-70.9932138402
-74.598110373	-70.9942939175
-74.601424611	-70.9945914273
-74.604738954	-70.994888875
-74.608053403	-70.9951862604
-74.607140885	-70.9962663905
-74.610455617	-70.9965637318
-74.609543171	-70.9976438786
-74.60863062	-70.998724024
-74.611945812	-70.9990213392
-74.611033332	-71.0001015012
-74.614348807	-71.0003987723
-74.617664387	-71.0006959811
-74.620980073	-71.0009931277
-74.624295864	-71.001290212
-74.625207634	-71.0002099776
-74.628523354	-71.0005069815
-74.629434841	-70.9994267276
-74.632750489	-70.9997236512
-74.636066242	-71.0000205125
-74.639382101	-71.0003173115
-74.642698065	-71.0006140483
-74.646014134	-71.0009107228
-74.649330309	-71.001207335
-74.648419886	-71.0022876974
-74.651736344	-71.0025842654
-74.650825993	-71.0036646444
-74.649915537	-71.004745022
-74.653232455	-71.0050415639
-74.656549478	-71.0053380434
-74.659866608	-71.0056344607
-74.663183842	-71.0059308156
-74.666501181	-71.0062271082
-74.66741075	-71.0051466403
-74.670728017	-71.0054428526
-74.669818626	-71.0065233385
-74.673136177	-71.0068195065
-74.672226858	-71.0079000091
-74.675544692	-71.0081961328
-74.67886263	-71.0084921942
-74.682180674	-71.0087881933
-74.685498823	-71.00908413
-74.688817078	-71.0093800045
-74.692135437	-71.0096758165
-74.695453902	-71.0099715663
-74.698772472	-71.0102672536
-74.699680368	-71.0091866068
-74.702998866	-71.0094822138
-74.706317468	-71.0097777585
-74.709636176	-71.0100732408
-74.712954989	-71.0103686608
-74.716273907	-71.0106640184
-74.719592929	-71.0109593137
-74.722912057	-71.0112545466
-74.72623129	-71.0115497171
-74.729550628	-71.0118448253
-74.732870071	-71.0121398711
-74.73618962	-71.0124348545
-74.739509273	-71.0127297755
-74.74282903	-71.0130246342
-74.743734509	-71.011943752
-74.747054193	-71.0122385303
-74.750373983	-71.0125332462
-74.753693878	-71.0128278997
-74.757918538	-71.0120415354
-74.761238465	-71.0123360462
-74.764558496	-71.0126304946
-74.765462696	-71.0115495018
-74.768782653	-71.0118438699
-74.773006455	-71.0110571455
-74.776326444	-71.0113513708
-74.779646538	-71.0116455337
-74.780549816	-71.0105644665
-74.783869836	-71.010858549
-74.787189961	-71.0111525692
-74.790510191	-71.011446527
-74.793830525	-71.0117404223
-74.79292796	-71.0128215613
-74.796248577	-71.0131154122
-74.80198799	-71.014784118
-74.805309099	-71.0150777995
-74.808630312	-71.0153714186
-74.809532091	-71.0142901914
-74.812853231	-71.0145837302
-74.816174476	-71.0148772065
-74.819495824	-71.0151706203
-74.820396964	-71.0140893381
-74.823718239	-71.0143826716
-74.822817278	-71.0154639718
-74.826138836	-71.0157572608
-74.829460498	-71.0160504873
-74.832782265	-71.0163436514
-74.836104136	-71.0166367531
-74.839426112	-71.0169297923
-74.842748192	-71.017222769
-74.841848197	-71.0183041751
-74.84517056	-71.0185971073
-74.848493027	-71.018889977
-74.847593286	-71.0199714175
-74.850916036	-71.0202642426
-74.85423889	-71.0205570052
-74.857561849	-71.0208497053
-74.860884912	-71.021142343
-74.85998578	-71.0222238537
-74.863309126	-71.0225164467
-74.866632577	-71.0228089772
-74.869956131	-71.0231014452
-74.87327979	-71.0233938507
-74.876603553	-71.0236861937
-74.879927421	-71.0239784743
-74.883251392	-71.0242706923
-74.884149273	-71.0231890566
-74.88747317	-71.0234811943
-74.890797171	-71.0237732694
-74.894121276	-71.0240652821
-74.895018516	-71.0229835916
-74.898342547	-71.0232755239
-74.901666682	-71.0235673937
-74.90256346	-71.0224856663
-74.90588752	-71.0227774557
-74.912535952	-71.0233608471
-74.91343209	-71.022279065
-74.916756283	-71.022570649
-74.92008058	-71.0228621706
-74.923404981	-71.0231536296
-74.924300479	-71.0220717928
-74.927624805	-71.0223631715
-74.928520019	-71.0212813157
-74.93184427	-71.0215726141
-74.932739202	-71.0204907392
-74.936958027	-71.0197000634
-74.940282128	-71.0199912011
-74.941176495	-71.0189092882
-74.944500521	-71.0192003456
-74.94782465	-71.0194913405
-74.951148883	-71.0197822729
-74.978638776	-71.0210253708
-74.981963762	-71.0213157225
-74.985288853	-71.0216060116
-74.988614047	-71.0218962382
-74.991939344	-71.0221864022
-74.995264745	-71.0224765036
-74.99859025	-71.0227665424
-75.001915858	-71.0230565187
-75.005241569	-71.0233464324
-75.008567384	-71.0236362835
-75.023651296	-71.0226303789
-75.026977269	-71.0229198817
-75.030303345	-71.0232093218
-75.034518642	-71.022416303
-75.037844746	-71.0227056003
-75.041170952	-71.022994835
-75.044497262	-71.0232840071
-75.047823675	-71.0235731165
-75.051150191	-71.0238621634
-75.054476811	-71.0241511476
-75.057803533	-71.0244400693
-75.061130359	-71.0247289283
-75.064457287	-71.0250177247
-75.067784319	-71.0253064584
-75.066896996	-71.0263890314
-75.07022431	-71.0266777202
-75.073551727	-71.0269663464
-75.076879247	-71.0272549099
-75.08020687	-71.0275434107
-75.083534597	-71.0278318489
-75.086862426	-71.0281202245
-75.090190358	-71.0284085374
-75.093518393	-71.0286967877
-75.096846531	-71.0289849753
-75.097732239	-71.0279022436
-75.1010603	-71.028190351
-75.104388464	-71.0284783956
-75.107716731	-71.0287663776
-75.111045101	-71.029054297
-75.114373574	-71.0293421536
-75.11770215	-71.0296299476
-75.118586676	-71.0285471092
-75.121915175	-71.028834823
-75.125243776	-71.029122474
-75.12857248	-71.0294100624
-75.131901287	-71.0296975881
-75.135230196	-71.0299850511
-75.138559208	-71.0302724514
-75.141888323	-71.0305597891
-75.142771488	-71.0294768264
-75.146100526	-71.0297640838
-75.149429666	-71.0300512785
-75.152758909	-71.0303384105
-75.156088254	-71.0306254798
-75.159417702	-71.0309124864
-75.162747253	-71.0311994302
-75.166076906	-71.0314863114
-75.169406661	-71.0317731299
-75.172736519	-71.0320598856
-75.176066479	-71.0323465786
-75.209371714	-71.0352100587
-75.2127028	-71.0354960616
-75.216033989	-71.0357820018
-75.21936528	-71.0360678792
-75.222696673	-71.0363536938
-75.223575415	-71.0352703095
-75.22690673	-71.0355560439
-75.230238147	-71.0358417156
-75.233569666	-71.0361273244
-75.236901288	-71.0364128705
-75.240233011	-71.0366983539
-75.243564837	-71.0369837744
-75.246896764	-71.0372691322
-75.250228794	-71.0375544272
-75.253560926	-71.0378396594
-75.256893159	-71.0381248288
-75.260225495	-71.0384099354
-75.263557933	-71.0386949793
-75.266890472	-71.0389799603
-75.270223114	-71.0392648785
-75.273555858	-71.039549734
-75.276888703	-71.0398345266
-75.276012846	-71.0409181903
-75.279345974	-71.0412029375
-75.282679203	-71.0414876219
-75.281803606	-71.0425713194
-75.285137118	-71.0428559584
-75.288470732	-71.0431405346
-75.29092929	-71.0445087967
-75.294263288	-71.0447932646
-75.29672249	-71.0461614522
-75.300056872	-71.0464458119
-75.302516718	-71.0478139249
-75.305851485	-71.0480981763
-75.309186354	-71.0483823649
-75.308311974	-71.0494662149
-75.311647126	-71.049750358
-75.314982379	-71.0500344382
-75.318317734	-71.0503184556
-75.321653191	-71.0506024101
-75.324988749	-71.0508863017
-75.328324409	-71.0511701304
-75.331660171	-71.0514538963
-75.334996035	-71.0517375992
-75.338332	-71.0520212393
-75.339204751	-71.0509372328
-75.342540637	-71.0512207927
-75.345876624	-71.0515042896
-75.349212713	-71.0517877236
-75.352548904	-71.0520710948
-75.355885196	-71.052354403
-75.35922159	-71.0526376484
-75.358349924	-71.053721759
-75.3616866	-71.0540049588
-75.365023378	-71.0542880957
-75.368360257	-71.0545711696
-75.371697238	-71.0548541807
-75.37503432	-71.0551371288
-75.378371504	-71.055420014
-75.377500823	-71.0565042277
-75.380838289	-71.0567870673
-75.384175857	-71.057069844
-75.383305437	-71.0581540914
-75.386643287	-71.0584368224
-75.389111081	-71.0598037716
-75.392449315	-71.0600863941
-75.394917753	-71.0614532683
-75.398256372	-71.0617357822
-75.397386554	-71.0628201132
-75.400725455	-71.0631025815
-75.404064458	-71.0633849868
-75.403194902	-71.0644693514
-75.406534187	-71.064751711
-75.405664711	-71.065836092
-75.409004279	-71.066118406
-75.412343948	-71.066400657
-75.411474734	-71.0674850716
-75.414814686	-71.0677672769
-75.413945552	-71.0688517078
-75.417285787	-71.0691338674
-75.416416734	-71.0702183146
-75.419757251	-71.0705004286
-75.423097871	-71.0707824795
-75.422229079	-71.0718669603
-75.425569981	-71.0721489655
-75.428910984	-71.0724309077
-75.428042454	-71.0735154222
-75.431383741	-71.0737973187
-75.434725128	-71.0740791521
-75.43385686	-71.0751637002
-75.437198531	-71.0754454879
-75.439672297	-71.0768117942
-75.443014352	-71.0770934732
-75.442146427	-71.0781780711
-75.445488765	-71.0784597043
-75.444620921	-71.0795443186
-75.447963542	-71.079825906
-75.451306264	-71.0801074303
-75.454649088	-71.0803888916
-75.457124795	-71.0817549722
-75.460468003	-71.0820363247
-75.463811312	-71.082317614
-75.467154722	-71.0825988403
-75.470498234	-71.0828800035
-75.473841846	-71.0831611036
-75.47718556	-71.0834421406
-75.480529375	-71.0837231146
-75.483873291	-71.0840040254
-75.484739053	-71.082919205
-75.488082888	-71.0832000355
-75.491426824	-71.0834808029
-75.494770861	-71.0837615073
-75.498114999	-71.0840421485
-75.498979932	-71.0829572581
-75.502323989	-71.083237819
-75.505668147	-71.0835183168
-75.509012405	-71.0837987515
-75.509876691	-71.0827138085
-75.513220868	-71.0829941629
-75.516565146	-71.0832744542
-75.519909525	-71.0835546824
-75.519045787	-71.084639677
-75.522390449	-71.0849198592
-75.525735212	-71.0851999784
-75.529080076	-71.0854800344
-75.528216783	-71.0865650797
-75.531561929	-71.0868450898
-75.534907177	-71.0871250367
-75.534044148	-71.0882101155
-75.537389679	-71.0884900165
-75.54073531	-71.0887698544
-75.544081043	-71.0890496291
-75.54321846	-71.0901347585
-75.546564475	-71.0904144873
-75.580890742	-71.0921229827
-75.584237682	-71.0924019994
-75.587584723	-71.092680953
-75.590931864	-71.0929598434
-75.594279105	-71.0932386706
-75.597626447	-71.0935174346
-75.600973889	-71.0937961354
-75.604321432	-71.094074773
-75.607669075	-71.0943533474
-75.611016819	-71.0946318587
-75.61187565	-71.0935463853
-75.615223311	-71.0938248162
-75.618571072	-71.0941031839
-75.621918934	-71.0943814884
-75.625266896	-71.0946597296
-75.628614959	-71.0949379077
-75.631963121	-71.0952160225
-75.632820756	-71.0941304457
-75.636168836	-71.0944084802
-75.639517016	-71.0946864515
-75.642865296	-71.0949643595
-75.646213677	-71.0952422043
-75.650418777	-71.0944343228
-75.653767175	-71.0947120241
-75.657115674	-71.0949896622
-75.660464272	-71.095267237
-75.661320243	-71.0941815219
-75.664668758	-71.0944590164
-75.668017373	-71.0947364477
-75.668872878	-71.0936506975
-75.672221411	-71.0939280485
-75.675570043	-71.0942053363
-75.676425083	-71.0931195512
-75.679773632	-71.0933967587
-75.683122281	-71.0936739029
-75.683976855	-71.0925880829
-75.701574243	-71.0928868641
-75.704923125	-71.0931635948
-75.708272107	-71.0934402622
-75.711621189	-71.0937168664
-75.714970371	-71.0939934072
-75.718319652	-71.0942698848
-75.721669033	-71.0945462992
-75.725018514	-71.0948226503
-75.727516	-71.09618498
-75.730865863	-71.0964612215
-75.734215826	-71.0967373998
-75.737565888	-71.0970135147
-75.74091605	-71.0972895663
-75.744266311	-71.0975655547
-75.747616672	-71.0978414797
-75.750967133	-71.0981173415
-75.754317693	-71.0983931399
-75.757668352	-71.098668875
-75.758518797	-71.0975826803
-75.761869372	-71.0978583351
-75.765220047	-71.0981339267
-75.768570822	-71.098409455
-75.771921696	-71.0986849199
-75.772771308	-71.0975986565
-75.776122098	-71.0978740412
-75.779472987	-71.0981493626
-75.782823975	-71.0984246206
-75.786175063	-71.0986998153
-75.789526251	-71.0989749467
-75.792877537	-71.0992500148
-75.796228923	-71.0995250195
-75.797077151	-71.0984386368
-75.800428453	-71.0987135613
-75.803779854	-71.0989884224
-75.807131353	-71.0992632202
-75.810482953	-71.0995379547
-75.813834651	-71.0998126258
-75.817186448	-71.1000872336
-75.820538344	-71.100361778
-75.819691401	-71.101448279
-75.82304358	-71.101722777
-75.826395858	-71.1019972116
-75.829748235	-71.1022715828
-75.833100711	-71.1025458907
-75.836453287	-71.1028201352
-75.839805961	-71.1030943164
-75.840651803	-71.102007714
-75.844004393	-71.1022818149
-75.844849952	-71.101195195
-75.848202457	-71.1014692157
-75.851555061	-71.101743173
-75.854907764	-71.1020170669
-75.858260566	-71.1022908974
-75.861613466	-71.1025646645
-75.864966466	-71.1028383683
-75.868319564	-71.1031120087
-75.871672761	-71.1033855856
-75.875026057	-71.1036590992
-75.874182151	-71.1047458708
-75.877535729	-71.1050193379
-75.880889407	-71.1052927415
-75.884243183	-71.1055660817
-75.887597057	-71.1058393585
-75.888440227	-71.1047525196
-75.891794017	-71.1050257162
-75.895147905	-71.1052988493
-75.898501892	-71.1055719191
-75.901855978	-71.1058449254
-75.905210162	-71.1061178683
-75.908564444	-71.1063907478
-75.911918826	-71.1066635639
-75.915273306	-71.1069363165
-75.918627884	-71.1072090057
-75.921982561	-71.1074816315
-75.925337337	-71.1077541938
-75.928692211	-71.1080266927
-75.932047183	-71.1082991282
-75.935402254	-71.1085715002
-75.938757423	-71.1088438087
-75.942112691	-71.1091160538
-75.945468057	-71.1093882355
-75.946308	-71.1083011104
-75.949663281	-71.1085732118
-75.953018659	-71.1088452497
-75.956374136	-71.1091172243
-75.960568819	-71.1083019425
-75.963924309	-71.1085737733
-75.967279897	-71.1088455407
-75.970635583	-71.1091172445
-75.973991367	-71.109388885
-75.973152996	-71.1104761448
-75.976509063	-71.1107477384
-75.979865228	-71.1110192686
-75.983221491	-71.1112907353
-75.986577852	-71.1115621386
-75.989934311	-71.1118334783
-75.993290869	-71.1121047545
-75.996647525	-71.1123759673
-76.000004278	-71.1126471165
-76.00336113	-71.1129182023
-76.00671808	-71.1131892245
-76.010075128	-71.1134601832
-76.013432274	-71.1137310785
-76.016789517	-71.1140019102
-76.015953446	-71.1150893866
-76.019310972	-71.1153601714
-76.022668597	-71.1156308928
-76.026026319	-71.1159015506
-76.029384139	-71.1161721449
-76.032742057	-71.1164426757
-76.031906811	-71.1175302349
-76.035265012	-71.1178007188
-76.03862331	-71.1180711391
-76.041981707	-71.1183414959
-76.045340201	-71.1186117892
-76.048698793	-71.1188820189
-76.052057483	-71.1191521851
-76.055416271	-71.1194222877
-76.058775157	-71.1196923268
-76.05794129	-71.1207800186
-76.061300458	-71.1210500108
-76.064659724	-71.1213199393
-76.068019088	-71.1215898043
-76.071378549	-71.1218596058
-76.074738108	-71.1221293436
-76.078097765	-71.1223990179
-76.08145752	-71.1226686286
-76.084817371	-71.1229381757
-76.088177321	-71.1232076592
-76.091537368	-71.1234770791
-76.094897513	-71.1237464355
-76.098257756	-71.1240157282
-76.101618096	-71.1242849573
-76.107507878	-71.1259111654
-76.110868696	-71.1261802203
-76.114229611	-71.1264492116
-76.115060431	-71.1253612378
-76.118421259	-71.1256301489
-76.121782184	-71.1258989963
-76.125143206	-71.1261677802
-76.125973373	-71.125079756
-76.129334308	-71.1253484597
-76.130164193	-71.1242604184
-76.13352504	-71.1245290418
-76.136885984	-71.1247976016
-76.140247025	-71.1250660978
-76.143608164	-71.1253345304
-76.14277902	-71.126422638
-76.146140441	-71.1266910235
-76.14950196	-71.1269593453
-76.148673089	-71.1280474855
-76.15203489	-71.1283157602
-76.155396788	-71.1285839714
-76.158758784	-71.1288521188
-76.157930372	-71.129940308
-76.16129265	-71.1302084084
-76.164655025	-71.1304764451
-76.165483067	-71.1293882228
-76.168845354	-71.1296561793
-76.172207738	-71.1299240722
-76.17557022	-71.1301919014
-76.178932798	-71.1304596669
-76.179760001	-71.1293713779
-76.183122492	-71.1296390632
-76.186485079	-71.1299066849
-76.187311814	-71.1288183623
-76.190674313	-71.1290859037
-76.191500766	-71.1279975641
-76.194863176	-71.1282650254
-76.198225684	-71.128532423
-76.201588288	-71.1287997569
-76.20495099	-71.1290670272
-76.208313788	-71.1293342337
-76.211676683	-71.1296013766
-76.215039675	-71.1298684558
-76.218402764	-71.1301354714
-76.22176595	-71.1304024232
-76.225129233	-71.1306693113
-76.225953734	-71.1295808062
-76.229316928	-71.1298476142
-76.232680218	-71.1301143584
-76.236043606	-71.130381039
-76.23940709	-71.1306476559
-76.242770671	-71.130914209
-76.243594147	-71.129825621
-76.246957639	-71.130092094
-76.250321228	-71.1303585033
-76.253684913	-71.1306248489
-76.257048695	-71.1308911307
-76.260412573	-71.1311573489
-76.263776548	-71.1314235033
-76.264598814	-71.1303348162
-76.2679627	-71.1306008904
-76.271326682	-71.130866901
-76.27214848	-71.1297781804
-76.275512373	-71.1300441108
-76.278876363	-71.1303099775
-76.279697693	-71.1292212237
-76.283061593	-71.1294870102
-76.28388264	-71.1283982394
-76.287246452	-71.1286639458
-76.290610359	-71.1289295885
-76.291430939	-71.1278407844
-76.294794757	-71.1281063469
-76.298978783	-71.1272830084
-76.302342608	-71.1275484271
-76.31579887	-71.1286094645
-76.316617957	-71.1275205448
-76.319982077	-71.1277856284
-76.320800882	-71.1266966918
-76.324164913	-71.1269616953
-76.324983436	-71.1258727419
-76.329165618	-71.125048695
-76.329983762	-71.1239597242
-76.330801811	-71.122870753
-76.334165291	-71.1231355636
-76.334983058	-71.1220465756
-76.338346448	-71.1223113061
-76.339163933	-71.1212223012
-76.339981322	-71.1201332959
-76.343344437	-71.12039793
-76.352617709	-71.1222805208
-76.353434355	-71.1211914501
-76.356797853	-71.1214558293
-76.357614217	-71.1203667418
-76.358430486	-71.1192776539
-76.361793708	-71.1195419368
-76.362609695	-71.1184528321
-76.363425587	-71.117363727
-76.366788533	-71.1176279134
-76.367604143	-71.1165387916
-76.371782327	-71.1157137594
-76.37259756	-71.1146246203
-76.37596014	-71.1148886304
-76.376775091	-71.1137994746
-76.377589947	-71.1127103183
-76.380952251	-71.1129742321
-76.381766826	-71.1118850591
-76.38512904	-71.1121488929
-76.385943333	-71.1110597032
-76.38675753	-71.109970513
-76.390119469	-71.1102342505
-76.390933385	-71.1091450437
-76.394295233	-71.1094087012
-76.395108868	-71.1083194776
-76.39928398	-71.1074938149
-76.400097238	-71.1064045742
-76.403458721	-71.1066680555
-76.404271698	-71.1055787981
-76.40763309	-71.1058421995
-76.408445786	-71.1047529254
-76.409258387	-71.103663651
-76.412619503	-71.1039269561
-76.413431823	-71.1028376649
-76.414244047	-71.1017483734
-76.415056177	-71.1006590814
-76.418416831	-71.1009222741
-76.419228679	-71.0998329655
-76.422589243	-71.1000960782
-76.423400811	-71.099006753
-76.424212283	-71.0979174273
-76.427572571	-71.0981804439
-76.428383763	-71.0970911016
-76.42919486	-71.0960017589
-76.432554872	-71.0962646793
-76.433365687	-71.09517532
-76.434176408	-71.0940859603
-76.437536144	-71.0943487846
-76.438346584	-71.0932594083
-76.439156929	-71.0921700315
-76.442516389	-71.0924327597
-76.443326454	-71.0913433664
-76.444136423	-71.0902539727
-76.448305296	-71.0894271945
-76.449114891	-71.0883377837
-76.44992439	-71.0872483726
-76.450733794	-71.0861589611
-76.451543104	-71.0850695492
-76.452352318	-71.0839801369
-76.453161438	-71.0828907243
-76.453970463	-71.0818013112
-76.458137003	-71.0809743206
-76.458945653	-71.0798848906
-76.462303173	-71.0801472335
-76.463111542	-71.079057787
-76.463919818	-71.07796834
-76.467277061	-71.078230587
-76.468085056	-71.0771411235
-76.468892957	-71.0760516597
-76.472249924	-71.0763138107
-76.473057545	-71.0752243303
-76.473865071	-71.0741348495
-76.474672502	-71.0730453684
-76.475479839	-71.0719558869
-76.476287081	-71.070866405
-76.479643216	-71.0711284117
-76.480450179	-71.0700389133
-76.481257046	-71.0689494145
-76.485419495	-71.06812181
-76.486225988	-71.0670322943
-76.487032387	-71.0659427784
-76.487838692	-71.064853262
-76.488644902	-71.0637637453
-76.489451018	-71.0626742282
-76.49025704	-71.0615847108
-76.491062967	-71.060495193
-76.487708588	-71.0602334114
-76.488514605	-71.0591439094
-76.489320529	-71.058054407
-76.486772628	-71.0567031074
-76.487578548	-71.0556136204
-76.488384373	-71.0545241331
-76.485031108	-71.0542623049
-76.485837024	-71.0531728333
-76.486642845	-71.0520833614
-76.483290044	-71.0518215019
-76.484095956	-71.0507320457
-76.484901774	-71.0496425892
-76.482355345	-71.0482912577
-76.483161159	-71.0472018166
-76.483966879	-71.0461123751
-76.484772504	-71.0450229333
-76.485578035	-71.0439334912
-76.483032338	-71.042582191
-76.483837865	-71.0414927642
-76.483708916	-71.0368732131
-76.487059033	-71.0371350537
-76.48786409	-71.0360456252
-76.488669052	-71.0349561963
-76.489473921	-71.0338667671
-76.490278695	-71.0327773375
-76.491083375	-71.0316879076
-76.491887961	-71.0305984774
-76.492692453	-71.0295090468
-76.49014821	-71.028157904
-76.490952698	-71.0270684889
-76.491757092	-71.0259790733
-76.492561393	-71.0248896574
-76.493365599	-71.0238002412
-76.494169711	-71.0227108247
-76.49497373	-71.0216214077
-76.498321265	-71.021883023
-76.499125005	-71.0207935897
-76.499928651	-71.019704156
-76.503275912	-71.0199656756
-76.50407928	-71.0188762255
-76.504882554	-71.0177867751
-76.505685735	-71.0166973244
-76.509032536	-71.0169587323
-76.509835439	-71.0158692652
-76.510638247	-71.0147797977
-76.513984774	-71.0150411101
-76.514787305	-71.0139516262
-76.518935994	-71.0131233589
-76.519738153	-71.0120338583
-76.523084315	-71.0122949956
-76.519738153	-71.0120338583
-76.520540218	-71.0109443574
-76.52134219	-71.0098548562
-76.518798552	-71.008504202
-76.51960052	-71.0074147162
-76.516255282	-71.0071535162
-76.517057341	-71.0060640461
-76.513712381	-71.0058027988
-76.510367514	-71.005541488
-76.511169848	-71.0044520497
-76.507825259	-71.0041906916
-76.508627682	-71.003101269
-76.505283371	-71.0028398635
-76.506085885	-71.0017504567
-76.506888305	-71.0006610495
-76.503544456	-71.0003996128
-76.504346966	-70.9993102213
-76.505149383	-70.9982208296
-76.505951706	-70.9971314375
-76.509295004	-70.9973928261
-76.51009705	-70.9963034176
-76.510899002	-70.9952140088
-76.514242025	-70.9954753019
-76.5150437	-70.9943858767
-76.518386634	-70.9946470904
-76.519188031	-70.9935576489
-76.523331994	-70.9927293253
-76.524133021	-70.9916398671
-76.524933954	-70.9905504086
-76.525734793	-70.9894609498
-76.52653554	-70.9883714907
-76.527336192	-70.9872820313
-76.523994452	-70.9870209932
-76.524795195	-70.9859315495
-76.525595844	-70.9848421055
-76.522254565	-70.9845810361
-76.523055305	-70.9834916078
-76.523855951	-70.9824021791
-76.527196864	-70.9826632165
-76.527997233	-70.9815737715
-76.531338056	-70.9818347295
-76.532138148	-70.9807452683
-76.532938148	-70.9796558067
-76.533738054	-70.9785663448
-76.534537866	-70.9774768826
-76.531197778	-70.9772159887
-76.531997682	-70.9761265422
-76.532797491	-70.9750370954
-76.533597208	-70.9739476484
-76.536936746	-70.9742084943
-76.537736185	-70.9731190309
-76.538535532	-70.9720295672
-76.541874796	-70.9722903178
-76.542673866	-70.9712008379
-76.543472843	-70.9701113576
-76.544271727	-70.969021877
-76.545070518	-70.9679323962
-76.545869215	-70.966842915
-76.54666782	-70.9657534336
-76.543329657	-70.9654927789
-76.544128352	-70.9644033131
-76.540790465	-70.9641426112
-76.54158925	-70.9630531611
-76.53825164	-70.9627924119
-76.539050515	-70.9617029775
-76.539849297	-70.9606135429
-76.540647987	-70.9595241079
-76.541446583	-70.9584346727
-76.538109799	-70.9581739241
-76.538908485	-70.9570845046
-76.535571977	-70.9568237087
-76.536370753	-70.9557343049
-76.533034521	-70.9554734618
-76.530497432	-70.9541231833
-76.527161569	-70.9538622297
-76.527960709	-70.9527728733
-76.524625122	-70.9525118725
-76.525424352	-70.9514225317
-76.522089041	-70.9511614837
-76.518753824	-70.9509003724
-76.519553326	-70.9498110633
-76.516218385	-70.9495499049
-76.517017978	-70.9484606115
-76.513683312	-70.9481994058
-76.510348739	-70.9479381369
-76.511148605	-70.9468488753
-76.509414126	-70.944409067
-76.506080288	-70.9441477198
-76.506880239	-70.9430584892
-76.503546678	-70.9427970948
-76.504346719	-70.94170788
-76.501013433	-70.9414464384
-76.501813564	-70.9403572392
-76.499280775	-70.9390065671
-76.496748351	-70.9376558635
-76.497548568	-70.9365666954
-76.494216292	-70.9363051284
-76.491684599	-70.9349543619
-76.48915327	-70.9336035641
-76.485821639	-70.9333418397
-76.486622307	-70.9322527348
-76.483290951	-70.9319909632
-76.484091709	-70.9309018741
-76.480760628	-70.9306400555
-76.481561476	-70.929550982
-76.478230671	-70.9292891163
-76.475701078	-70.9279381457
-76.472370642	-70.9276761698
-76.47317185	-70.9265871438
-76.469841689	-70.9263251208
-76.466511622	-70.9260630348
-76.46398331	-70.9247119074
-76.460653611	-70.9244497111
-76.461455362	-70.9233607486
-76.458125939	-70.9230985054
-76.458927779	-70.9220095586
-76.45640056	-70.9206583372
-76.453873705	-70.9193070846
-76.450545108	-70.9190447002
-76.451347215	-70.9179558006
-76.448018893	-70.9176933692
-76.444690665	-70.9174308748
-76.443888194	-70.9185197423
-76.440559876	-70.9182571688
-76.437231652	-70.9179945322
-76.436428724	-70.9190833672
-76.433100411	-70.9188206515
-76.433903521	-70.9177318325
-76.430575484	-70.9174690698
-76.431378683	-70.9163802666
-76.428050921	-70.9161174569
-76.428854209	-70.9150286694
-76.425526722	-70.9147658127
-76.422199328	-70.914502893
-76.423002887	-70.9134141373
-76.419675769	-70.9131511707
-76.416348744	-70.9128881411
-76.413825823	-70.9115363406
-76.410499167	-70.911273201
-76.407172604	-70.9110099983
-76.407976885	-70.9099213224
-76.404650598	-70.9096580728
-76.401324403	-70.9093947603
-76.397998302	-70.9091313847
-76.394672295	-70.9088679462
-76.391346381	-70.9086044446
-76.38802056	-70.9083408801
-76.384694833	-70.9080772525
-76.382174841	-70.9067250145
-76.378849483	-70.9064612771
-76.375524218	-70.9061974768
-76.37300514	-70.9048451139
-76.369680244	-70.9045812037
-76.366355441	-70.9043172306
-76.363030732	-70.9040531945
-76.363837277	-70.902964743
-76.360512843	-70.90270066
-76.361319476	-70.9016122243
-76.357995317	-70.9013480946
-76.358802038	-70.9002596746
-76.355478154	-70.899995498
-76.356284963	-70.8989070939
-76.352961354	-70.8986428705
-76.349637839	-70.8983785842
-76.350444917	-70.8972902119
-76.347121677	-70.8970258788
-76.34379853	-70.8967614827
-76.340475478	-70.8964970238
-76.337152519	-70.8962325019
-76.333829654	-70.8959679171
-76.330506882	-70.8957032694
-76.327992457	-70.8943502992
-76.324670055	-70.8940855418
-76.325478395	-70.892997298
-76.322156268	-70.8927324939
-76.322964696	-70.8916442659
-76.319642843	-70.891379415
-76.316321084	-70.8911145013
-76.315512293	-70.892202697
-76.312190447	-70.8919377042
-76.311381381	-70.8930258833
-76.308059447	-70.8927608114
-76.304737607	-70.8924956766
-76.301415861	-70.892230479
-76.298094209	-70.8919652184
-76.29477265	-70.891699895
-76.292261338	-70.8903464268
-76.288940148	-70.8900809938
-76.285619053	-70.889815498
-76.282298051	-70.8895499393
-76.283108653	-70.8884619055
-76.279787926	-70.8881963002
-76.276467294	-70.8879306319
-76.277278163	-70.8868426302
-76.273957806	-70.8865769154
-76.270637542	-70.8863111376
-76.267317372	-70.8860452971
-76.263997296	-70.8857793937
-76.263185703	-70.8868673305
-76.259865541	-70.886601348
-76.259053672	-70.8876892682
-76.255733423	-70.8874232067
-76.252413268	-70.8871570823
-76.249093207	-70.8868908951
-76.24577324	-70.886624645
-76.246585832	-70.8855367898
-76.24326614	-70.8852704931
-76.239946542	-70.8850041336
-76.236627038	-70.8847377113
-76.23412085	-70.8833834356
-76.231615023	-70.8820291291
-76.229109557	-70.8806747918
-76.226604452	-70.8793204239
-76.224099709	-70.8779660253
-76.224913182	-70.8768782975
-76.222408886	-70.8755238839
-76.219091307	-70.8752571358
-76.219904952	-70.8741694397
-76.217401378	-70.8728149648
-76.218215015	-70.8717272841
-76.214898166	-70.8714604592
-76.211581411	-70.8711935716
-76.20826475	-70.8709266213
-76.204948183	-70.8706596082
-76.20163171	-70.8703925323
-76.198315332	-70.8701253937
-76.194999048	-70.8698581923
-76.191682859	-70.8695909282
-76.192497845	-70.8685033772
-76.18918193	-70.8682360667
-76.185866109	-70.8679686934
-76.186681361	-70.8668811746
-76.183365815	-70.8666137548
-76.180050364	-70.8663462724
-76.180865882	-70.8652587857
-76.177550705	-70.8649912568
-76.17836631	-70.863903786
-76.175051407	-70.8636362107
-76.175867097	-70.8625487557
-76.172552469	-70.862281134
-76.173368245	-70.8611936948
-76.174183926	-70.8601062552
-76.170869753	-70.8598386034
-76.167555674	-70.8595708889
-76.16424169	-70.8593031117
-76.1609278	-70.8590352719
-76.160111398	-70.8601226462
-76.156797422	-70.8598547274
-76.155980746	-70.860942085
-76.152666685	-70.8606740871
-76.149352718	-70.8604060265
-76.146038846	-70.8601379032
-76.142725068	-70.8598697173
-76.139411385	-70.8596014686
-76.140228961	-70.8585141927
-76.136915553	-70.8582458978
-76.133602239	-70.8579775401
-76.13442008	-70.8568902964
-76.131107041	-70.8566218924
-76.127794096	-70.8563534258
-76.128612203	-70.8552662143
-76.125299532	-70.8549977014
-76.121986956	-70.8547291258
-76.118674475	-70.8544604876
-76.115362089	-70.8541917867
-76.112049797	-70.8539230232
-76.112868708	-70.852835893
-76.10955669	-70.8525670832
-76.106244768	-70.8522982108
-76.107063944	-70.8512111128
-76.103752295	-70.8509421941
-76.100440741	-70.8506732128
-76.101260182	-70.8495861471
-76.097948903	-70.8493171195
-76.094637718	-70.8490480293
-76.091326628	-70.8487788765
-76.088835698	-70.8474226604
-76.085524977	-70.8471533988
-76.082214351	-70.8468840745
-76.08303468	-70.8457971061
-76.079724328	-70.8455277357
-76.076414072	-70.8452583026
-76.077234664	-70.8441713665
-76.073924682	-70.8439018873
-76.070614794	-70.8436323455
-76.068126038	-70.8422758536
-76.06481652	-70.8420062031
-76.061507096	-70.8417364899
-76.058197767	-70.8414667142
-76.054888533	-70.8411968759
-76.055710192	-70.8401100536
-76.052401233	-70.8398401692
-76.049092368	-70.8395702222
-76.045783598	-70.8393002127
-76.042474923	-70.8390301406
-76.039166344	-70.838760006
-76.035857859	-70.8384898088
-76.032549469	-70.8382195491
-76.029241174	-70.8379492268
-76.025932974	-70.837678842
-76.02262487	-70.8374083946
-76.01931686	-70.8371378848
-76.016008946	-70.8368673124
-76.012701126	-70.8365966774
-76.009393402	-70.83632598
-76.006085773	-70.83605522
-76.002778239	-70.8357843975
-76.00360267	-70.8346978377
-76.00029541	-70.8344269692
-75.996988246	-70.8341560382
-75.993681176	-70.8338850446
-75.994506049	-70.8327985337
-75.991199254	-70.8325274941
-75.992024211	-70.8314409991
-75.98871769	-70.8311699135
-75.98954273	-70.8300834345
-75.986236484	-70.8298123029
-75.987061608	-70.8287258397
-75.983755635	-70.8284546621
-75.981275144	-70.8270969913
-75.977969541	-70.8268257052
-75.978795011	-70.8257392904
-75.975489682	-70.8254679584
-75.976315235	-70.8243815595
-75.97301018	-70.8241101815
-75.96970522	-70.823838741
-75.970531036	-70.8227523745
-75.96722635	-70.8224808881
-75.968052249	-70.8213945376
-75.964747837	-70.8211230052
-75.96144352	-70.8208514104
-75.958139299	-70.8205797531
-75.958965639	-70.8194934515
-75.955661691	-70.8192217483
-75.952357839	-70.8189499827
-75.951531142	-70.8200362512
-75.948227206	-70.8197644067
-75.944923366	-70.8194924997
-75.941619621	-70.8192205303
-75.938315972	-70.8189484984
-75.939143383	-70.8178622959
-75.935840008	-70.8175902182
-75.932536728	-70.817318078
-75.929233543	-70.8170458755
-75.925930454	-70.8167736105
-75.91849608	-70.8173149967
-75.915193099	-70.817042528
-75.911890214	-70.8167699968
-75.908587424	-70.8164974033
-75.905284729	-70.8162247474
-75.901982131	-70.8159520291
-75.902811505	-70.8148660086
-75.89950918	-70.8145932445
-75.896206951	-70.814320418
-75.897036586	-70.81323443
-75.893734631	-70.8129615577
-75.890432771	-70.812688623
-75.887131007	-70.8124156259
-75.883829339	-70.8121425665
-75.880527766	-70.8118694447
-75.877226289	-70.8115962606
-75.876395585	-70.8126821491
-75.873094025	-70.812408886
-75.869792562	-70.8121355606
-75.866491194	-70.8118621728
-75.863189922	-70.8115887226
-75.859888746	-70.8113152101
-75.856587665	-70.8110416353
-75.853286681	-70.8107679981
-75.854118632	-70.8096822257
-75.850817922	-70.8094085428
-75.847517307	-70.8091347975
-75.844216788	-70.8088609899
-75.840916365	-70.80858712
-75.837616038	-70.8083131878
-75.834315807	-70.8080391932
-75.831015672	-70.8077651363
-75.827715633	-70.8074910171
-75.826882257	-70.8085766565
-75.823582136	-70.8083024583
-75.822748486	-70.8093880804
-75.819448283	-70.8091138033
-75.818614359	-70.8101994081
-75.815314075	-70.8099250521
-75.812013886	-70.8096506337
-75.808713793	-70.8093761529
-75.805413797	-70.8091016099
-75.802113896	-70.8088270046
-75.80294871	-70.807741483
-75.799649083	-70.8074668321
-75.800483978	-70.8063813265
-75.797184626	-70.8061066299
-75.79388537	-70.805831871
-75.79058621	-70.8055570498
-75.789750781	-70.8066425054
-75.786451539	-70.8063676052
-75.785615837	-70.8074530434
-75.782316514	-70.8071780643
-75.781480537	-70.8082634852
-75.778181132	-70.8079884271
-75.774881824	-70.8077133067
-75.771582612	-70.807438124
-75.768283496	-70.8071628791
-75.769120184	-70.806077525
-75.765821342	-70.8058022345
-75.766658111	-70.8047168964
-75.763359544	-70.8044415603
-75.760061072	-70.804166162
-75.756762698	-70.8038907013
-75.753464419	-70.8036151784
-75.750166237	-70.8033395933
-75.74932858	-70.8044248478
-75.746030316	-70.8041491837
-75.745192385	-70.8052344208
-75.741894041	-70.8049586777
-75.741055835	-70.8060438974
-75.73775741	-70.8057680754
-75.734459081	-70.805492191
-75.731160848	-70.8052162444
-75.727862713	-70.8049402356
-75.724564673	-70.8046641645
-75.721266731	-70.8043880312
-75.717968885	-70.8041118356
-75.714671135	-70.8038355778
-75.711373483	-70.8035592578
-75.708075927	-70.8032828755
-75.704778467	-70.803006431
-75.701481105	-70.8027299242
-75.697343229	-70.8035383565
-75.694045882	-70.8032617086
-75.690748633	-70.8029849984
-75.687451479	-70.802708226
-75.686610241	-70.8037931762
-75.683313007	-70.8035163248
-75.68001587	-70.8032394112
-75.67917418	-70.8043243271
-75.675876963	-70.8040473345
-75.672579842	-70.8037702797
-75.6717377	-70.8048551613
-75.668440499	-70.8045780274
-75.665143395	-70.8043008314
-75.661846389	-70.8040235731
-75.658549479	-70.8037462526
-75.655252666	-70.8034688699
-75.65195595	-70.8031914251
-75.652799156	-70.8021066443
-75.649502714	-70.8018291541
-75.64620637	-70.8015516016
-75.642910122	-70.801273987
-75.643753763	-70.800189256
-75.64045779	-70.799911596
-75.637161914	-70.7996338738
-75.636317919	-70.8007185712
-75.633021962	-70.80044077
-75.629726103	-70.8001629066
-75.628881657	-70.8012475696
-75.625585718	-70.8009696272
-75.624740997	-70.8020542725
-75.621444978	-70.8017762511
-75.618149056	-70.8014981676
-75.617303884	-70.8025827784
-75.614007882	-70.8023046158
-75.610711978	-70.8020263911
-75.607416171	-70.8017481041
-75.604120461	-70.801469755
-75.603274483	-70.8025542977
-75.599978693	-70.8022758695
-75.596683001	-70.8019973792
-75.593387406	-70.8017188268
-75.590091908	-70.8014402121
-75.589245125	-70.8025246865
-75.585949548	-70.8022459928
-75.582654068	-70.801967237
-75.579358686	-70.8016884191
-75.576063401	-70.8014095389
-75.572768214	-70.8011305967
-75.571920448	-70.8022149858
-75.568625181	-70.8019359645
-75.565330012	-70.801656881
-75.56203494	-70.8013777354
-75.558739966	-70.8010985277
-75.557891394	-70.8021828483
-75.554596341	-70.8019035615
-75.553747495	-70.8029878645
-75.550452362	-70.8027084986
-75.547157327	-70.8024290706
-75.54630803	-70.8035133389
-75.545458634	-70.8045976064
-75.542163343	-70.8043180824
-75.53886815	-70.8040384963
-75.538018303	-70.8051227291
-75.534723031	-70.8048430639
-75.531427856	-70.8045633366
-75.528132779	-70.8042835471
-75.527282303	-70.8053677282
-75.523987147	-70.8050878597
-75.520692089	-70.804807929
-75.519841162	-70.8058920754
-75.516546025	-70.8056120656
-75.513250986	-70.8053319937
-75.512399607	-70.8064161054
-75.509104489	-70.8061359544
-75.505809469	-70.8058557412
-75.504957639	-70.8069398181
-75.501662539	-70.8066595259
-75.498367538	-70.8063791716
-75.497515256	-70.8074632136
-75.494220176	-70.8071827802
-75.490925194	-70.8069022846
-75.487630311	-70.8066217269
-75.484335525	-70.8063411071
-75.481040837	-70.8060604252
-75.477746248	-70.8057796812
-75.474451757	-70.8054988751
-75.471157363	-70.8052180069
-75.467863068	-70.8049370766
-75.464568871	-70.8046560842
-75.461274773	-70.8043750297
-75.457980772	-70.8040939131
-75.45468687	-70.8038127344
-75.451393066	-70.8035314936
-75.448099361	-70.8032501908
-75.444805753	-70.8029688259
-75.441512244	-70.8026873989
-75.440656861	-70.8037711508
-75.437363274	-70.8034896447
-75.434069785	-70.8032080766
-75.430776394	-70.8029264463
-75.427483102	-70.802644754
-75.420896813	-70.8020811832
-75.417603817	-70.8017993047
-75.414310918	-70.8015173642
-75.411018119	-70.8012353616
-75.407725417	-70.8009532969
-75.408582566	-70.7998697156
-75.405290139	-70.799587606
-75.401997811	-70.7993054344
-75.398705582	-70.7990232007
-75.395413451	-70.798740905
-75.392121419	-70.7984585472
-75.388829485	-70.7981761275
-75.389687593	-70.7970926478
-75.386395934	-70.7968101831
-75.383104374	-70.7965276564
-75.379812913	-70.7962450677
-75.38067145	-70.7951616384
-75.377380264	-70.7948790048
-75.374947967	-70.7935129132
-75.371657154	-70.7932301726
-75.372516023	-70.7921467929
-75.369225485	-70.7918640075
-75.365935045	-70.7915811601
-75.362644704	-70.7912982507
-75.359354461	-70.7910152793
-75.356064318	-70.7907322459
-75.352774273	-70.7904491506
-75.349484327	-70.7901659933
-75.346194479	-70.789882774
-75.345334202	-70.7909660168
-75.342044277	-70.7906827184
-75.338754451	-70.790399358
-75.337893723	-70.7914825656
-75.33460382	-70.7911991261
-75.331314016	-70.7909156247
-75.330452837	-70.791998797
-75.327162956	-70.7917152165
-75.323873174	-70.7914315739
-75.320583491	-70.7911478694
-75.317293906	-70.790864103
-75.314004421	-70.7905802746
-75.31486648	-70.7894971881
-75.311577269	-70.7892133149
-75.308288158	-70.7889293798
-75.304999145	-70.7886453827
-75.301710232	-70.7883613237
-75.298421417	-70.7880772027
-75.295132702	-70.7877930198
-75.291844086	-70.787508775
-75.290980796	-70.7885917413
-75.286828539	-70.7893903655
-75.28353977	-70.7891059624
-75.279387085	-70.7899044102
-75.276098338	-70.7896198661
-75.271945225	-70.7904181374
-75.268656501	-70.7901334522
-75.265367876	-70.7898487051
-75.264502959	-70.790931547
-75.261214258	-70.7906467208
-75.257925656	-70.7903618326
-75.254637153	-70.7900768825
-75.25134875	-70.7897918705
-75.252214369	-70.7887090974
-75.24892624	-70.7884240407
-75.245638211	-70.7881389221
-75.242350282	-70.7878537416
-75.239062452	-70.7875684992
-75.236641118	-70.7862005071
-75.233353662	-70.7859151581
-75.227645873	-70.7842616376
-75.224358891	-70.7839761202
-75.221072009	-70.783690541
-75.217785226	-70.7834048999
-75.218652477	-70.7823223137
-75.215365969	-70.782036628
-75.21207956	-70.7817508804
-75.212947063	-70.7806683277
-75.209660929	-70.7803825356
-75.206374895	-70.7800966816
-75.20308896	-70.7798107657
-75.203956889	-70.7787282638
-75.200671229	-70.7784423034
-75.197385669	-70.7781562812
-75.198253849	-70.7770738128
-75.194968563	-70.776787746
-75.192551808	-70.7754191826
-75.189266897	-70.7751330094
-75.185982085	-70.7748467744
-75.186850767	-70.7737643732
-75.18356623	-70.7734780937
-75.180281793	-70.7731917523
-75.181150725	-70.7721093847
-75.177866562	-70.7718229989
-75.174582499	-70.7715365512
-75.175451682	-70.7704542172
-75.172167894	-70.770167725
-75.168884205	-70.769881171
-75.164056593	-70.7671433451
-75.160773553	-70.7668566404
-75.161643312	-70.7657743898
-75.158360547	-70.7654876406
-75.155077881	-70.7652008297
-75.15594789	-70.7641186127
-75.152665499	-70.7638317573
-75.149383207	-70.7635448402
-75.150253466	-70.7624626569
-75.146971449	-70.7621756953
-75.147841783	-70.7610935282
-75.14456004	-70.7608065222
-75.141278398	-70.7605194544
-75.137996855	-70.7602323249
-75.138867613	-70.7591502088
-75.135586345	-70.7588630349
-75.132305176	-70.7585757992
-75.133176184	-70.7574937168
-75.12989529	-70.7572064367
-75.130766372	-70.7561243706
-75.127485752	-70.7558370462
-75.125076564	-70.7544676275
-75.122667725	-70.7530981807
-75.123539032	-70.7520161635
-75.120259235	-70.7517287059
-75.121130617	-70.750646705
-75.117851094	-70.7503592031
-75.11872255	-70.7492772184
-75.115443302	-70.7489896722
-75.116314833	-70.7479077038
-75.113035858	-70.7476201132
-75.113907464	-70.7465381612
-75.111500444	-70.7451685905
-75.109093773	-70.7437989918
-75.109965428	-70.7427170714
-75.10668745	-70.7424293651
-75.103409572	-70.7421415972
-75.104281476	-70.7410597104
-75.101003872	-70.7407718982
-75.10187585	-70.7396900277
-75.09859852	-70.7394021712
-75.099470573	-70.738320317
-75.097065644	-70.7369505783
-75.097937672	-70.7358687394
-75.094661064	-70.7355808116
-75.092256831	-70.734211017
-75.088980597	-70.7339229834
-75.089852947	-70.7328411944
-75.086576986	-70.7325531165
-75.083301125	-70.732264977
-75.084173724	-70.7311832217
-75.080898136	-70.730895038
-75.078495496	-70.729525071
-75.075220282	-70.7292367814
-75.076093203	-70.7281550761
-75.072818263	-70.7278667423
-75.073691258	-70.7267850534
-75.074564153	-70.7257033633
-75.072162629	-70.7243333289
-75.069761454	-70.7229632666
-75.070634397	-70.7218816082
-75.067360625	-70.7215931765
-75.068233643	-70.7205115343
-75.064960145	-70.7202230584
-75.065833236	-70.7191414326
-75.062560012	-70.7188529125
-75.059286887	-70.7185643309
-75.060160226	-70.7174827387
-75.056887374	-70.7171941129
-75.057760787	-70.7161125371
-75.054488209	-70.7158238671
-75.051215731	-70.7155351356
-75.052089391	-70.7144535935
-75.048817187	-70.7141648178
-75.049040113	-70.7095499405
-75.045768801	-70.7092611113
-75.04249759	-70.7089722207
-75.043371445	-70.7078907427
-75.040100507	-70.7076018079
-75.040974436	-70.7065203463
-75.041848265	-70.7054388836
-75.038577773	-70.7051499221
-75.039451676	-70.7040684757
-75.040325479	-70.7029870283
-75.041199182	-70.7019055798
-75.03792931	-70.7016166089
-75.038803087	-70.7005351767
-75.039676764	-70.6994537435
-75.040550341	-70.6983723092
-75.041423819	-70.6972908738
-75.038154739	-70.697001911
-75.039028291	-70.6959204919
-75.039901742	-70.6948390718
-75.037506634	-70.6934686784
-75.038380059	-70.6923872736
-75.039253385	-70.6913058676
-75.03598537	-70.6910168688
-75.03685877	-70.6899354791
-75.037732069	-70.6888540884
-75.038605269	-70.6877726967
-75.035337873	-70.6874836886
-75.036211147	-70.6864023131
-75.037084321	-70.6853209366
-75.033817371	-70.6850319018
-75.034690618	-70.6839505416
-75.035563765	-70.6828691803
-75.032297261	-70.6825801188
-75.033170482	-70.6814987739
-75.02990425	-70.6812096684
-75.030777544	-70.6801283397
-75.031650739	-70.67904701
-75.028384952	-70.6787578778
-75.02925822	-70.6776765644
-75.030131389	-70.6765952499
-75.031004457	-70.6755139344
-75.027739289	-70.675224793
-75.028612431	-70.6741434938
-75.029485474	-70.6730621935
-75.02622075	-70.6727730254
-75.027093866	-70.6716917414
-75.027966882	-70.6706104564
-75.028839799	-70.6695291703
-75.026448683	-70.6681587232
-75.027321574	-70.6670774523
-75.028194365	-70.6659961804
-75.024930876	-70.6657069938
-75.02580374	-70.6646257382
-75.026676505	-70.6635444815
-75.024286299	-70.662174028
-75.025159038	-70.6610927865
-75.026031677	-70.660011544
-75.026904217	-70.6589303005
-75.023641962	-70.6586410954
-75.024514575	-70.6575598682
-75.025387089	-70.6564786398
-75.022997865	-70.6551081962
-75.023870352	-70.6540269831
-75.02474274	-70.652945769
-75.021481546	-70.6526565281
-75.022354007	-70.6515753303
-75.023226369	-70.6504941314
-75.024098631	-70.6494129315
-75.024970794	-70.6483317305
-75.025842858	-70.6472505284
-75.026714823	-70.6461693253
-75.027586689	-70.6450881211
-75.024326799	-70.6447989404
-75.025198738	-70.6437177526
-75.026070577	-70.6426365637
-75.022811132	-70.6423473564
-75.023683044	-70.6412661838
-75.024554857	-70.6401850101
-75.021295855	-70.6398957763
-75.022167741	-70.6388146189
-75.023039528	-70.6377334605
-75.019780969	-70.6374442001
-75.027396975	-70.6323276525
-75.028268167	-70.6312464878
-75.02913926	-70.630165322
-75.030010254	-70.6290841552
-75.030881149	-70.6280029874
-75.027624138	-70.627713883
-75.028495106	-70.6266327314
-75.029365975	-70.6255515788
-75.030236744	-70.6244704252
-75.031107415	-70.6233892704
-75.034363739	-70.6236783055
-75.035234139	-70.6225971324
-75.03610444	-70.6215159583
-75.036974642	-70.6204347832
-75.037844746	-70.619353607
-75.03871475	-70.6182724298
-75.036329363	-70.6169023204
-75.037199342	-70.6158211584
-75.038069221	-70.6147399954
-75.034814371	-70.6144510377
-75.035684323	-70.613369891
-75.036554177	-70.6122887432
-75.033299769	-70.611999759
-75.034169695	-70.6109186275
-75.030915558	-70.6106295994
-75.031785557	-70.6095484842
-75.032655457	-70.6084673679
-75.029401762	-70.6081783133
-75.030271735	-70.6070972133
-75.027018309	-70.6068081149
-75.027888355	-70.6057270312
-75.0246352	-70.6054378889
-75.025505319	-70.6043568215
-75.022252434	-70.6040676353
-75.023122625	-70.6029865842
-75.020740275	-70.6016163194
-75.018358267	-70.6002460271
-75.019228505	-70.5991650075
-75.015976602	-70.5988757072
-75.016846912	-70.5977947039
-75.013595279	-70.5975053599
-75.014465662	-70.5964243728
-75.011214299	-70.596134985
-75.012084755	-70.5950540142
-75.008833662	-70.5947645826
-75.006453367	-70.5933941528
-75.003202643	-70.5931046163
-74.999952018	-70.5928150188
-75.000822961	-70.5917341152
-74.997572606	-70.5914444739
-74.99432235	-70.5911547716
-74.995193536	-70.5900739016
-74.99194355	-70.5897841555
-74.988693662	-70.5894943484
-74.985443874	-70.5892044801
-74.982194184	-70.5889145508
-74.978944593	-70.5886245605
-74.975695101	-70.5883345091
-74.972445709	-70.5880443966
-74.969196415	-70.5877542231
-74.965947219	-70.5874639886
-74.962698123	-70.587173693
-74.959449126	-70.5868833364
-74.960322095	-70.5858026562
-74.957073368	-70.5855122559
-74.95382474	-70.5852217946
-74.95057621	-70.5849312722
-74.94732778	-70.5846406888
-74.944079449	-70.5843500444
-74.940831217	-70.584059339
-74.937583085	-70.5837685726
-74.93670892	-70.5848491311
-74.933460716	-70.5845582862
-74.93021261	-70.5842673804
-74.929338005	-70.585347903
-74.926089828	-70.5850569187
-74.92284175	-70.5847658735
-74.921966704	-70.5858463602
-74.918718555	-70.5855552365
-74.915470505	-70.5852640518
-74.914595018	-70.5863445027
-74.911346897	-70.5860532395
-74.908098874	-70.5857619154
-74.907222947	-70.5868423303
-74.903974853	-70.5865509278
-74.900726859	-70.5862594642
-74.89985049	-70.5873398432
-74.896602424	-70.5870483012
-74.893354458	-70.5867566982
-74.892477649	-70.5878370412
-74.889229611	-70.5875453597
-74.885981673	-70.5872536173
-74.882733834	-70.5869618139
-74.881856414	-70.5880421034
-74.878608504	-70.5877502216
-74.875360693	-70.5874582787
-74.874482832	-70.5885385322
-74.87123495	-70.5882465109
-74.870356818	-70.5893267458
-74.867108866	-70.5890346461
-74.866230464	-70.5901148624
-74.86298244	-70.5898226842
-74.862103768	-70.590902882
-74.857976731	-70.5916908044
-74.857097689	-70.5927709824
-74.853849352	-70.5924786298
-74.85297004	-70.5935587892
-74.849721632	-70.5932663581
-74.84884205	-70.5943464989
-74.845593571	-70.5940539893
-74.835575537	-70.5977891288
-74.834694943	-70.5988692113
-74.83144591	-70.5985764312
-74.830565046	-70.5996564951
-74.829684082	-70.6007365578
-74.828803017	-70.6018166194
-74.825553573	-70.6015237258
-74.824672238	-70.6026037687
-74.823790803	-70.6036838104
-74.820541117	-70.6033908207
-74.819659411	-70.6044708438
-74.818777605	-70.6055508657
-74.817895699	-70.6066308864
-74.817013694	-70.607710906
-74.816131588	-70.6087909244
-74.812881148	-70.608497786
-74.811998771	-70.6095777857
-74.811116294	-70.6106577842
-74.807865612	-70.6103645498
-74.806982865	-70.6114445296
-74.806100016	-70.6125245082
-74.805217068	-70.6136044856
-74.80433402	-70.6146844619
-74.803450871	-70.615764437
-74.805819329	-70.6171377507
-74.80493615	-70.6182177411
-74.804052872	-70.6192977302
-74.807305021	-70.619591044
-74.806421813	-70.6206710496
-74.805538505	-70.6217510539
-74.804655097	-70.6228310571
-74.803771588	-70.623911059
-74.802887979	-70.6249910598
-74.802004269	-70.6260710595
-74.80112046	-70.6271510579
-74.80023655	-70.6282310552
-74.799352539	-70.6293110512
-74.798468428	-70.6303910461
-74.797584217	-70.6314710398
-74.796699905	-70.6325510324
-74.795815493	-70.6336310237
-74.79256112	-70.6333374814
-74.791676436	-70.634417454
-74.790791651	-70.6354974254
-74.789906766	-70.6365773956
-74.789021781	-70.6376573645
-74.785766823	-70.6373636908
-74.784881566	-70.638443641
-74.783996208	-70.63952359
-74.78311075	-70.6406035378
-74.782225191	-70.6416834844
-74.781339531	-70.6427634298
-74.78045377	-70.643843374
-74.773653152	-70.647869228
-74.772766716	-70.6489491485
-74.77188018	-70.6500290679
-74.770993544	-70.651108986
-74.76773656	-70.6508149612
-74.766849651	-70.6518948605
-74.765962641	-70.6529747586
-74.76507553	-70.6540546555
-74.761818133	-70.6537605166
-74.76093075	-70.6548403947
-74.760043266	-70.6559202715
-74.756785627	-70.6556260362
-74.755897871	-70.6567058942
-74.755010013	-70.6577857509
-74.754122055	-70.6588656064
-74.750864003	-70.6585712571
-74.749975772	-70.6596510937
-74.746717649	-70.6593566655
-74.745829145	-70.6604364833
-74.744940541	-70.6615162998
-74.741682176	-70.6612217752
-74.740793299	-70.6623015728
-74.739904321	-70.6633813692
-74.736645714	-70.6630867481
-74.735756463	-70.6641665256
-74.734867111	-70.6652463019
-74.730718638	-70.6660313416
-74.729828912	-70.6671110977
-74.728939084	-70.6681908525
-74.725679823	-70.6678960207
-74.724789722	-70.6689757567
-74.723899521	-70.6700554913
-74.720640017	-70.669760563
-74.719749543	-70.6708402787
-74.716489969	-70.6705452715
-74.715599222	-70.6716249683
-74.714708373	-70.6727046638
-74.711448557	-70.67240956
-74.710557435	-70.6734892366
-74.709666212	-70.674568912
-74.708774888	-70.675648586
-74.707883462	-70.6767282589
-74.704623061	-70.6764330231
-74.703731362	-70.6775126769
-74.702839562	-70.6785923295
-74.699578919	-70.678296997
-74.698686845	-70.6793766306
-74.69779467	-70.680456263
-74.694533785	-70.6801608339
-74.693641337	-70.6812404472
-74.68948766	-70.6820245336
-74.688594837	-70.6831041266
-74.68533364	-70.682808522
-74.684440543	-70.683888096
-74.683547345	-70.6849676688
-74.682654045	-70.6860472403
-74.681760643	-70.6871268105
-74.68086714	-70.6882063794
-74.677605186	-70.6879106248
-74.676711409	-70.6889901747
-74.67581753	-70.6900697233
-74.67492355	-70.6911492707
-74.674029467	-70.6922288167
-74.670766928	-70.6919329299
-74.669872572	-70.6930124569
-74.668978114	-70.6940919826
-74.665715333	-70.693795999
-74.662452654	-70.6934999542
-74.661557751	-70.694579443
-74.658295002	-70.6942833193
-74.657399825	-70.695362789
-74.656504546	-70.6964422575
-74.652346002	-70.6972254864
-74.651450347	-70.6983049345
-74.65055459	-70.6993843813
-74.649658731	-70.7004638268
-74.64876277	-70.701543271
-74.647866706	-70.7026227138
-74.646970541	-70.7037021554
-74.646074274	-70.7047815957
-74.645177904	-70.7058610346
-74.644281432	-70.7069404723
-74.643384858	-70.7080199086
-74.642488182	-70.7090993436
-74.641591404	-70.7101787773
-74.640694523	-70.7112582097
-74.636532073	-70.712041092
-74.635634816	-70.7131205039
-74.634737457	-70.7141999145
-74.633839995	-70.7152793238
-74.632942431	-70.7163587318
-74.629676377	-70.7160620504
-74.628778539	-70.7171414393
-74.627880598	-70.7182208268
-74.626982555	-70.7193002129
-74.626084409	-70.7203795978
-74.625186161	-70.7214589813
-74.624287811	-70.7225383635
-74.623389358	-70.7236177443
-74.622490802	-70.7246971238
-74.621592145	-70.725776502
-74.620693384	-70.7268558789
-74.619794521	-70.7279352544
-74.618895556	-70.7290146286
-74.617996488	-70.7300940014
-74.617097317	-70.7311733729
-74.616198044	-70.7322527431
-74.615298668	-70.7333321119
-74.61439919	-70.7344114794
-74.613499609	-70.7354908455
-74.612599925	-70.7365702103
-74.611700139	-70.7376495738
-74.61080025	-70.7387289359
-74.609900258	-70.7398082966
-74.613170102	-70.7401053706
-74.61227018	-70.7411847479
-74.611370155	-70.7422641238
-74.610470028	-70.7433434984
-74.609569797	-70.7444228717
-74.611940274	-70.7457993455
-74.611040011	-70.7468787339
-74.610139645	-70.747958121
-74.609239176	-70.7490375067
-74.608338604	-70.7501168911
-74.607437929	-70.7511962741
-74.6098091	-70.7525728036
-74.608908392	-70.7536522018
-74.608007582	-70.7547315986
-74.607106669	-70.7558109941
-74.606205652	-70.7568903882
-74.605304533	-70.757969781
-74.604403311	-70.7590491724
-74.603501985	-70.7601285624
-74.602600557	-70.7612079511
-74.601699026	-70.7622873384
-74.604972632	-70.7625845859
-74.604071171	-70.7636639898
-74.603169606	-70.7647433923
-74.602267939	-70.7658227934
-74.605542167	-70.7661200331
-74.604640569	-70.7671994508
-74.603738869	-70.7682788671
-74.602837065	-70.7693582821
-74.606111914	-70.7696555141
-74.605210181	-70.7707349456
-74.604308344	-70.7718143757
-74.606681876	-70.7731910287
-74.605780006	-70.774270474
-74.604878032	-70.7753499179
-74.603975956	-70.7764293605
-74.603073777	-70.7775088017
-74.602171494	-70.7785882415
-74.601269108	-70.77966768
-74.600366619	-70.7807471171
-74.599464027	-70.7818265528
-74.598561331	-70.7829059872
-74.601838464	-70.7832033112
-74.600935839	-70.7842827621
-74.60003311	-70.7853622116
-74.599130278	-70.7864416598
-74.598227342	-70.7875211065
-74.597324304	-70.7886005519
-74.600602407	-70.788897904
-74.599699438	-70.789977366
-74.598796366	-70.7910568266
-74.59789319	-70.7921362858
-74.601171916	-70.7924336301
-74.600268811	-70.7935131059
-74.599365602	-70.7945925803
-74.596086529	-70.7942952001
-74.595183044	-70.7953746551
-74.594279454	-70.7964541088
-74.591000138	-70.7961566312
-74.590096272	-70.7972360656
-74.586816886	-70.7969385085
-74.583537603	-70.7966408899
-74.580258423	-70.7963432098
-74.576979347	-70.7960454681
-74.573700375	-70.7957476649
-74.570421506	-70.7954498002
-74.571326412	-70.7943704735
-74.56804782	-70.7940725653
-74.564769332	-70.7937745955
-74.561490947	-70.7934765643
-74.56239627	-70.7923972901
-74.559118162	-70.7920992153
-74.555840158	-70.791801079
-74.552562257	-70.7915028812
-74.553467996	-70.7904236595
-74.550190372	-70.7901254183
-74.55109618	-70.7890462132
-74.547818833	-70.7887479284
-74.54872471	-70.7876687398
-74.546353587	-70.7862912396
-74.54398281	-70.7849137124
-74.544888723	-70.7838345556
-74.542518362	-70.7824570181
-74.540148347	-70.7810794537
-74.537778677	-70.7797018624
-74.538684695	-70.7786227539
-74.535409353	-70.7783242442
-74.53631544	-70.7772451523
-74.533946532	-70.7758675238
-74.534852584	-70.7747884471
-74.531577969	-70.7744898684
-74.532484091	-70.7734108083
-74.529209752	-70.7731121862
-74.525935516	-70.7728135028
-74.52684188	-70.7717344771
-74.523567921	-70.7714357503
-74.521200671	-70.7700579709
-74.517927092	-70.7697591392
-74.518833767	-70.7686801647
-74.515560464	-70.7683812897
-74.512287264	-70.7680823532
-74.513194181	-70.7670034133
-74.509921258	-70.7667044334
-74.510828243	-70.7656255101
-74.507555596	-70.7653264868
-74.504283053	-70.7650274022
-74.50519028	-70.7639485135
-74.501918013	-70.7636493855
-74.502825309	-70.7625705133
-74.499553318	-70.762271342
-74.49628143	-70.7619721093
-74.493009647	-70.7616728153
-74.489737967	-70.7613734599
-74.490645849	-70.7602946583
-74.487374445	-70.7599952596
-74.484103144	-70.7596957996
-74.485011267	-70.7586170326
-74.481740243	-70.7583175292
-74.478469323	-70.7580179645
-74.479377687	-70.7569392321
-74.476107043	-70.7566396242
-74.472836502	-70.7563399548
-74.473745107	-70.7552612571
-74.470474842	-70.7549615445
-74.471383516	-70.7538828633
-74.472292085	-70.7528041807
-74.469022269	-70.7525044428
-74.469930907	-70.7514257768
-74.466661366	-70.7511259956
-74.467570073	-70.7500473462
-74.464300808	-70.7497475218
-74.465209583	-70.7486688889
-74.466118255	-70.7475902546
-74.462849438	-70.747290405
-74.463758177	-70.7462117873
-74.461398444	-70.7448332933
-74.462307149	-70.7437546907
-74.459039055	-70.7434547726
-74.459947828	-70.7423761866
-74.460856498	-70.7412975992
-74.461765063	-70.7402190103
-74.460314753	-70.737761939
-74.46122318	-70.7366833638
-74.462131503	-70.7356047872
-74.463039722	-70.7345262092
-74.463947838	-70.7334476297
-74.464855851	-70.7323690488
-74.465763759	-70.7312904664
-74.466671565	-70.7302118826
-74.467579267	-70.7291332974
-74.468486865	-70.7280547107
-74.46939436	-70.7269761227
-74.470301752	-70.7258975331
-74.473566992	-70.7261972242
-74.474474108	-70.7251186153
-74.475381121	-70.7240400049
-74.476288031	-70.7229613931
-74.477194837	-70.7218827799
-74.47810154	-70.7208041652
-74.47900814	-70.7197255492
-74.479914636	-70.7186469317
-74.476650597	-70.7183473666
-74.477557162	-70.7172687656
-74.478463624	-70.7161901633
-74.479369982	-70.7151115595
-74.476106561	-70.7148119872
-74.477012987	-70.7137334
-74.47791931	-70.7126548114
-74.47882553	-70.7115762213
-74.479731647	-70.7104976299
-74.476469016	-70.7101980683
-74.477375201	-70.7091194934
-74.478281283	-70.7080409171
-74.479187261	-70.7069623394
-74.475925247	-70.7066627705
-74.476831294	-70.7055842094
-74.477737238	-70.7045056468
-74.475381682	-70.7031275068
-74.47628759	-70.7020489593
-74.477193396	-70.7009704105
-74.473932445	-70.7006708093
-74.474838319	-70.699592277
-74.475744089	-70.6985137433
-74.473389423	-70.6971355997
-74.474295159	-70.6960570812
-74.475200791	-70.6949785612
-74.477373562	-70.6882078859
-74.478278645	-70.687129374
-74.479183624	-70.6860508607
-74.475925207	-70.6857513098
-74.476830255	-70.684672813
-74.4777352	-70.6835943149
-74.478640042	-70.6825158153
-74.475382241	-70.6822162572
-74.476287151	-70.6811377741
-74.477191958	-70.6800592897
-74.478096662	-70.6789808039
-74.474839477	-70.6786812386
-74.475744249	-70.6776027693
-74.476648919	-70.6765242986
-74.477553485	-70.6754458265
-74.47520155	-70.6740677984
-74.476106082	-70.6729893415
-74.473754555	-70.6716113034
-74.474659052	-70.6705328616
-74.475563447	-70.6694544184
-74.472307936	-70.6691548136
-74.473212398	-70.6680763869
-74.474116757	-70.6669979589
-74.47086169	-70.6666983289
-74.471766118	-70.6656199174
-74.472670442	-70.6645415045
-74.469415819	-70.6642418494
-74.470320211	-70.663163453
-74.471224501	-70.6620850552
-74.469778934	-70.6596286111
-74.466525199	-70.6593289058
-74.46508045	-70.6568724419
-74.465984738	-70.6557940909
-74.463636075	-70.6544159831
-74.464540327	-70.6533376473
-74.465444477	-70.6522593101
-74.462192073	-70.6519595295
-74.46309629	-70.6508812089
-74.464000405	-70.6498028868
-74.464904418	-70.6487245633
-74.465808327	-70.6476462384
-74.466712135	-70.6465679121
-74.467615839	-70.6454895845
-74.464364559	-70.6451898506
-74.465268331	-70.6441115395
-74.466172001	-70.6430332269
-74.467075568	-70.641954913
-74.463824901	-70.641655172
-74.464728536	-70.6405768746
-74.465632069	-70.6394985758
-74.466535498	-70.6384202756
-74.467438826	-70.637341974
-74.464188942	-70.6370422439
-74.465092337	-70.6359639588
-74.465995629	-70.6348856724
-74.466898819	-70.6338073845
-74.467801907	-70.6327290953
-74.468704892	-70.6316508047
-74.469607775	-70.6305725126
-74.470510555	-70.6294942192
-74.473759249	-70.629793824
-74.474661757	-70.6287155113
-74.475564162	-70.6276371972
-74.476466466	-70.6265588817
-74.477368667	-70.6254805648
-74.478270765	-70.6244022466
-74.479172762	-70.623323927
-74.482420538	-70.6236233634
-74.483322262	-70.6225450245
-74.484223885	-70.6214666842
-74.485125405	-70.6203883425
-74.486026822	-70.6193099995
-74.486928138	-70.6182316551
-74.487829351	-70.6171533093
-74.488730463	-70.6160749622
-74.489631472	-70.6149966136
-74.490532379	-70.6139182638
-74.491433184	-70.6128399125
-74.492333887	-70.6117615599
-74.493234488	-70.6106832059
-74.494134987	-70.6096048505
-74.495035384	-70.6085264938
-74.491789984	-70.6082273077
-74.492690449	-70.6071489675
-74.493590811	-70.6060706259
-74.490345854	-70.6057714148
-74.491246284	-70.6046930898
-74.492146612	-70.6036147633
-74.488902095	-70.6033155272
-74.489802491	-70.6022372172
-74.490702785	-70.6011589059
-74.491602977	-70.6000805932
-74.488359071	-70.5997813499
-74.48925933	-70.5987030537
-74.490159488	-70.5976247562
-74.486916022	-70.5973254878
-74.487816248	-70.5962472068
-74.488716371	-70.5951689244
-74.485473346	-70.5948696309
-74.486373537	-70.593791365
-74.487273626	-70.5927130978
-74.488173613	-70.5916348292
-74.484931198	-70.5913355286
-74.485831253	-70.5902572765
-74.486731205	-70.589179023
-74.483489232	-70.5888796973
-74.484389252	-70.5878014604
-74.481147549	-70.5875020918
-74.482047636	-70.5864238714
-74.478806205	-70.58612446
-74.476465199	-70.5847468017
-74.477365421	-70.5836686143
-74.474124532	-70.5833691171
-74.475024821	-70.5822909462
-74.471784203	-70.5819914062
-74.472684559	-70.5809132517
-74.469444212	-70.5806136688
-74.466203966	-70.5803140253
-74.467104559	-70.5792359052
-74.463864585	-70.5789362188
-74.460624712	-70.5786364717
-74.457384941	-70.5783366639
-74.454145272	-70.5780367954
-74.450905704	-70.5777368662
-74.447666239	-70.5774368763
-74.444426876	-70.5771368257
-74.441187614	-70.5768367144
-74.437948455	-70.5765365424
-74.434709398	-70.5762363098
-74.431470442	-70.5759360165
-74.428231589	-70.5756356625
-74.424992838	-70.5753352478
-74.421754189	-70.5750347725
-74.418515641	-70.5747342365
-74.407896978	-70.5749100623
-74.404658671	-70.5746092658
-74.403754766	-70.5756870443
-74.400516392	-70.5753861691
-74.39727812	-70.5750852333
-74.396373776	-70.5761629745
-74.393135438	-70.5758619601
-74.389897201	-70.575560885
-74.388992417	-70.5766385889
-74.385754115	-70.5763374353
-74.382515914	-70.5760362209
-74.38161069	-70.5771138875
-74.378372424	-70.5768125946
-74.377466929	-70.5778902418
-74.374228595	-70.5775888703
-74.37332283	-70.5786664981
-74.37008443	-70.5783650479
-74.369178393	-70.5794426563
-74.365939927	-70.5791411275
-74.365033619	-70.5802187165
-74.364127208	-70.5812963041
-74.360888507	-70.5809946787
-74.359981825	-70.5820722468
-74.356743059	-70.5817705428
-74.355836105	-70.5828480915
-74.35492905	-70.5839256388
-74.351690048	-70.5836238382
-74.350782721	-70.584701366
-74.347543653	-70.5843994867
-74.346636054	-70.5854769951
-74.345728353	-70.586554502
-74.34248905	-70.5862525261
-74.341581078	-70.5873300135
-74.337433465	-70.5881054269
-74.336525118	-70.5891828935
-74.333285515	-70.5888807422
-74.332376896	-70.5899581892
-74.331468176	-70.5910356349
-74.328228337	-70.5907333869
-74.327319345	-70.591810813
-74.323170176	-70.5925858929
-74.322260809	-70.5936632981
-74.321351339	-70.5947407018
-74.31720129	-70.5955156445
-74.316291445	-70.5965930273
-74.313050903	-70.596290489
-74.312140787	-70.5973678522
-74.311230568	-70.598445214
-74.30798979	-70.598142579
-74.307079299	-70.5992199212
-74.303838456	-70.5989172074
-74.302927693	-70.5999945301
-74.302016827	-70.6010718513
-74.298775749	-70.6007690408
-74.297864612	-70.6018463424
-74.294623468	-70.6015434531
-74.290470849	-70.6023177671
-74.289559167	-70.6033950297
-74.288647382	-70.6044722907
-74.285405938	-70.6041692258
-74.282164597	-70.6038661003
-74.281252371	-70.6049433236
-74.278010965	-70.6046401193
-74.274769662	-70.6043368543
-74.271528462	-70.6040335286
-74.268287365	-70.6037301423
-74.265046372	-70.6034266953
-74.261805481	-70.6031231876
-74.26089214	-70.6042003009
-74.257651184	-70.6038967145
-74.253496549	-70.6046701429
-74.249341577	-70.6054434729
-74.248427418	-70.6065205273
-74.245186267	-70.6062167045
-74.244271836	-70.6072937393
-74.241030619	-70.6069898377
-74.240115917	-70.6080668528
-74.236874634	-70.6077628724
-74.235959659	-70.6088398678
-74.232718312	-70.6085358087
-74.231803065	-70.6096127844
-74.230887714	-70.6106897586
-74.227646133	-70.6103856025
-74.226730509	-70.6114625571
-74.225814783	-70.6125395101
-74.224898952	-70.6136164616
-74.223983018	-70.6146934115
-74.22306698	-70.6157703599
-74.222150839	-70.6168473068
-74.218908349	-70.616542981
-74.217991934	-70.6176199082
-74.217075417	-70.6186968338
-74.216158796	-70.6197737579
-74.21524207	-70.6208506804
-74.214325241	-70.6219276014
-74.210164908	-70.6227000254
-74.209247703	-70.6237769251
-74.208330393	-70.6248538233
-74.20741298	-70.6259307199
-74.206495463	-70.627007615
-74.205577842	-70.6280845085
-74.202333701	-70.6277798614
-74.201415807	-70.6288567352
-74.200497809	-70.6299336074
-74.199579707	-70.631010478
-74.198661501	-70.6320873471
-74.197743191	-70.6331642147
-74.196824778	-70.6342410806
-74.19590626	-70.635317945
-74.194987638	-70.6363948079
-74.194068912	-70.6374716691
-74.193150081	-70.6385485288
-74.189904354	-70.638243639
-74.18898525	-70.639320479
-74.188066043	-70.6403973173
-74.187146731	-70.6414741541
-74.1839006	-70.6411691489
-74.182981015	-70.6422459659
-74.182061326	-70.6433227813
-74.178814961	-70.643017679
-74.177894998	-70.6440944746
-74.176974931	-70.6451712686
-74.172807992	-70.6459428432
-74.171887547	-70.6470196159
-74.170966998	-70.6480963869
-74.170046345	-70.6491731564
-74.169125587	-70.6502499243
-74.165878246	-70.6499445727
-74.164957215	-70.6510213208
-74.164036079	-70.6520980672
-74.163114839	-70.6531748121
-74.158945581	-70.65394607
-74.158023962	-70.6550227934
-74.154775984	-70.6547172291
-74.15152811	-70.654411604
-74.150606049	-70.6554882892
-74.14735811	-70.6551825851
-74.144110276	-70.6548768202
-74.140862547	-70.6545709945
-74.137614922	-70.6542651081
-74.136692079	-70.6553417187
-74.133444389	-70.6550357532
-74.130196805	-70.654729727
-74.129273518	-70.6558062994
-74.126025869	-70.6555001941
-74.125102309	-70.6565767466
-74.124178645	-70.6576532974
-74.120930762	-70.6573470948
-74.117682983	-70.6570408314
-74.116758875	-70.658117344
-74.113511033	-70.6578110016
-74.112586651	-70.6588874943
-74.109338744	-70.6585810728
-74.106090941	-70.6582745906
-74.102843244	-70.6579680475
-74.103768133	-70.6568916098
-74.10052071	-70.6565850244
-74.101445663	-70.6555086033
-74.102370512	-70.6544321806
-74.103295256	-70.6533557563
-74.104219895	-70.6522793303
-74.10514443	-70.6512029028
-74.106068859	-70.6501264735
-74.106993184	-70.6490500427
-74.103747049	-70.6487435248
-74.104671438	-70.6476671106
-74.101425577	-70.6473605503
-74.10235003	-70.6462841528
-74.103274379	-70.6452077537
-74.104198623	-70.644131353
-74.105122762	-70.6430549506
-74.106046796	-70.6419785466
-74.106970726	-70.640902141
-74.107894552	-70.6398257338
-74.108818272	-70.6387493249
-74.11298623	-70.6379793101
-74.113909572	-70.6369028797
-74.11483281	-70.6358264477
-74.115755944	-70.6347500141
-74.116678973	-70.6336735788
-74.117601897	-70.632597142
-74.118524717	-70.6315207035
-74.122690697	-70.6307504704
-74.12361314	-70.6296740105
-74.120370044	-70.6293678218
-74.121292551	-70.6282913785
-74.122214953	-70.6272149336
-74.123137251	-70.6261384871
-74.124059444	-70.625062039
-74.124981533	-70.6239855893
-74.121739385	-70.6236794313
-74.122661538	-70.6226029983
-74.123583587	-70.6215265636
-74.124505532	-70.6204501273
-74.125427372	-70.6193736895
-74.126349108	-70.61829725
-74.12727074	-70.6172208089
-74.128192268	-70.6161443663
-74.129113691	-70.615067922
-74.125872996	-70.6147618495
-74.126794483	-70.6136854219
-74.127715866	-70.6126089927
-74.128637145	-70.6115325619
-74.12955832	-70.6104561295
-74.130479391	-70.6093796955
-74.131400357	-70.6083032599
-74.134640042	-70.6086092229
-74.135560736	-70.6075327675
-74.136481326	-70.6064563104
-74.137401812	-70.6053798518
-74.138322194	-70.6043033916
-74.139242471	-70.6032269298
-74.140162645	-70.6021504665
-74.141082714	-70.6010740015
-74.14200268	-70.599997535
-74.142922542	-70.5989210669
-74.147080405	-70.5981503172
-74.14799989	-70.5970738277
-74.148919272	-70.5959973366
-74.14983855	-70.5949208439
-74.150757723	-70.5938443497
-74.151676793	-70.5927678539
-74.152595759	-70.5916913565
-74.15583296	-70.5919969067
-74.156751654	-70.5909203895
-74.157670244	-70.5898438708
-74.15858873	-70.5887673505
-74.159507113	-70.5876908286
-74.160425392	-70.5866143052
-74.157189032	-70.586308846
-74.158107375	-70.5852323392
-74.154871287	-70.5849268377
-74.151635303	-70.5846212756
-74.152553879	-70.5835448036
-74.149318166	-70.5832391993
-74.150236806	-70.5821627439
-74.147001366	-70.5818570972
-74.14792007	-70.5807806585
-74.144684901	-70.5804749695
-74.145603669	-70.5793985475
-74.142368772	-70.5790928162
-74.143287604	-70.5780164107
-74.144206333	-70.5769400037
-74.145124958	-70.5758635951
-74.141890668	-70.5755578579
-74.142809357	-70.574481466
-74.143727942	-70.5734050725
-74.140494092	-70.5730993112
-74.141412742	-70.5720229343
-74.138179162	-70.5717171308
-74.139097876	-70.5706407705
-74.135864568	-70.5703349247
-74.136783346	-70.5692585811
-74.13770202	-70.5681822359
-74.13862059	-70.5671058891
-74.135387889	-70.5668000375
-74.136306523	-70.5657237073
-74.137225054	-70.5646473756
-74.133992792	-70.5643414999
-74.134911387	-70.5632651848
-74.135829878	-70.5621888682
-74.136748265	-70.5611125499
-74.133516609	-70.5608066684
-74.134435061	-70.5597303668
-74.135795216	-70.5540430025
-74.132564773	-70.5537371092
-74.133482938	-70.5526608346
-74.130252765	-70.5523548992
-74.131170994	-70.5512786412
-74.132089119	-70.5502023816
-74.128859385	-70.5498964222
-74.129777574	-70.5488201793
-74.12654811	-70.5485141776
-74.12331875	-70.5482081156
-74.124237171	-70.5471319075
-74.121008081	-70.5468258032
-74.117779096	-70.5465196386
-74.114550214	-70.5462134136
-74.111321435	-70.5459071283
-74.10809276	-70.5456007826
-74.104864189	-70.5452943765
-74.101635721	-70.54498791
-74.0974876	-70.5457574456
-74.094259172	-70.5454508402
-74.091030848	-70.5451441744
-74.087802628	-70.5448374483
-74.086882265	-70.5459134544
-74.083653981	-70.5456066497
-74.080425802	-70.5452997846
-74.077197726	-70.5449928592
-74.076276758	-70.546068809
-74.073048618	-70.545761805
-74.069820583	-70.5454547406
-74.066592651	-70.5451476159
-74.065671078	-70.5462235094
-74.062443083	-70.5459163061
-74.059215192	-70.5456090424
-74.058293181	-70.5466848978
-74.055065227	-70.5463775555
-74.054142945	-70.547453391
-74.050914928	-70.5471459701
-74.047687015	-70.5468384889
-74.046764295	-70.5479142862
-74.043536319	-70.5476067264
-74.040308446	-70.5472991062
-74.037080678	-70.5469914257
-74.036157353	-70.5480671666
-74.032929522	-70.5477594075
-74.029701794	-70.547451588
-74.025550242	-70.5482193926
-74.022322556	-70.5479114342
-74.018170606	-70.5486790616
-74.014942962	-70.5483709642
-74.018170606	-70.5486790616
-74.017246135	-70.549754706
-74.014018323	-70.5494465903
-74.010790616	-70.5491384144
-74.009865706	-70.5502140205
-74.006637936	-70.5499057659
-74.00341027	-70.549597451
-74.002484923	-70.5506730189
-73.999257194	-70.5503646253
-73.998331575	-70.5514401732
-73.995103784	-70.551131701
-73.994177894	-70.5522072289
-73.990950041	-70.551898678
-73.99002388	-70.5529741859
-73.986795963	-70.5526655564
-73.985869531	-70.5537410443
-73.984942994	-70.5548165305
-73.981714849	-70.554507804
-73.980788041	-70.5555832702
-73.979861128	-70.5566587348
-73.976632753	-70.5563499112
-73.973404483	-70.5560410273
-73.972477132	-70.5571164535
-73.969248799	-70.5568074909
-73.968321177	-70.5578828971
-73.965092782	-70.5575738558
-73.961864491	-70.5572647542
-73.958636305	-70.5569555924
-73.957708078	-70.5580309417
-73.954479829	-70.5577217011
-73.951251686	-70.5574124002
-73.95032302	-70.5584877111
-73.947094814	-70.5581783315
-73.943866713	-70.5578688917
-73.942937609	-70.5589441641
-73.9420084	-70.5600194348
-73.941079087	-70.5610947038
-73.93785059	-70.5607851484
-73.936921005	-70.5618603973
-73.935991315	-70.5629356446
-73.932762589	-70.5626259921
-73.929533968	-70.5623162793
-73.92860384	-70.563391488
-73.924444757	-70.564156885
-73.923514252	-70.5652320719
-73.922583642	-70.5663072571
-73.919354563	-70.56599735
-73.918423682	-70.567072515
-73.915194541	-70.5667625291
-73.914263388	-70.567837674
-73.911034185	-70.5675276094
-73.91010276	-70.5686027342
-73.906873496	-70.5682925908
-73.903644336	-70.5679823871
-73.902712472	-70.5690574733
-73.899483251	-70.5687471908
-73.896254135	-70.5684368481
-73.895321832	-70.5695118956
-73.892092655	-70.5692014741
-73.89116008	-70.5702765014
-73.88793084	-70.5699660011
-73.886997994	-70.5710410083
-73.883768693	-70.5707304292
-73.882835574	-70.5718054162
-73.881902351	-70.5728804014
-73.878672821	-70.5725697251
-73.877739325	-70.5736446901
-73.873575966	-70.5744088797
-73.872642093	-70.5754838228
-73.869412273	-70.5751729704
-73.851818931	-70.5793031844
-73.848588804	-70.578991938
-73.847653298	-70.5800667595
-73.84442311	-70.5797554343
-73.843487331	-70.5808302355
-73.842551447	-70.581905035
-73.83932103	-70.5815936124
-73.838384873	-70.5826683916
-73.834217967	-70.5834316491
-73.833281432	-70.5845064062
-73.830050726	-70.5841948074
-73.829113919	-70.5852695442
-73.828177006	-70.5863442793
-73.824008887	-70.5871072978
-73.823071596	-70.5881820107
-73.819840434	-70.5878702171
-73.81890287	-70.5889449097
-73.817965201	-70.5900196006
-73.817027426	-70.5910942896
-73.813795869	-70.59078238
-73.812857821	-70.5918570487
-73.811919667	-70.5929317156
-73.808687882	-70.5926197085
-73.807749456	-70.5936943551
-73.806810923	-70.5947689999
-73.80357891	-70.5944568953
-73.802640105	-70.5955315197
-73.801701194	-70.5966061423
-73.798468953	-70.5962939403
-73.797529769	-70.5973685425
-73.796590479	-70.598443143
-73.795651083	-70.5995177416
-73.791478778	-70.6002800017
-73.790539003	-70.6013545781
-73.789599122	-70.6024291527
-73.786366092	-70.6021167185
-73.785425937	-70.6031912727
-73.784485677	-70.6042658251
-73.781252419	-70.6039532933
-73.780311885	-70.6050278253
-73.777078566	-70.6047152145
-73.776137759	-70.6057897261
-73.775196846	-70.6068642358
-73.771022113	-70.6076260168
-73.77008082	-70.6087005043
-73.769139422	-70.6097749899
-73.765905479	-70.6094621654
-73.764963808	-70.6105366306
-73.764022029	-70.611611094
-73.760787859	-70.6112981718
-73.759845808	-70.6123726147
-73.758903649	-70.6134470558
-73.755669252	-70.613134036
-73.75472682	-70.6142084566
-73.753784282	-70.6152828754
-73.750549656	-70.6149697579
-73.749606845	-70.6160441562
-73.746372159	-70.6157309597
-73.743137579	-70.6154177029
-73.742194327	-70.6164920621
-73.741250968	-70.6175664194
-73.738016161	-70.6172530648
-73.737072528	-70.6183274016
-73.73612879	-70.6194017366
-73.739363931	-70.6197151284
-73.738420253	-70.6207894801
-73.741655669	-70.6211028302
-73.740712051	-70.6221771988
-73.739768327	-70.6232515655
-73.738824496	-70.6243259303
-73.737880558	-70.6254002933
-73.736936514	-70.6264746545
-73.733700263	-70.6261612111
-73.732755945	-70.6272355517
-73.729519633	-70.6269220292
-73.728575041	-70.6279963493
-73.727630342	-70.6290706675
-73.724393803	-70.6287570472
-73.72344883	-70.6298313449
-73.72021223	-70.6295176455
-73.719266983	-70.6305919227
-73.71832163	-70.6316661979
-73.717376169	-70.6327404713
-73.716430602	-70.6338147428
-73.71319344	-70.6335009083
-73.712247599	-70.6345751592
-73.71130165	-70.6356494083
-73.710355595	-70.6367236555
-73.709409433	-70.6377979008
-73.706171709	-70.637483931
-73.705225272	-70.6385581558
-73.704278729	-70.6396323786
-73.700093959	-70.6403925132
-73.699147034	-70.6414667136
-73.698200003	-70.6425409121
-73.694961655	-70.6422267279
-73.694014349	-70.6433009057
-73.690775941	-70.6429866424
-73.689828361	-70.6440607996
-73.688880673	-70.645134955
-73.685642038	-70.6448205937
-73.684694076	-70.6458947285
-73.683746006	-70.6469688613
-73.680507143	-70.6466544021
-73.679558799	-70.6477285143
-73.676319876	-70.6474139759
-73.675371257	-70.6484880675
-73.674422531	-70.6495621571
-73.671183381	-70.6492475208
-73.67023438	-70.6503215897
-73.669285272	-70.6513956568
-73.666045894	-70.6510809225
-73.665096511	-70.6521549689
-73.661857073	-70.6518401555
-73.660907415	-70.6529141812
-73.657667917	-70.6525992885
-73.656717985	-70.6536732935
-73.655767945	-70.6547472966
-73.652528219	-70.6544323059
-73.651577905	-70.6555062883
-73.650627483	-70.6565802688
-73.64738753	-70.6562651801
-73.646436833	-70.6573391398
-73.643196819	-70.6570239719
-73.642245848	-70.658097911
-73.641294768	-70.659171848
-73.640343581	-70.6602457832
-73.639392286	-70.6613197164
-73.638440884	-70.6623936477
-73.634634198	-70.6666893535
-73.633682257	-70.6677632751
-73.632730209	-70.6688371947
-73.629488461	-70.6685217595
-73.628536137	-70.6695956584
-73.625294329	-70.6692801439
-73.62434173	-70.670354022
-73.621099862	-70.6700384283
-73.617858102	-70.669722774
-73.61690506	-70.6707966125
-73.613663241	-70.670480879
-73.612709923	-70.6715546967
-73.609468044	-70.6712388838
-73.606226272	-70.6709230105
-73.602984609	-70.6706070767
-73.599743053	-70.6702910824
-73.598788958	-70.6713648228
-73.595547343	-70.6710487492
-73.594592971	-70.6721224688
-73.593638492	-70.6731961864
-73.59039665	-70.6728800146
-73.589441896	-70.6739537114
-73.588487033	-70.6750274062
-73.585244964	-70.6747111362
-73.584289826	-70.6757848102
-73.581047697	-70.6754684609
-73.580092283	-70.676542114
-73.579136761	-70.6776157651
-73.578181131	-70.6786894143
-73.577225392	-70.6797630614
-73.573982702	-70.6794465762
-73.573026688	-70.6805202025
-73.569783938	-70.6802036378
-73.568827648	-70.6812772432
-73.56787125	-70.6823508467
-73.566914743	-70.6834244481
-73.565958128	-70.6844980476
-73.565001405	-70.685571645
-73.564044574	-70.6866452405
-73.563087634	-70.6877188339
-73.562130586	-70.6887924254
-73.558886603	-70.6884756491
-73.557929279	-70.6895492196
-73.556971846	-70.6906227882
-73.556014305	-70.6916963548
-73.552769928	-70.6913794612
-73.551812111	-70.6924530069
-73.550854185	-70.6935265505
-73.549896151	-70.6946000921
-73.553141032	-70.6949170424
-73.552183057	-70.6959906009
-73.551224973	-70.6970641575
-73.550266781	-70.698137712
-73.549308481	-70.6992112645
-73.548350072	-70.700284815
-73.547391554	-70.7013583635
-73.546432928	-70.70243191
-73.545474193	-70.7035054544
-73.544515349	-70.7045789969
-73.543556397	-70.7056525373
-73.542597336	-70.7067260757
-73.541638166	-70.7077996121
-73.540678888	-70.7088731465
-73.539719501	-70.7099466788
-73.538760005	-70.7110202091
-73.5378004	-70.7120937374
-73.536840687	-70.7131672637
-73.535880864	-70.714240788
-73.534920934	-70.7153143102
-73.533960894	-70.7163878304
-73.533000745	-70.7174613486
-73.535289171	-70.7188521712
-73.534328973	-70.7199257043
-73.533368665	-70.7209992353
-73.532408249	-70.7220727643
-73.534697189	-70.7234636131
-73.533736723	-70.724537157
-73.532776148	-70.7256106989
-73.531815464	-70.7266842387
-73.535065543	-70.7270015568
-73.534104919	-70.7280751136
-73.533144185	-70.7291486683
-73.532183342	-70.730222221
-73.535434035	-70.7305395354
-73.534473252	-70.731613105
-73.533512359	-70.7326866727
-73.535802665	-70.7340775489
-73.534841723	-70.7351511314
-73.533880672	-70.7362247119
-73.537132424	-70.7365419999
-73.536171432	-70.7376155973
-73.535210332	-70.7386891927
-73.53846253	-70.739006458
-73.537501489	-70.7400800703
-73.536540338	-70.7411536806
-73.539792983	-70.7414709232
-73.538831892	-70.7425445505
-73.542084814	-70.7428617514
-73.541123782	-70.7439353956
-73.544376982	-70.7442525548
-73.547630292	-70.7445696533
-73.546669488	-70.7456433334
-73.549923075	-70.7459603902
-73.552216196	-70.7473511024
-73.55547017	-70.7476680568
-73.554509654	-70.7487417898
-73.557763905	-70.7490587025
-73.560057979	-70.7504493233
-73.563312618	-70.7507661336
-73.56235239	-70.7518399194
-73.565607306	-70.7521566879
-73.567902333	-70.7535472174
-73.571157636	-70.7538638834
-73.570197697	-70.7549377221
-73.573453278	-70.7552543463
-73.576708969	-70.7555709099
-73.575749258	-70.7566447844
-73.579005227	-70.7569613061
-73.581301823	-70.7583516776
-73.584558179	-70.7586680968
-73.583598757	-70.7597420241
-73.586855391	-70.7600584015
-73.589152941	-70.7614486814
-73.592409962	-70.7617649563
-73.591450829	-70.7628389364
-73.594708128	-70.7631551694
-73.597006633	-70.7645453577
-73.600264319	-70.7648614881
-73.599305476	-70.7659355211
-73.60256344	-70.7662516096
-73.605821514	-70.7665676374
-73.6048629	-70.7676417063
-73.608121252	-70.7679576922
-73.611379713	-70.7682736173
-73.610421329	-70.769347722
-73.613680068	-70.7696636052
-73.616938916	-70.7699794276
-73.615980761	-70.7710535682
-73.634010457	-70.7786340898
-73.637271194	-70.7789495391
-73.636313741	-70.7800238191
-73.639574756	-70.7803392265
-73.642835881	-70.780654573
-73.646097114	-70.7809698586
-73.645140061	-70.7820441933
-73.648401573	-70.782359437
-73.651663194	-70.7826746198
-73.650706372	-70.7837489903
-73.653968271	-70.7840641312
-73.65723028	-70.7843792111
-73.660492397	-70.7846942301
-73.663754624	-70.7850091883
-73.667016959	-70.7853240855
-73.666060876	-70.7863985486
-73.66932349	-70.7867134039
-73.672586213	-70.7870281982
-73.675849045	-70.7873429316
-73.674893362	-70.7884174494
-73.678156473	-70.7887321408
-73.677200852	-70.7898066755
-73.680464241	-70.7901213249
-73.683727739	-70.7904359133
-73.682772349	-70.7915104838
-73.686036126	-70.7918250302
-73.685080797	-70.7928996176
-73.688344852	-70.7932141219
-73.687389585	-70.7942887262
-73.690653919	-70.7946031885
-73.689698713	-70.7956778097
-73.688743397	-70.796752429
-73.692008181	-70.7970668681
-73.691052927	-70.7981415043
-73.694317989	-70.7984559013
-73.697583161	-70.7987702373
-73.696628138	-70.7998449093
-73.699893588	-70.8001592032
-73.698938627	-70.8012338921
-73.702204357	-70.801548144
-73.701249456	-70.8026228497
-73.700294447	-70.8036975536
-73.703560626	-70.8040117822
-73.702605679	-70.8050865029
-73.705872137	-70.8054006894
-73.704917251	-70.8064754271
-73.708183988	-70.8067895715
-73.711450834	-70.8071036549
-73.71049618	-70.8081784283
-73.713763305	-70.8084924695
-73.71703054	-70.8088064498
-73.720297883	-70.809120369
-73.723565335	-70.8094342272
-73.724519308	-70.8083593783
-73.727786698	-70.8086731567
-73.731054197	-70.808986874
-73.734321805	-70.8093005303
-73.737589522	-70.8096141256
-73.736636231	-70.8106890498
-73.739904227	-70.8110026029
-73.743172331	-70.811316095
-73.742219273	-70.812391055
-73.745487657	-70.8127045049
-73.747803323	-70.8140928894
-73.751072096	-70.814406236
-73.754340976	-70.8147195216
-73.753388383	-70.815794553
-73.756657543	-70.8161077964
-73.759926812	-70.8164209786
-73.758974451	-70.8174960458
-73.762243999	-70.8178091858
-73.761291701	-70.8188842699
-73.764561528	-70.8191973677
-73.763609292	-70.8202724687
-73.766879399	-70.8205855242
-73.770149615	-70.8208985186
-73.769197611	-70.8219736554
-73.772468107	-70.8222866075
-73.775738711	-70.8225994986
-73.77478694	-70.823674671
-73.778057824	-70.8239875198
-73.781328816	-70.8243003074
-73.784599917	-70.824613034
-73.786919931	-70.8260009452
-73.79019142	-70.8263135684
-73.793463018	-70.8266261304
-73.796734724	-70.8269386313
-73.795783933	-70.8280139315
-73.79905592	-70.8283263901
-73.802328014	-70.8286387875
-73.804649831	-70.8300264786
-73.807922314	-70.8303387725
-73.811194905	-70.8306510053
-73.813517624	-70.8320385862
-73.816790604	-70.8323507155
-73.820063692	-70.8326627836
-73.819113944	-70.8337382284
-73.822387312	-70.8340502542
-73.821437628	-70.8351257159
-73.824711276	-70.8354376993
-73.827035581	-70.8368251189
-73.830309618	-70.8371369986
-73.82936023	-70.8382125129
-73.832634546	-70.8385243503
-73.831685221	-70.8395998815
-73.834959817	-70.8399116764
-73.838234521	-70.8402234101
-73.840560416	-70.8416106683
-73.843835508	-70.8419222984
-73.84711071	-70.8422338673
-73.850386019	-70.842545375
-73.853661437	-70.8428568214
-73.856936964	-70.8431682067
-73.860212599	-70.8434795307
-73.863488342	-70.8437907935
-73.87564526	-70.8461110224
-73.878921717	-70.8464219977
-73.882198282	-70.8467329118
-73.881251377	-70.8478087374
-73.884528222	-70.848119609
-73.887805176	-70.8484304193
-73.886858506	-70.8495062804
-73.89013574	-70.8498170482
-73.889189134	-70.8508929262
-73.892466647	-70.8512036515
-73.895744269	-70.8515143155
-73.898075801	-70.8529008505
-73.901353811	-70.8532114106
-73.90463193	-70.8535219094
-73.903685967	-70.8545978773
-73.906964366	-70.8549083336
-73.906018467	-70.8559843183
-73.909297146	-70.856294732
-73.90835131	-70.8573707336
-73.910684498	-70.8587571232
-73.909738618	-70.8598331398
-73.913018029	-70.860143487
-73.912072213	-70.8612195205
-73.915351906	-70.8615298251
-73.914406153	-70.8626058754
-73.917686126	-70.8629161374
-73.916740437	-70.8639922046
-73.92002069	-70.8643024239
-73.919075066	-70.865378508
-73.922355599	-70.8656886847
-73.925636241	-70.8659988001
-73.928916991	-70.8663088541
-73.932197849	-70.8666188468
-73.935478816	-70.8669287781
-73.93875989	-70.8672386481
-73.942041073	-70.8675484567
-73.942985492	-70.8664722418
-73.946266611	-70.8667819703
-73.949547837	-70.8670916375
-73.952829172	-70.8674012434
-73.956110615	-70.8677107878
-73.959392167	-70.8680202709
-73.962673826	-70.8683296927
-73.965955593	-70.868639053
-73.965012381	-70.8697153987
-73.968294429	-70.8700247163
-73.971576585	-70.8703339725
-73.974858849	-70.8706431674
-73.973916047	-70.8717195672
-73.977198591	-70.8720287193
-73.980481244	-70.87233781
-73.979538678	-70.8734142453
-73.982821611	-70.8737232932
-73.986104652	-70.8740322798
-73.987046873	-70.8729558072
-73.990329849	-70.8732647137
-73.993612933	-70.8735735588
-73.996896126	-70.8738823424
-73.99783772	-70.8728058121
-74.001120848	-70.8731145157
-74.004404083	-70.8734231579
-74.007687426	-70.8737317387
-74.010970878	-70.874040258
-74.014254437	-70.874348716
-74.013313706	-70.8754253394
-74.016597545	-70.8757337545
-74.01565688	-70.8768103947
-74.018941	-70.877118767
-74.022225228	-70.8774270778
-74.024569309	-70.8788120215
-74.027853925	-70.879120228
-74.026913735	-70.8801969392
-74.030198632	-70.8805051029
-74.029258507	-70.8815818308
-74.032543685	-70.8818899516
-74.031603625	-70.8829666964
-74.034889084	-70.8832747744
-74.03817465	-70.8835827909
-74.037234829	-70.8846595711
-74.054134532	-70.889737155
-74.057421546	-70.8900448154
-74.060708666	-70.8903524143
-74.059769799	-70.8914293362
-74.0630572	-70.8917368921
-74.06634471	-70.8920443865
-74.069632328	-70.8923518194
-74.068693872	-70.8934287953
-74.07198177	-70.8937361852
-74.075269776	-70.8940435136
-74.074331559	-70.8951205248
-74.077619846	-70.8954278102
-74.080908241	-70.8957350341
-74.079970263	-70.8968120807
-74.083258939	-70.8971192616
-74.086547722	-70.897426381
-74.089836613	-70.8977334387
-74.093125612	-70.898040435
-74.096414718	-70.8983473696
-74.099703932	-70.8986542427
-74.102993254	-70.8989610542
-74.106282683	-70.8992678041
-74.10957222	-70.8995744925
-74.112861864	-70.8998811192
-74.116151615	-70.9001876844
-74.119441474	-70.900494188
-74.118505471	-70.9015714555
-74.121795612	-70.901877916
-74.125085859	-70.902184315
-74.127440625	-70.9035679737
-74.130731261	-70.9038742679
-74.134022005	-70.9041805006
-74.133086655	-70.9052578572
-74.13637768	-70.9055640468
-74.139668813	-70.9058701747
-74.138733703	-70.9069475667
-74.142025117	-70.9072536515
-74.141090073	-70.9083310603
-74.144381769	-70.908637102
-74.143446792	-70.9097145276
-74.146738768	-70.9100205261
-74.145803858	-70.9110979685
-74.149096115	-70.911403924
-74.148161271	-70.9124813831
-74.15145381	-70.9127872954
-74.154746457	-70.9130931461
-74.153811853	-70.9141706406
-74.157104781	-70.9144764481
-74.156170244	-70.9155539593
-74.159463453	-70.9158597237
-74.16275677	-70.9161654263
-74.161822474	-70.9172429729
-74.165116072	-70.9175486324
-74.168409778	-70.9178542302
-74.171703591	-70.9181597663
-74.17076971	-70.9192373667
-74.174063804	-70.9195428596
-74.177358006	-70.9198482909
-74.176424366	-70.9209259265
-74.179718849	-70.9212313145
-74.178785276	-70.922308967
-74.182080041	-70.9226143118
-74.185374914	-70.9229195949
-74.184441581	-70.9239972826
-74.187736735	-70.9243025225
-74.18680347	-70.9253802269
-74.190098906	-70.9256854236
-74.193394449	-70.9259905585
-74.192461425	-70.9270682982
-74.191528294	-70.9281460363
-74.194824293	-70.9284511465
-74.193891229	-70.9295289013
-74.19718751	-70.9298339682
-74.200483898	-70.9301389733
-74.199551075	-70.9312167634
-74.202847745	-70.9315217253
-74.206144523	-70.9318266254
-74.205211942	-70.9329044508
-74.208509001	-70.9332093076
-74.211806168	-70.9335141027
-74.210873829	-70.9345919633
-74.214171277	-70.934896715
-74.217468833	-70.935201405
-74.216536736	-70.9362793009
-74.219834574	-70.9365839476
-74.223132519	-70.9368885324
-74.222200664	-70.9379664635
-74.225498891	-70.9382710051
-74.228797225	-70.9385754849
-74.227865612	-70.9396534512
-74.231164228	-70.9399578876
-74.239198571	-70.9430269013
-74.242497966	-70.9433311274
-74.245797468	-70.9436352917
-74.249097078	-70.9439393941
-74.252396794	-70.9442434347
-74.255696618	-70.9445474135
-74.254766257	-70.9456255408
-74.258066363	-70.9459294762
-74.261366576	-70.9462333497
-74.264666896	-70.9465371614
-74.267967323	-70.9468409113
-74.271267858	-70.9471445993
-74.273639081	-70.9485264616
-74.276940005	-70.9488300443
-74.276010655	-70.9499082972
-74.279311861	-70.9502118365
-74.278382579	-70.9512901062
-74.280754853	-70.9526718885
-74.279825532	-70.9537501733
-74.278896104	-70.9548284565
-74.277966569	-70.955906738
-74.281268865	-70.9562102456
-74.280339397	-70.9572885439
-74.283641976	-70.957592008
-74.286015438	-70.9589737436
-74.289318406	-70.9592771023
-74.291692501	-70.9606587678
-74.290763414	-70.9617371348
-74.294066947	-70.9620404064
-74.293137928	-70.9631187902
-74.296441743	-70.9634220184
-74.299745666	-70.9637251846
-74.298816891	-70.9648036036
-74.302121096	-70.9651067263
-74.305425409	-70.9654097871
-74.304496877	-70.9664882412
-74.307801472	-70.9667912584
-74.311106175	-70.9670942137
-74.314410984	-70.9673971071
-74.3177159	-70.9676999385
-74.321020924	-70.9680027079
-74.324326054	-70.9683054154
-74.327631292	-70.9686080609
-74.330936636	-70.9689106445
-74.334242088	-70.9692131661
-74.337547646	-70.9695156257
-74.340853311	-70.9698180234
-74.344159084	-70.9701203591
-74.347464963	-70.9704226328
-74.350770949	-70.9707248445
-74.354077042	-70.9710269942
-74.357383242	-70.971329082
-74.358308962	-70.9702503339
-74.361615093	-70.9705523413
-74.364921331	-70.9708542867
-74.368227675	-70.9711561701
-74.371534126	-70.9714579916
-74.374840684	-70.971759751
-74.378147349	-70.9720614484
-74.38145412	-70.9723630838
-74.384760999	-70.9726646572
-74.388067983	-70.9729661686
-74.391375075	-70.9732676179
-74.390451114	-70.9743465493
-74.393758488	-70.9746479549
-74.397065968	-70.9749492985
-74.400373556	-70.9752505801
-74.399450016	-70.9763295648
-74.402757886	-70.9766308027
-74.406065863	-70.9769319785
-74.409373946	-70.9772330923
-74.408450828	-70.9783121303
-74.411759194	-70.9786132003
-74.415067667	-70.9789142083
-74.418376246	-70.9792151543
-74.41745355	-70.9802942456
-74.420762412	-70.9805951477
-74.424071381	-70.9808959878
-74.42314893	-70.9819751142
-74.426458182	-70.9822759105
-74.42976754	-70.9825766447
-74.428845336	-70.9836558061
-74.432154976	-70.9839564965
-74.435464724	-70.9842571248
-74.438774578	-70.9845576911
-74.437852796	-70.9856369057
-74.441162933	-70.9859374282
-74.444473176	-70.9862378885
-74.443551641	-70.9873171381
-74.446862167	-70.9876175546
-74.44925151	-70.9889971936
-74.452562426	-70.9892975042
-74.451641207	-70.9903768055
-74.454952406	-70.9906770722
-74.458263711	-70.9909772768
-74.461575122	-70.9912774192
-74.464886641	-70.9915774996
-74.463966021	-70.9926568724
-74.467277823	-70.9929569088
