> -L"antarctic_islands_coastlines"
-158.699299355	-81.2450275661
-158.702028924	-81.2439616855
-158.709030115	-81.2443771501
-158.716031972	-81.2447924846
-158.725761221	-81.2441416362
-158.732763686	-81.2445566593
-158.742491422	-81.2439053786
-158.749494493	-81.2443200902
-158.756498229	-81.2447346718
-158.759220716	-81.2436683773
-158.766224391	-81.2440827775
-158.773228732	-81.2444970475
-158.775949099	-81.2434306324
-158.782953378	-81.2438447211
-158.789958322	-81.2442586797
-158.79968145	-81.2436059212
-158.806686996	-81.2440195682
-158.813693205	-81.244433085
-158.820700079	-81.2448464716
-158.823414751	-81.2437797132
-158.830421561	-81.2441929185
-158.837429034	-81.2446059935
-158.844437171	-81.2450189382
-158.851445971	-81.2454317527
-158.858455435	-81.2458444368
-158.868175197	-81.2451899077
-158.875185258	-81.2456022802
-158.882195981	-81.2460145223
-158.884903494	-81.2449473193
-158.89191415	-81.24535938
-158.898925468	-81.2457713104
-158.901630859	-81.2447039875
-158.908642109	-81.2451157365
-158.915654021	-81.2455273551
-158.918357289	-81.2444599123
-158.925369132	-81.2448713496
-158.932381637	-81.2452826564
-158.942095217	-81.2446262194
-158.949108313	-81.2450372144
-158.956122069	-81.245448079
-158.965834046	-81.2447910292
-158.972848392	-81.2452015819
-158.979863398	-81.2456120041
-158.986879065	-81.2460222958
-158.989573768	-81.2449543416
-158.996589362	-81.245364452
-159.003605616	-81.2457744317
-159.013314374	-81.2451161566
-159.020331214	-81.2455258245
-159.030038433	-81.2448671182
-159.037055858	-81.2452764741
-159.051092683	-81.2460947941
-159.058112083	-81.246503758
-159.065132142	-81.2469125913
-159.067817535	-81.2458440767
-159.074837517	-81.2462527286
-159.081858157	-81.2466612498
-159.088879455	-81.2470696403
-159.09590141	-81.2474779
-159.098583207	-81.2464091653
-159.105605084	-81.2468172436
-159.112627619	-81.2472251912
-159.119650811	-81.247633008
-159.12667466	-81.248040694
-159.129352857	-81.2469717395
-159.136376627	-81.2473792441
-159.139053432	-81.2463102214
-159.146077122	-81.2467175447
-159.153101468	-81.2471247372
-159.155776145	-81.246055596
-159.16280041	-81.2464626071
-159.172497879	-81.2458002278
-159.179522719	-81.2462069267
-159.186548214	-81.2466134947
-159.189218633	-81.2455441168
-159.196244046	-81.2459505035
-159.205938404	-81.2452872631
-159.212964388	-81.2456933376
-159.219991027	-81.2460992811
-159.222657188	-81.2450296669
-159.229683743	-81.2454354291
-159.236710952	-81.2458410604
-159.239374984	-81.2447713281
-159.246402108	-81.245176778
-159.253429885	-81.245582097
-159.260458316	-81.245987285
-159.26311948	-81.2449173845
-159.270147824	-81.2453223912
-159.277176822	-81.2457272668
-159.286864767	-81.2450619429
-159.29389433	-81.2454665062
-159.296551234	-81.2443963702
-159.303580709	-81.2448007522
-159.310610837	-81.2452050031
-159.31326561	-81.2441347496
-159.322949032	-81.2434684983
-159.329978983	-81.2438723867
-159.337009584	-81.244276144
-159.339660836	-81.2432057057
-159.346691348	-81.2436092817
-159.356371632	-81.242942171
-159.363402705	-81.2433454347
-159.373081417	-81.2426778943
-159.380113049	-81.2430808456
-159.38714533	-81.2434836657
-159.389790189	-81.2424128756
-159.396822378	-81.2428155146
-159.406497944	-81.2421471151
-159.413530689	-81.2425494416
-159.416172027	-81.2414784675
-159.418812716	-81.2404074763
-159.425844627	-81.2408095717
-159.428483927	-81.2397385136
-159.435515745	-81.2401404279
-159.438153655	-81.2390693028
-159.440790919	-81.2379981607
-159.447821901	-81.238399844
-159.457488663	-81.2377301373
-159.464520197	-81.2381315083
-159.47418538	-81.2374613727
-159.481217465	-81.2378624313
-159.483849079	-81.2367909892
-159.490881068	-81.2371918668
-159.497913702	-81.2375926131
-159.507575724	-81.2369216198
-159.514608906	-81.2373220537
-159.521642734	-81.2377223563
-159.528677206	-81.2381225274
-159.535712324	-81.2385225672
-159.542748086	-81.2389224756
-159.55240813	-81.2382503294
-159.559444437	-81.2386499254
-159.566481389	-81.2390493898
-159.573518984	-81.2394487228
-159.580557224	-81.2398479243
-159.587596107	-81.2402469943
-159.594635634	-81.2406459328
-159.601675805	-81.2410447397
-159.608716619	-81.2414434151
-159.615758076	-81.2418419589
-159.622800177	-81.2422403711
-159.62984292	-81.2426386517
-159.636886307	-81.2430368007
-159.643930336	-81.243434818
-159.653587564	-81.2427600701
-159.660632131	-81.2431577747
-159.674723192	-81.2439527886
-159.681769686	-81.244350098
-159.688816821	-81.2447472756
-159.705519696	-81.2444682396
-159.712568008	-81.2448649725
-159.71961696	-81.2452615737
-159.726666554	-81.245658043
-159.733716788	-81.2460543804
-159.740767664	-81.246450586
-159.747819179	-81.2468466598
-159.754871335	-81.2472426016
-159.761924132	-81.2476384115
-159.768977569	-81.2480340895
-159.776031645	-81.2484296355
-159.783086362	-81.2488250495
-159.790141719	-81.2492203316
-159.797197715	-81.2496154817
-159.804254351	-81.2500104997
-159.811311626	-81.2504053857
-159.818369541	-81.2508001396
-159.825428095	-81.2511947614
-159.832487288	-81.2515892512
-159.839547119	-81.2519836088
-159.84660759	-81.2523778343
-159.853668699	-81.2527719276
-159.860730447	-81.2531658888
-159.867792834	-81.2535597178
-159.874855858	-81.2539534145
-159.881919521	-81.2543469791
-159.891570327	-81.2536661197
-159.898634511	-81.2540593707
-159.912764793	-81.2548454759
-159.919830889	-81.2552383301
-159.922413739	-81.2541638261
-159.929479717	-81.254556499
-159.936546333	-81.2549490395
-159.939127035	-81.2538744214
-159.946193532	-81.2542667806
-159.953260665	-81.2546590075
-159.962906234	-81.253976321
-159.969973883	-81.2543682343
-159.977042169	-81.2547600151
-159.986685985	-81.2540767198
-159.993754784	-81.2544681869
-160.010466279	-81.2541756176
-160.017536227	-81.2545666386
-160.024606809	-81.2549575271
-160.041318203	-81.2546635892
-160.091445599	-81.2537773295
-160.094006844	-81.252701656
-160.101079336	-81.2530911082
-160.10363919	-81.2520153702
-160.110711556	-81.2524046413
-160.117784553	-81.2527937797
-160.120342258	-81.2517179286
-160.127415128	-81.2521068859
-160.134488629	-81.2524957105
-160.137044185	-81.2514197465
-160.144117557	-81.2518083899
-160.151191561	-81.2521969007
-160.153744967	-81.2511208238
-160.160818841	-81.2515091535
-160.167893346	-81.2518973504
-160.177518977	-81.2512091766
-160.184593982	-81.2515970598
-160.191669616	-81.2519848102
-160.19874588	-81.2523724278
-160.201293465	-81.2512960287
-160.208369597	-81.2516834653
-160.215446359	-81.2520707691
-160.222523749	-81.2524579401
-160.229601768	-81.2528449783
-160.23214568	-81.25176837
-160.239223567	-81.252155227
-160.246302081	-81.2525419513
-160.253381224	-81.2529285427
-160.255922223	-81.2518517738
-160.263001231	-81.2522381841
-160.270080868	-81.2526244615
-160.272619715	-81.2515475805
-160.279699216	-81.2519336768
-160.286779345	-81.2523196402
-160.28931604	-81.251242647
-160.296396033	-81.2516284293
-160.303476652	-81.2520140787
-160.313091678	-81.2513224419
-160.322705178	-81.2506305603
-160.32978615	-81.2510157146
-160.339397986	-81.2503234072
-160.346479446	-81.2507082474
-160.349008295	-81.2496308551
-160.356089617	-81.2500155143
-160.358617078	-81.2489380583
-160.361143914	-81.2478605869
-160.363670126	-81.2467831001
-160.366195713	-81.2457055977
-160.359117446	-81.2453211307
-160.361643173	-81.2442436609
-160.354566292	-81.243859109
-160.347490035	-81.2434744242
-160.340414403	-81.2430896066
-160.333339394	-81.2427046561
-160.32626501	-81.2423195728
-160.319191251	-81.2419343566
-160.312118117	-81.2415490077
-160.302513784	-81.2422406111
-160.295441138	-81.2418549485
-160.288369117	-81.2414691532
-160.281297722	-81.2410832251
-160.274226952	-81.2406971643
-160.267156808	-81.2403109708
-160.26008729	-81.2399246446
-160.250480626	-81.2406149181
-160.2434116	-81.2402282783
-160.236343201	-81.239841506
-160.229275428	-81.239454601
-160.222208282	-81.2390675634
-160.215141763	-81.2386803932
-160.208075871	-81.2382930905
-160.198466894	-81.2389820339
-160.191401498	-81.2385944177
-160.18433673	-81.238206669
-160.177272589	-81.2378187879
-160.170209076	-81.2374307742
-160.163146191	-81.237042628
-160.156083935	-81.2366543494
-160.149022306	-81.2362659383
-160.141961306	-81.2358773949
-160.134900934	-81.235488719
-160.125289279	-81.2361757898
-160.118229408	-81.2357868007
-160.111170167	-81.2353976792
-160.104111555	-81.2350084254
-160.097053573	-81.2346190393
-160.089996219	-81.2342295209
-160.082939496	-81.2338398702
-160.075883402	-81.2334500872
-160.068827939	-81.233060172
-160.071385894	-81.231984681
-160.064331815	-81.2315946821
-160.057278365	-81.2312045509
-160.050225546	-81.2308142876
-160.043173357	-81.2304238922
-160.036121798	-81.2300333645
-160.033560073	-81.2311086126
-160.026508391	-81.2307179043
-160.01945734	-81.2303270638
-160.01240692	-81.2299360911
-160.005357131	-81.2295449864
-159.998307974	-81.2291537497
-159.991259447	-81.2287623808
-159.984211552	-81.22837088
-159.977164289	-81.2279792471
-159.970117657	-81.2275874822
-159.963071658	-81.2271955853
-159.95602629	-81.2268035565
-159.948981554	-81.2264113957
-159.941937451	-81.226019103
-159.934893979	-81.2256266784
-159.927851141	-81.2252341218
-159.920808934	-81.2248414334
-159.913767361	-81.2244486132
-159.906726421	-81.2240556611
-159.899686113	-81.2236625772
-159.892646439	-81.2232693615
-159.885607397	-81.222876014
-159.878568989	-81.2224825347
-159.871531215	-81.2220889237
-159.864494074	-81.2216951809
-159.8619137	-81.2227692425
-159.854876445	-81.2223753192
-159.847839824	-81.2219812641
-159.840803837	-81.2215870773
-159.838220585	-81.2226609758
-159.831184485	-81.2222666084
-159.82414902	-81.2218721093
-159.81711419	-81.2214774786
-159.810079994	-81.2210827162
-159.803046434	-81.2206878222
-159.796013509	-81.2202927967
-159.79342514	-81.2213663848
-159.786392104	-81.2209711786
-159.779359704	-81.2205758409
-159.772327939	-81.2201803716
-159.765296811	-81.2197847707
-159.758266318	-81.2193890384
-159.751236462	-81.2189931745
-159.748642982	-81.2200664518
-159.741613017	-81.2196704073
-159.734583689	-81.2192742314
-159.727554997	-81.218877924
-159.720526943	-81.2184814851
-159.703874161	-81.218761179
-159.696847274	-81.2183642967
-159.621398069	-81.2165330491
-159.61437672	-81.216134624
-159.60735601	-81.2157360677
-159.600335939	-81.2153373803
-159.593316508	-81.2149385616
-159.586297717	-81.2145396118
-159.576666449	-81.2152126082
-159.569648198	-81.2148133467
-159.562630587	-81.2144139542
-159.555613616	-81.2140144305
-159.548597286	-81.2136147758
-159.541581597	-81.21321499
-159.538964139	-81.2142868031
-159.531948352	-81.2138868368
-159.524933206	-81.2134867395
-159.517918701	-81.2130865111
-159.510904837	-81.2126861518
-159.503891615	-81.2122856614
-159.496879035	-81.2118850402
-159.489867097	-81.211484288
-159.482855801	-81.2110834049
-159.475845146	-81.2106823909
-159.468835134	-81.210281246
-159.466209651	-81.2113525465
-159.459199544	-81.2109512211
-159.452190079	-81.2105497649
-159.445181258	-81.2101481778
-159.43817308	-81.2097464599
-159.431165544	-81.2093446112
-159.424158652	-81.2089426318
-159.417152403	-81.2085405215
-159.410146797	-81.2081382806
-159.403141835	-81.2077359089
-159.386499617	-81.20800151
-159.379495851	-81.2075986965
-159.37249273	-81.2071957523
-159.365490253	-81.2067926774
-159.35848842	-81.2063894719
-159.351487232	-81.2059861359
-159.344486689	-81.2055826692
-159.337486791	-81.2051790719
-159.334846781	-81.2062494427
-159.327846794	-81.205845665
-159.320847453	-81.2054417568
-159.313848757	-81.205037718
-159.306850706	-81.2046335487
-159.299853301	-81.204229249
-159.292856542	-81.2038248187
-159.285860429	-81.203420258
-159.276218444	-81.2040855211
-159.269222891	-81.2036806495
-159.262227985	-81.2032756476
-159.252584367	-81.2039403022
-159.245590023	-81.2035349894
-159.228951077	-81.2037935923
-159.221957943	-81.2033878384
-159.21231115	-81.2040514562
-159.205318582	-81.2036453916
-159.198326662	-81.2032391967
-159.19133539	-81.2028328715
-159.184344766	-81.202426416
-159.177354791	-81.2020198303
-159.170365465	-81.2016131144
-159.163376787	-81.2012062682
-159.156388758	-81.2007992919
-159.159048901	-81.1997301911
-159.15206225	-81.1993231348
-159.145076247	-81.1989159484
-159.147737198	-81.1978469306
-159.140752573	-81.1974396642
-159.133768596	-81.1970322678
-159.126785267	-81.1966247412
-159.119802588	-81.1962170847
-159.112820559	-81.195809298
-159.105839178	-81.1954013814
-159.098858447	-81.1949933348
-159.091878365	-81.1945851582
-159.089211597	-81.1956537739
-159.082231439	-81.195245417
-159.075251931	-81.1948369302
-159.068273073	-81.1944283134
-159.061294865	-81.1940195667
-159.054317307	-81.1936106901
-159.0473404	-81.1932016836
-159.040364144	-81.1927925472
-159.033388538	-81.192383281
-159.023739637	-81.19304203
-159.016764609	-81.1926324537
-159.009790232	-81.1922227477
-159.002816507	-81.1918129118
-158.995843433	-81.1914029462
-158.98887101	-81.1909928508
-158.981899239	-81.1905826257
-158.974928121	-81.1901722709
-158.972248457	-81.191240045
-158.965277268	-81.19082951
-158.95830673	-81.1904188453
-158.95562497	-81.1914865006
-158.948654362	-81.1910756557
-158.941684408	-81.1906646811
-158.934715106	-81.1902535769
-158.932030526	-81.1913210628
-158.925061155	-81.1909097783
-158.918092438	-81.1904983643
-158.911124374	-81.1900868207
-158.908436975	-81.1911541369
-158.901468844	-81.190742413
-158.894501366	-81.1903305596
-158.887534543	-81.1899185767
-158.880568373	-81.1895064642
-158.873602858	-81.1890942221
-158.866637997	-81.1886818506
-158.856980693	-81.1893362932
-158.850016421	-81.1889236121
-158.843052804	-81.1885108014
-158.836089843	-81.1880978614
-158.829127536	-81.1876847919
-158.826430906	-81.1887515146
-158.819468535	-81.1883382649
-158.81250682	-81.1879248858
-158.805545761	-81.1875113774
-158.758385027	-81.1871600874
-158.751427126	-81.1867455721
-158.744469883	-81.1863309275
-158.737513297	-81.1859161538
-158.730557368	-81.1855012508
-158.723602097	-81.1850862186
-158.716647483	-81.1846710573
-158.709693527	-81.1842557668
-158.702740228	-81.1838403471
-158.695787588	-81.1834247984
-158.688835605	-81.1830091206
-158.68188428	-81.1825933136
-158.679171339	-81.1836589639
-158.672219958	-81.1832429769
-158.665269235	-81.1828268609
-158.655603428	-81.1834760947
-158.648653308	-81.1830596695
-158.641703847	-81.1826431153
-158.632036501	-81.1832917394
-158.625087645	-81.1828748761
-158.618139449	-81.1824578838
-158.615418818	-81.1835230706
-158.608470568	-81.1831058982
-158.601522979	-81.1826885969
-158.58762978	-81.1818536076
-158.580684172	-81.1814359196
-158.573739223	-81.1810181027
-158.566794936	-81.1806001571
-158.559851309	-81.1801820825
-158.552908343	-81.1797638792
-158.545966038	-81.1793455471
-158.539024395	-81.1789270862
-158.532083412	-81.1785084966
-158.525143091	-81.1780897782
-158.518203431	-81.1776709311
-158.511264432	-81.1772519553
-158.504326095	-81.1768328509
-158.494655031	-81.1774779148
-158.487717309	-81.1770585017
-158.480780248	-81.1766389599
-158.466908113	-81.1757994907
-158.453038629	-81.1749595071
-158.436432074	-81.1751828766
-158.429498944	-81.1747623835
-158.422566477	-81.1743417619
-158.415634673	-81.1739210119
-158.408703533	-81.1735001334
-158.392098615	-81.1737215307
-158.385168759	-81.1733002154
-158.378239567	-81.1728787717
-158.37131104	-81.1724571997
-158.361635059	-81.1730988139
-158.347779915	-81.172254925
-158.345029721	-81.1733181176
-158.338102441	-81.1728959291
-158.331175826	-81.1724736122
-158.324249877	-81.172051167
-158.321496902	-81.173114186
-158.314570913	-81.1726915609
-158.30764559	-81.1722688076
-158.300720933	-81.171845926
-158.293796942	-81.1714229162
-158.286873617	-81.1709997782
-158.279950958	-81.1705765121
-158.273028966	-81.1701531177
-158.26610764	-81.1697295953
-158.259186981	-81.1693059447
-158.249506308	-81.1699446489
-158.242586279	-81.1695206903
-158.235666917	-81.1690966037
-158.228748223	-81.168672389
-158.221830196	-81.1682480462
-158.214912836	-81.1678235755
-158.207996144	-81.1673989767
-158.201080119	-81.16697425
-158.194164762	-81.1665493953
-158.187250073	-81.1661244126
-158.180336052	-81.165699302
-158.173422698	-81.1652740635
-158.163740248	-81.1659105388
-158.156827531	-81.1654849927
-158.149915483	-81.1650593186
-158.143004103	-81.1646335167
-158.136093392	-81.164207587
-158.13332016	-81.1652692018
-158.126409419	-81.1648430923
-158.119499347	-81.1644168551
-158.112589944	-81.16399049
-158.105681211	-81.1635639972
-158.089087659	-81.1637719119
-158.075273484	-81.1629179281
-158.072493324	-81.1639790882
-158.065586544	-81.1635518527
-158.058680435	-81.1631244896
-158.05589821	-81.1641855263
-158.048992074	-81.1637579833
-158.039302319	-81.1643912259
-158.032396828	-81.1639633755
-158.018587861	-81.163107292
-158.011684384	-81.1626790589
-158.008896636	-81.163739744
-158.001993135	-81.1633113311
-157.995090307	-81.1628827907
-157.98818815	-81.1624541227
-157.981286666	-81.1620253272
-157.974385854	-81.1615964042
-157.967485714	-81.1611673538
-157.960586247	-81.1607381759
-157.957792958	-81.1617984759
-157.950893469	-81.1613691182
-157.943994653	-81.1609396332
-157.941199303	-81.1619998091
-157.927402302	-81.1611403521
-157.917706706	-81.161770432
-157.908009722	-81.1624002601
-157.898311352	-81.1630298366
-157.891413802	-81.1625993778
-157.884516928	-81.1621687917
-157.881714026	-81.1632285228
-157.874817133	-81.1627977569
-157.867920916	-81.1623668637
-157.858219718	-81.1629953973
-157.851324158	-81.1625641971
-157.844429273	-81.1621328696
-157.834726657	-81.1627607918
-157.827832433	-81.1623291573
-157.820938884	-81.1618973956
-157.814046011	-81.1614655068
-157.807153815	-81.1610334907
-157.800262295	-81.1606013475
-157.793371452	-81.1601690771
-157.786481285	-81.1597366796
-157.783667363	-81.1607956688
-157.776777183	-81.1603630916
-157.76988768	-81.1599303873
-157.762998853	-81.159497556
-157.756110704	-81.1590645975
-157.749223232	-81.1586315121
-157.742336438	-81.1581982996
-157.735450321	-81.1577649601
-157.732630895	-81.158823561
-157.725744766	-81.1583900419
-157.718859316	-81.1579563957
-157.711974544	-81.1575226227
-157.70509045	-81.1570887227
-157.698207034	-81.1566546957
-157.691324297	-81.1562205419
-157.684442238	-81.1557862612
-157.66785386	-81.1559754256
-157.66097315	-81.1555407116
-157.654093119	-81.1551058708
-157.647213767	-81.1546709032
-157.640335094	-81.1542358088
-157.633457101	-81.1538005877
-157.626579787	-81.1533652398
-157.623748695	-81.1544230091
-157.616871375	-81.1539874817
-157.609994735	-81.1535518275
-157.603118775	-81.1531160467
-157.596243495	-81.1526801392
-157.593408982	-81.1537376768
-157.586533697	-81.1533015898
-157.579659093	-81.152865376
-157.549328185	-81.1521764549
-157.542456302	-81.1517395553
-157.535585099	-81.1513025292
-157.528714579	-81.1508653765
-157.521844739	-81.1504280973
-157.514975581	-81.1499906916
-157.508107105	-81.1495531595
-157.501239311	-81.149115501
-157.494372198	-81.148677716
-157.484659645	-81.1492965068
-157.477793215	-81.1488584159
-157.4680793	-81.1494767743
-157.461213554	-81.1490383776
-157.458364022	-81.1500948798
-157.451498278	-81.1496563036
-157.444633217	-81.149217601
-157.437768839	-81.1487787722
-157.430905144	-81.148339817
-157.428052207	-81.1493960861
-157.421188516	-81.1489569514
-157.414325509	-81.1485176905
-157.407463185	-81.1480783033
-157.400601545	-81.1476387899
-157.39374059	-81.1471991503
-157.386880318	-81.1467593845
-157.38402262	-81.1478153138
-157.377162354	-81.1473753685
-157.370302773	-81.1469352971
-157.363443876	-81.1464950995
-157.356585664	-81.1460547758
-157.346866362	-81.1466699682
-157.340008841	-81.146229339
-157.333152007	-81.1457885837
-157.326295857	-81.1453477023
-157.319440393	-81.1449066949
-157.312585614	-81.1444655615
-157.305731521	-81.144024302
-157.296010915	-81.1446381646
-157.289157517	-81.1441965998
-157.282304806	-81.1437549091
-157.279435568	-81.1448100296
-157.272582867	-81.1443681594
-157.262859576	-81.1449811563
-157.256007573	-81.1445389808
-157.249156257	-81.1440966794
-157.246282943	-81.1451515446
-157.239431639	-81.1447090639
-157.232581022	-81.1442664573
-157.225731092	-81.1438237248
-157.222855067	-81.1448784086
-157.21600515	-81.1444354968
-157.209155922	-81.1439924591
-157.202307381	-81.1435492956
-157.199428645	-81.144603798
-157.192580119	-81.1441604551
-157.185732281	-81.1437169865
-157.178885131	-81.1432733921
-157.17203867	-81.142829672
-157.165192898	-81.1423858261
-157.162310106	-81.1434400395
-157.15546435	-81.1429960143
-157.148619283	-81.1425518634
-157.141774905	-81.1421075869
-157.134931216	-81.1416631847
-157.128088217	-81.1412186569
-157.121245907	-81.1407740034
-157.114404287	-81.1403292244
-157.107563356	-81.1398843198
-157.100723115	-81.1394392896
-157.093883564	-81.1389941339
-157.087044703	-81.1385488527
-157.084153833	-81.1396024543
-157.077314991	-81.1391569938
-157.07047684	-81.1387114079
-157.063639379	-81.1382656964
-157.056802609	-81.1378198595
-157.049966529	-81.1373738972
-157.04313114	-81.1369278095
-157.040235561	-81.1379810672
-157.033400194	-81.1375348003
-157.026565518	-81.1370884079
-157.016833256	-81.1376949653
-157.009999294	-81.1372482683
-157.000265719	-81.1378543921
-156.993432472	-81.1374073907
-156.986599917	-81.1369602639
-156.983697584	-81.1380130809
-156.976865054	-81.1375657749
-156.973961361	-81.1386185167
-156.971056976	-81.1396712373
-156.968151897	-81.1407239367
-156.965246126	-81.1417766147
-156.962339661	-81.1428292716
-156.969175531	-81.1432768475
-156.966269041	-81.1443295371
-156.963361857	-81.1453822054
-156.970199758	-81.145829764
-156.967292549	-81.1468824651
-156.974131812	-81.1473299523
-156.980971769	-81.1477773142
-156.984906524	-81.1492773924
-156.991748539	-81.1497245574
-156.995685997	-81.1512245255
-157.00253007	-81.1516714935
-156.999624796	-81.1527244549
-157.006470233	-81.1531713514
-157.003564935	-81.1542243456
-157.010411737	-81.1546711705
-157.017259233	-81.1551178698
-157.024107424	-81.1555644435
-157.021203445	-81.1566175785
-157.028053002	-81.1570640805
-157.034903252	-81.1575104569
-157.041754197	-81.1579567077
-157.048605836	-81.1584028327
-157.055458169	-81.1588488321
-157.062311196	-81.1592947057
-157.069164917	-81.1597404536
-157.072064189	-81.1586869409
-157.078917931	-81.1591325091
-157.085772365	-81.1595779515
-157.088669598	-81.15852431
-157.095524052	-81.1589695727
-157.1023792	-81.1594147096
-157.10923504	-81.1598597207
-157.118985417	-81.159250728
-157.125841968	-81.1596954335
-157.132699212	-81.1601400132
-157.139557148	-81.160584467
-157.146415776	-81.1610287948
-157.153275096	-81.1614729967
-157.160135109	-81.1619170727
-157.166995813	-81.1623610227
-157.173857209	-81.1628048468
-157.180719297	-81.1632485448
-157.187582077	-81.1636921167
-157.194445548	-81.1641355627
-157.201309711	-81.1645788825
-157.211058931	-81.1639674784
-157.217923799	-81.1644104924
-157.224789358	-81.1648533802
-157.227671678	-81.1637986541
-157.23453725	-81.1642413621
-157.241403513	-81.1646839441
-157.248270466	-81.1651263998
-157.258017026	-81.1645137679
-157.264884681	-81.1649559177
-157.271753026	-81.1653979412
-157.288367297	-81.165226413
-157.302107456	-81.1661094692
-157.318722475	-81.1659365888
-157.325594286	-81.1663776213
-157.332466786	-81.1668185275
-157.339339974	-81.1672593073
-157.346213851	-81.1676999607
-157.353088417	-81.1681404877
-157.359963671	-81.1685808883
-157.362831	-81.1675251154
-157.369706261	-81.1679653361
-157.376582209	-81.1684054303
-157.383458845	-81.1688453981
-157.390336169	-81.1692852394
-157.397214181	-81.1697249542
-157.40409288	-81.1701645425
-157.410972267	-81.1706040042
-157.41785234	-81.1710433393
-157.424733102	-81.1714825479
-157.427593601	-81.170426274
-157.434474366	-81.1708653026
-157.441355817	-81.1713042046
-157.448237956	-81.17174298
-157.455120781	-81.1721816287
-157.462004292	-81.1726201507
-157.464860685	-81.1715635899
-157.471744198	-81.172001932
-157.478628397	-81.1724401473
-157.485513283	-81.172878236
-157.492398854	-81.1733161979
-157.499285111	-81.1737540331
-157.506172054	-81.1741917415
-157.510208088	-81.1756862566
-157.517097088	-81.1761237646
-157.523986774	-81.1765611457
-157.530877146	-81.1769984
-157.537768203	-81.1774355274
-157.544659945	-81.1778725279
-157.551552373	-81.1783094014
-157.558445486	-81.178746148
-157.565339284	-81.1791827677
-157.572233767	-81.1796192604
-157.579128935	-81.1800556261
-157.586024788	-81.1804918647
-157.592921326	-81.1809279763
-157.599818548	-81.1813639609
-157.596975209	-81.182421565
-157.603873805	-81.1828574756
-157.610773086	-81.183293259
-157.617673051	-81.1837289154
-157.624573701	-81.1841644446
-157.631475035	-81.1845998466
-157.638377053	-81.1850351214
-157.645279756	-81.1854702691
-157.652183142	-81.1859052895
-157.659087213	-81.1863401827
-157.665991967	-81.1867749486
-157.672897405	-81.1872095873
-157.679803527	-81.1876440986
-157.686710332	-81.1880784827
-157.693617821	-81.1885127394
-157.700525993	-81.1889468687
-157.707434849	-81.1893808707
-157.714344387	-81.1898147453
-157.721254609	-81.1902484925
-157.718423033	-81.1913070304
-157.725334631	-81.191740703
-157.732246913	-81.1921742482
-157.741989371	-81.1915489693
-157.748902324	-81.1919822067
-157.755815959	-81.1924153165
-157.762730277	-81.1928482988
-157.769645277	-81.1932811535
-157.77656096	-81.1937138807
-157.773734941	-81.1947728415
-157.780652001	-81.195205494
-157.787569744	-81.1956380188
-157.794488169	-81.1960704159
-157.801407275	-81.1965026855
-157.808327064	-81.1969348273
-157.815247535	-81.1973668415
-157.812425011	-81.1984260992
-157.819346861	-81.1988580384
-157.826269393	-81.1992898499
-157.833192606	-81.1997215336
-157.840116501	-81.2001530896
-157.847041078	-81.2005845177
-157.853966336	-81.2010158181
-157.860892276	-81.2014469906
-157.858073956	-81.2025065977
-157.865001276	-81.202937695
-157.871929277	-81.2033686645
-157.87885796	-81.2037995061
-157.885787323	-81.2042302197
-157.882971119	-81.2052900178
-157.889901864	-81.2057206562
-157.89683329	-81.2061511666
-157.903765397	-81.206581549
-157.910698186	-81.2070118035
-157.914818272	-81.2085019716
-157.921753123	-81.2089320225
-157.928688656	-81.2093619454
-157.935624869	-81.2097917402
-157.942561763	-81.2102214069
-157.939750505	-81.2112816395
-157.946688782	-81.2117112307
-157.95362774	-81.2121406936
-157.960567378	-81.2125700284
-157.967507697	-81.212999235
-157.974448697	-81.2134283134
-157.981390377	-81.2138572636
-157.988332737	-81.2142860854
-157.995275777	-81.214714779
-158.002219498	-81.2151433443
-158.009163898	-81.2155717813
-158.016108979	-81.21600009
-158.023054739	-81.2164282703
-158.030001178	-81.2168563222
-158.036948298	-81.2172842457
-158.043896097	-81.2177120409
-158.099502935	-81.2211297767
-158.106456844	-81.2215564152
-158.113411432	-81.2219829252
-158.120366698	-81.2224093065
-158.127322642	-81.2228355592
-158.134279264	-81.2232616832
-158.141236564	-81.2236876786
-158.148194542	-81.2241135452
-158.155153198	-81.2245392832
-158.162112531	-81.2249648924
-158.169072542	-81.2253903728
-158.176033231	-81.2258157245
-158.182994597	-81.2262409473
-158.18995664	-81.2266660414
-158.19691936	-81.2270910066
-158.203882757	-81.227515843
-158.201097671	-81.2285780478
-158.208062456	-81.2290028075
-158.215027918	-81.2294274383
-158.22477701	-81.2287895788
-158.231743114	-81.2292138996
-158.238709895	-81.2296380915
-158.245677352	-81.2300621543
-158.252645486	-81.2304860882
-158.259614295	-81.2309098931
-158.26239301	-81.2298472519
-158.269361782	-81.2302708756
-158.276331231	-81.2306943703
-158.283301355	-81.231117736
-158.290272154	-81.2315409726
-158.297243629	-81.2319640801
-158.306989537	-81.2313240858
-158.313961648	-81.2317468831
-158.320934434	-81.2321695512
-158.327907895	-81.2325920902
-158.33488203	-81.2330145
-158.34185684	-81.2334367806
-158.348832324	-81.233858932
-158.355808483	-81.2342809541
-158.362785315	-81.2347028471
-158.369762822	-81.2351246107
-158.376741003	-81.2355462451
-158.383719857	-81.2359677502
-158.390699385	-81.2363891259
-158.393463883	-81.2353255106
-158.400443368	-81.2357467051
-158.407423527	-81.2361677703
-158.414404358	-81.2365887061
-158.417166031	-81.2355249163
-158.424146818	-81.2359456709
-158.431128278	-81.236366296
-158.433887844	-81.2353023838
-158.440869258	-81.2357228277
-158.447851345	-81.2361431423
-158.454834104	-81.2365633273
-158.457590843	-81.2354992409
-158.464573555	-81.2359192448
-158.471556939	-81.2363391191
-158.478540995	-81.236758864
-158.485525722	-81.2371784794
-158.492511121	-81.2375979653
-158.499497191	-81.2380173216
-158.506483932	-81.2384365483
-158.509234966	-81.2373720811
-158.516221658	-81.2377911266
-158.530197054	-81.2386288288
-158.537185758	-81.2390474855
-158.544175132	-81.2394660125
-158.546921893	-81.2384012684
-158.553911217	-81.2388196141
-158.56090121	-81.2392378302
-158.567891873	-81.2396559166
-158.574883206	-81.2400738732
-158.581875208	-81.2404917002
-158.58886788	-81.2409093974
-158.595861221	-81.2413269648
-158.602855232	-81.2417444024
-158.609849911	-81.2421617102
-158.61684526	-81.2425788882
-158.623841278	-81.2429959364
-158.630837964	-81.2434128547
-158.633575389	-81.2423474735
-158.64057202	-81.2427642105
-158.647569319	-81.2431808175
-158.654567287	-81.2435972947
-158.661565923	-81.2440136419
-158.664299783	-81.2429480365
-158.671298363	-81.2433642024
-158.67829761	-81.2437802383
-158.699299355	-81.2450275661
