> -L"antarctic_islands_coastlines"
-73.549571041	-73.1220793524
-73.547374186	-73.1242403999
-73.546275544	-73.1253209188
-73.54517676	-73.1264014345
-73.544077833	-73.127481947
-73.542978763	-73.1285624563
-73.539257949	-73.1282432418
-73.538158516	-73.1293237263
-73.534437624	-73.1290044203
-73.533337828	-73.1300848799
-73.53705894	-73.1304042075
-73.535959221	-73.1314846856
-73.53485936	-73.1325651604
-73.538581056	-73.1328844612
-73.537481272	-73.1339649544
-73.536381346	-73.1350454444
-73.535281276	-73.1361259311
-73.539003777	-73.1364452268
-73.542726422	-73.1367644526
-73.541626651	-73.1378449793
-73.545349659	-73.1381641567
-73.544249966	-73.1392447018
-73.547973337	-73.1395638308
-73.546873722	-73.1406443943
-73.550597457	-73.140963475
-73.54949792	-73.1420440568
-73.55322202	-73.1423630891
-73.556946262	-73.1426820514
-73.555847024	-73.1437626732
-73.55957163	-73.1440815871
-73.55847247	-73.1451622273
-73.557373167	-73.1462428642
-73.561098358	-73.1465617513
-73.559999133	-73.1476424067
-73.558899765	-73.1487230588
-73.562625542	-73.149041919
-73.561526252	-73.1501225895
-73.56042682	-73.1512032568
-73.564153182	-73.1515220902
-73.563053827	-73.1526027759
-73.56195433	-73.1536834583
-73.56085469	-73.1547641376
-73.559754906	-73.1558448136
-73.563482297	-73.1561636633
-73.562382591	-73.1572443577
-73.561282743	-73.1583250489
-73.560182752	-73.1594057368
-73.563910949	-73.1597245813
-73.562811036	-73.1608052877
-73.56171098	-73.1618859908
-73.565439764	-73.1622048084
-73.564339786	-73.1632855299
-73.568068934	-73.163604299
-73.566969035	-73.1646850389
-73.570698548	-73.1650037596
-73.569598727	-73.1660845179
-73.568498763	-73.1671652729
-73.572228863	-73.1674839667
-73.575959107	-73.1678025903
-73.574859443	-73.1688833854
-73.578590051	-73.1692019605
-73.577490465	-73.1702827739
-73.581221439	-73.1706013005
-73.584952555	-73.170919757
-73.58385327	-73.1720006104
-73.582753842	-73.1730814606
-73.581654271	-73.1741623076
-73.585386196	-73.1744807587
-73.584286704	-73.175561624
-73.588018995	-73.1758800266
-73.586919581	-73.1769609103
-73.590652237	-73.1772792643
-73.589552902	-73.1783601665
-73.588453424	-73.1794410654
-73.587353803	-73.1805219611
-73.586254038	-73.1816028536
-73.58515413	-73.1826837429
-73.58888804	-73.1830021347
-73.587788211	-73.1840830424
-73.591522486	-73.1844013856
-73.591957891	-73.187962492
-73.595693121	-73.1882807596
-73.594593385	-73.1893617192
-73.59832898	-73.1896799382
-73.597229323	-73.1907609162
-73.596129523	-73.191841891
-73.599865707	-73.192160083
-73.598765986	-73.1932410762
-73.602502536	-73.1935592195
-73.601402894	-73.1946402311
-73.604040247	-73.1960393557
-73.602940541	-73.1971203825
-73.606678045	-73.1974384501
-73.605578418	-73.1985194953
-73.609316289	-73.1988375142
-73.608216741	-73.1999185778
-73.611954978	-73.200236548
-73.615693358	-73.200554448
-73.614594113	-73.2016355515
-73.618332859	-73.2019534028
-73.622071749	-73.2022711838
-73.620972806	-73.2033523273
-73.624712063	-73.2036700595
-73.623613199	-73.2047512215
-73.627352822	-73.205068905
-73.626254038	-73.2061500853
-73.629994027	-73.2064677201
-73.628895323	-73.2075489188
-73.632635679	-73.2078665048
-73.636376178	-73.2081840205
-73.635277776	-73.2092652592
-73.639018642	-73.2095827261
-73.63792032	-73.2106639832
-73.641661553	-73.2109814013
-73.645402929	-73.2112987492
-73.646500804	-73.210217449
-73.6502421	-73.2105347048
-73.653983539	-73.2108518904
-73.657725122	-73.2111690055
-73.661466848	-73.2114860503
-73.662563686	-73.2104046607
-73.666305332	-73.2107216135
-73.670047121	-73.211038496
-73.673789054	-73.2113553081
-73.674885079	-73.2102738507
-73.678626931	-73.2105905709
-73.682368926	-73.2109072207
-73.686111064	-73.2112238002
-73.689853346	-73.2115403092
-73.69359577	-73.2118567479
-73.692500862	-73.2129383129
-73.696243653	-73.2132547027
-73.695148825	-73.2143362861
-73.698891983	-73.214652627
-73.697797236	-73.2157342287
-73.70154076	-73.2160505207
-73.700446094	-73.2171321409
-73.704189985	-73.2174483839
-73.7030954	-73.2185300224
-73.702000671	-73.2196116578
-73.705745153	-73.2199278734
-73.704650505	-73.2210095272
-73.703555714	-73.2220911778
-73.706206076	-73.2234890349
-73.705111222	-73.2245707008
-73.704016226	-73.2256523634
-73.707762113	-73.2259685457
-73.706667197	-73.2270502268
-73.705572138	-73.2281319046
-73.709318617	-73.2284480595
-73.708223639	-73.2295297558
-73.707128517	-73.2306114489
-73.706033253	-73.2316931388
-73.704937845	-73.2327748256
-73.70119047	-73.2324585847
-73.700094695	-73.2335402468
-73.698998776	-73.2346219058
-73.697902714	-73.2357035616
-73.701650761	-73.2360198672
-73.70055478	-73.2371015414
-73.699458656	-73.2381832124
-73.698362388	-73.2392648803
-73.697265976	-73.240346545
-73.696169421	-73.2414282066
-73.695072723	-73.242509865
-73.69397588	-73.2435915202
-73.690226263	-73.2432750638
-73.689129053	-73.2443566943
-73.685379355	-73.2440401458
-73.684281777	-73.2451217516
-73.680531997	-73.244805111
-73.676782362	-73.2444883999
-73.675684192	-73.2455699593
-73.671934476	-73.2452531561
-73.670835937	-73.2463346908
-73.669737255	-73.2474162223
-73.665987234	-73.2470993054
-73.664888183	-73.2481808121
-73.663788989	-73.2492623156
-73.667539459	-73.2495792758
-73.666440345	-73.2506607977
-73.665341087	-73.2517423165
-73.669092149	-73.2520592492
-73.667992972	-73.2531407864
-73.66689365	-73.2542223203
-73.670645306	-73.2545392257
-73.669546065	-73.2556207781
-73.673298089	-73.2559376345
-73.677050257	-73.2562544203
-73.680802569	-73.2565711356
-73.679703858	-73.2576527496
-73.683456539	-73.2579694158
-73.682357909	-73.2590510482
-73.681259135	-73.2601326773
-73.680160217	-73.2612143033
-73.679061155	-73.2622959262
-73.67796195	-73.2633775458
-73.6768626	-73.2644591622
-73.680616773	-73.2647758874
-73.679517504	-73.2658575223
-73.678418091	-73.2669391539
-73.677318534	-73.2680207824
-73.681073526	-73.2683375017
-73.67997405	-73.2694191486
-73.678874429	-73.2705007923
-73.681530476	-73.2718991463
-73.684186973	-73.2732974697
-73.683087371	-73.274379147
-73.686843921	-73.2746957624
-73.685744399	-73.2757774582
-73.689501318	-73.2760940245
-73.688401878	-73.2771757386
-73.692159167	-73.2774922559
-73.691059807	-73.2785739885
-73.694817466	-73.2788904566
-73.693718187	-73.2799722076
-73.697476215	-73.2802886266
-73.696377018	-73.281370396
-73.700135416	-73.281686766
-73.703893958	-73.2820030652
-73.702795067	-73.2830848746
-73.706553979	-73.2834011247
-73.710313035	-73.283717304
-73.709214451	-73.2847991534
-73.708115723	-73.2858809997
-73.711875374	-73.2861971515
-73.710776728	-73.2872790161
-73.714536749	-73.2875951187
-73.717198575	-73.2889930553
-73.72095911	-73.289309038
-73.719860853	-73.290390961
-73.723621758	-73.2907068945
-73.727382807	-73.2910227573
-73.726284857	-73.2921047203
-73.730046276	-73.2924205339
-73.73380784	-73.2927362766
-73.732710197	-73.2938182796
-73.736472131	-73.2941339732
-73.73537457	-73.2952159946
-73.739136874	-73.2955316389
-73.742899321	-73.2958472124
-73.741802069	-73.2969292738
-73.745564887	-73.297244798
-73.744467716	-73.2983268778
-73.748230904	-73.2986423528
-73.747133816	-73.299724451
-73.746036583	-73.300806546
-73.749800368	-73.3011219933
-73.748703218	-73.3022041068
-73.747605923	-73.303286217
-73.751370304	-73.3036016366
-73.750273092	-73.3046837653
-73.752940713	-73.3060812827
-73.751843439	-73.3071634266
-73.758277315	-73.3088762247
-73.757180205	-73.3099584055
-73.75608295	-73.3110405831
-73.759849267	-73.3113558485
-73.758752095	-73.3124380446
-73.757654779	-73.3135202374
-73.756557318	-73.3146024271
-73.760324459	-73.3149176864
-73.759227081	-73.3159998945
-73.758129559	-73.3170820995
-73.761897297	-73.3173973309
-73.760799857	-73.3184795543
-73.759702273	-73.3195617745
-73.76347061	-73.3198769782
-73.762373108	-73.3209592169
-73.761275461	-73.3220414523
-73.76017767	-73.3231236846
-73.763946832	-73.3234388821
-73.762849124	-73.3245211328
-73.766618657	-73.3248362809
-73.765521031	-73.3259185501
-73.769290935	-73.3262336488
-73.773060984	-73.3265486765
-73.771963668	-73.3276309856
-73.775734088	-73.3279459639
-73.779504653	-73.3282608712
-73.783275362	-73.3285757076
-73.787046216	-73.3288904729
-73.790817213	-73.3292051673
-73.794588355	-73.3295197907
-73.798359642	-73.329834343
-73.809674366	-73.330777574
-73.81344623	-73.3310918423
-73.812351269	-73.3321743853
-73.816123504	-73.3324886041
-73.815028626	-73.3335711655
-73.818801233	-73.3338853348
-73.817706439	-73.3349679146
-73.821479417	-73.3352820344
-73.824158056	-73.3366787028
-73.82683715	-73.3380753401
-73.830611016	-73.3383892897
-73.8295167	-73.3394719462
-73.833290937	-73.3397858463
-73.837065319	-73.3400996753
-73.840839845	-73.3404134332
-73.844614515	-73.34072712
-73.848389329	-73.3410407358
-73.849482507	-73.3399579717
-73.853257237	-73.3402714949
-73.854350043	-73.3391887063
-73.85812469	-73.3395021368
-73.86189948	-73.3398154963
-73.865674415	-73.3401287847
-73.864582293	-73.3412116377
-73.868357599	-73.3415248765
-73.867265561	-73.3426077479
-73.866173379	-73.3436906163
-73.865081053	-73.3447734815
-73.861305063	-73.3444601784
-73.860212365	-73.3455430191
-73.859119523	-73.3466258566
-73.862895969	-73.3469392028
-73.861803211	-73.3480220588
-73.86558003	-73.3483353552
-73.864487356	-73.3494182296
-73.868264547	-73.3497314764
-73.867171957	-73.3508143692
-73.866079223	-73.3518972589
-73.862301576	-73.3515839691
-73.86120847	-73.3526668341
-73.863893323	-73.3540630289
-73.862800157	-73.3551459093
-73.866578633	-73.3554591924
-73.865485551	-73.3565420912
-73.864392325	-73.3576249868
-73.868171402	-73.3579382418
-73.871950623	-73.3582514255
-73.870857709	-73.3593343611
-73.874637303	-73.3596474951
-73.873544474	-73.360730449
-73.87732444	-73.3610435334
-73.881104551	-73.3613565465
-73.880012034	-73.3624395403
-73.883792518	-73.3627525037
-73.882700086	-73.3638355159
-73.88160751	-73.364918525
-73.885388595	-73.3652314601
-73.884296103	-73.3663144877
-73.883203467	-73.3673975121
-73.879421925	-73.367084534
-73.878328916	-73.3681675339
-73.877235763	-73.3692505306
-73.876142465	-73.3703335243
-73.875049023	-73.3714165149
-73.878831481	-73.3717295789
-73.882614083	-73.3720425717
-73.881520954	-73.3731256022
-73.885303929	-73.3734385452
-73.889087049	-73.373751417
-73.892870313	-73.3740642175
-73.89665372	-73.3743769467
-73.897745933	-73.3732938303
-73.901529256	-73.3736064667
-73.905312724	-73.3739190319
-73.909096335	-73.3742315258
-73.910187717	-73.3731483419
-73.913971243	-73.373460743
-73.917754914	-73.3737730729
-73.918845693	-73.372689843
-73.922629279	-73.3730020801
-73.926413009	-73.3733142459
-73.930196883	-73.3736263404
-73.9339809	-73.3739383636
-73.937765062	-73.3742503155
-73.941549368	-73.374562196
-73.942638628	-73.3734788345
-73.946422848	-73.3737906223
-73.947511735	-73.3727072362
-73.95129587	-73.3730189313
-73.955080149	-73.3733305551
-73.958864571	-73.3736421076
-73.962649137	-73.3739535887
-73.966433847	-73.3742649985
-73.970218701	-73.374576337
-73.974003698	-73.3748876041
-73.975090836	-73.3738040652
-73.978875748	-73.3741152396
-73.982660803	-73.3744263427
-73.983747338	-73.373342758
-73.987532308	-73.3736537684
-73.98861847	-73.3725701593
-73.992403353	-73.3728810769
-73.99618838	-73.3731919232
-73.99997355	-73.3735026981
-73.998888076	-73.3745863713
-74.002673619	-73.3748970962
-73.998888076	-73.3745863713
-74.002673619	-73.3748970962
-74.001588231	-73.3759807877
-74.005374147	-73.3762914626
-74.004288845	-73.3773751724
-74.0032034	-73.3784588793
-74.002117811	-73.3795425831
-74.00590456	-73.3798532507
-74.004819057	-73.3809369729
-74.003733411	-73.3820206921
-74.007520762	-73.382331331
-74.006435202	-73.3834150685
-74.005349499	-73.384498803
-74.004263652	-73.3855825346
-74.003177661	-73.3866662631
-74.002091527	-73.3877499886
-74.001005249	-73.388833711
-73.997216519	-73.3885229439
-73.996129867	-73.389606642
-73.99234105	-73.3892957821
-73.991254025	-73.3903794558
-73.990166856	-73.3914631264
-73.989079543	-73.3925467941
-73.98529018	-73.3922357985
-73.984202494	-73.3933194418
-73.983114663	-73.3944030819
-73.979324984	-73.3940919722
-73.97823678	-73.3951755879
-73.977148432	-73.3962592007
-73.976059939	-73.3973428103
-73.974971303	-73.398426417
-73.978761902	-73.3987376124
-73.977673352	-73.3998212374
-73.976584657	-73.4009048594
-73.980375861	-73.4012160261
-73.979287253	-73.4022996665
-73.978198501	-73.4033833038
-73.981990309	-73.4036944419
-73.985782261	-73.4040055086
-73.989574357	-73.4043165037
-73.993366597	-73.4046274274
-73.994454428	-73.4035437044
-73.998246582	-73.4038545352
-74.00203888	-73.4041652945
-74.005831322	-73.4044759822
-74.009623908	-73.4047865985
-74.010710674	-73.403702787
-74.014503173	-73.4040133103
-74.018295816	-73.4043237622
-74.022088602	-73.4046341426
-74.025881533	-73.4049444515
-74.026967233	-73.4038605514
-74.030760077	-73.4041707674
-74.034553065	-73.4044809119
-74.03563816	-73.4033969661
-74.036723112	-73.4023130174
-74.040515782	-73.4026230476
-74.041600359	-73.4015390745
-74.045392942	-73.4018490119
-74.046477146	-73.4007650145
-74.050269642	-73.401074859
-74.051353471	-73.3999908373
-74.052437157	-73.3989068126
-74.056229336	-73.3992165429
-74.057312648	-73.3981324939
-74.058395817	-73.3970484419
-74.062187678	-73.3973580581
-74.063270473	-73.3962739818
-74.064353124	-73.3951899026
-74.068144668	-73.3954994047
-74.069226946	-73.3944153012
-74.07030908	-73.3933311947
-74.071391071	-73.3922470852
-74.07247292	-73.3911629728
-74.073554625	-73.3900788574
-74.069764233	-73.3897694618
-74.070846026	-73.3886853647
-74.068137887	-73.3872918402
-74.069219623	-73.3862077585
-74.070301217	-73.3851236739
-74.066512032	-73.3848142205
-74.067593713	-73.3837301541
-74.06867525	-73.3826460848
-74.064886669	-73.3823366026
-74.065968294	-73.3812525516
-74.067049775	-73.3801684977
-74.063261797	-73.3798589865
-74.070837896	-73.3804779374
-74.071919004	-73.3793938592
-74.072999969	-73.3783097781
-74.074080792	-73.377225694
-74.077868365	-73.3775349985
-74.078948815	-73.3764508902
-74.080029122	-73.3753667789
-74.081109286	-73.3742826647
-74.082189307	-73.3731985476
-74.083269186	-73.3721144275
-74.084348921	-73.3710303044
-74.085428514	-73.3699461785
-74.086507965	-73.3688620495
-74.087587272	-73.3677779177
-74.088666437	-73.3666937829
-74.084881162	-73.366384691
-74.085960415	-73.3653005745
-74.087039525	-73.364216455
-74.088118492	-73.3631323327
-74.084334048	-73.3628232331
-74.085413103	-73.3617391291
-74.086492014	-73.360655022
-74.087570783	-73.3595709121
-74.083787172	-73.3592618049
-74.084866028	-73.3581777132
-74.081082788	-73.3578685559
-74.082161731	-73.3567844826
-74.078378863	-73.3564752751
-74.079457893	-73.3553912201
-74.075675397	-73.3550819626
-74.076754514	-73.3539979258
-74.07297239	-73.3536886182
-74.069190408	-73.3533792393
-74.070269841	-73.3522952421
-74.066488231	-73.3519858131
-74.062706764	-73.3516763127
-74.058925439	-73.3513667411
-74.055144256	-73.3510570982
-74.056224464	-73.3499731831
-74.052443653	-73.3496634901
-74.056224464	-73.3499731831
-74.057304529	-73.348889265
-74.058384452	-73.3478053439
-74.062164947	-73.3481149231
-74.063244498	-73.3470309778
-74.067024906	-73.3473404645
-74.070805457	-73.3476498798
-74.07458615	-73.3479592238
-74.075664871	-73.3468752119
-74.079445478	-73.3471844635
-74.080523827	-73.3461004274
-74.084304347	-73.3464095864
-74.085382325	-73.3453255262
-74.086460161	-73.344241463
-74.090240365	-73.3445505083
-74.091317829	-73.343466421
-74.092395152	-73.3423823308
-74.093472332	-73.3412982376
-74.097251991	-73.341607148
-74.0983288	-73.3405230308
-74.099405467	-73.3394389106
-74.100481992	-73.3383547875
-74.096703021	-73.3380459407
-74.097779633	-73.3369618359
-74.098856103	-73.3358777282
-74.099932431	-73.3347936176
-74.101008618	-73.333709504
-74.106938162	-73.3318499879
-74.110715901	-73.3321586363
-74.111791204	-73.3310744717
-74.115568856	-73.3313830277
-74.116643789	-73.330298839
-74.117718579	-73.3292146474
-74.121495915	-73.3295230898
-74.122570335	-73.3284388742
-74.123644613	-73.3273546557
-74.127421633	-73.3276629845
-74.128495541	-73.326578742
-74.129569307	-73.3254944965
-74.133346011	-73.3258027119
-74.134419407	-73.3247184424
-74.135492661	-73.3236341701
-74.139269049	-73.3239422719
-74.140341933	-73.3228579755
-74.144118234	-73.323165985
-74.145190748	-73.3220816647
-74.14626312	-73.3209973415
-74.150039105	-73.3213052375
-74.151111107	-73.3202208903
-74.152182968	-73.3191365402
-74.153254688	-73.3180521873
-74.154326266	-73.3169678314
-74.155397704	-73.3158834728
-74.156469	-73.3147991112
-74.157540155	-73.3137147469
-74.158611169	-73.3126303796
-74.159682042	-73.3115460095
-74.160752774	-73.3104616365
-74.161823365	-73.3093772607
-74.162893814	-73.308292882
-74.159120574	-73.3079852392
-74.160191111	-73.3069008787
-74.161261507	-73.3058165154
-74.162331763	-73.3047321493
-74.158559348	-73.3044244985
-74.159629691	-73.3033401506
-74.160699893	-73.3022557998
-74.156928076	-73.30194812
-74.157998366	-73.3008637874
-74.154226918	-73.3005560576
-74.155297294	-73.2994717432
-74.15636753	-73.2983874261
-74.15259668	-73.2980796672
-74.153667003	-73.2969953683
-74.154737185	-73.2959110665
-74.150966932	-73.2956032786
-74.152037201	-73.2945189951
-74.15310733	-73.2934347086
-74.149337674	-73.2931268918
-74.15040789	-73.2920426236
-74.151477965	-73.2909583526
-74.147708905	-73.2906505068
-74.148779068	-73.289566254
-74.146080626	-73.2881741236
-74.147150735	-73.2870898862
-74.143382641	-73.2867819615
-74.144452836	-73.2856977422
-74.145522891	-73.2846135201
-74.146592805	-73.2835292952
-74.147662578	-73.2824450674
-74.148732211	-73.2813608367
-74.149801703	-73.2802766032
-74.150871055	-73.2791923668
-74.147104695	-73.2788845186
-74.148174134	-73.2778003004
-74.144408143	-73.2774924022
-74.145477668	-73.2764082023
-74.141712045	-73.2761002541
-74.137946563	-73.2757922349
-74.134181221	-73.2754841446
-74.13041602	-73.2751759834
-74.126650959	-73.2748677511
-74.127721481	-73.2737836537
-74.123956789	-73.2734753715
-74.120192237	-73.2731670183
-74.116427826	-73.2728585942
-74.112663556	-73.272550099
-74.113734847	-73.2714660831
-74.109970944	-73.2711575381
-74.106207183	-73.2708489221
-74.107278787	-73.2697649454
-74.103515394	-73.2694562796
-74.099752141	-73.2691475427
-74.095989029	-73.2688387349
-74.097061174	-73.2677548187
-74.09329843	-73.2674459611
-74.089535827	-73.2671370325
-74.090608285	-73.2660531557
-74.08684605	-73.2657441773
-74.083083955	-73.2654351279
-74.079322002	-73.2651260076
-74.075560189	-73.2648168164
-74.071798517	-73.2645075543
-74.072871969	-73.2634237802
-74.069110665	-73.2631144683
-74.065349502	-73.2628050855
-74.066423267	-73.2617213508
-74.062662471	-73.2614119182
-74.058901817	-73.2611024147
-74.059975894	-73.2600187194
-74.056215607	-73.2597091662
-74.052455462	-73.2593995421
-74.053529851	-73.2583158861
-74.049770073	-73.2580062123
-74.046010436	-73.2576964676
-74.047085137	-73.256612851
-74.043325868	-73.2563030566
-74.039566739	-73.2559931914
-74.035807752	-73.2556832552
-74.032048906	-73.2553732483
-74.0282902	-73.2550631705
-74.024531636	-73.2547530218
-74.020773214	-73.2544428023
-74.017014932	-73.254132512
-74.018091303	-73.2530490619
-74.014333389	-73.2527387219
-74.015409846	-73.25165529
-74.011652299	-73.2513449004
-74.007894893	-73.25103444
-74.008971661	-73.2499510476
-74.005214623	-73.2496405376
-74.001457726	-73.2493299567
-74.002534804	-73.2482466037
-74.003611741	-73.2471632478
-74.004688538	-73.2460798889
-74.005765193	-73.2449965271
-74.006841706	-73.2439131624
-74.01167362	-73.2431402484
-74.012749626	-73.2420568566
-74.01382549	-73.2409734619
-74.01758072	-73.2412838025
-74.018656218	-73.2402003837
-74.019731574	-73.239116962
-74.023486494	-73.2394271894
-74.024561484	-73.2383437436
-74.025636332	-73.2372602949
-74.029390941	-73.2375704093
-74.030465423	-73.2364869365
-74.031539764	-73.2354034608
-74.032613965	-73.2343199822
-74.033688025	-73.2332365007
-74.034761944	-73.2321530162
-74.035835723	-73.2310695289
-74.036909361	-73.2299860387
-74.040662529	-73.2302959343
-74.0417358	-73.2292124201
-74.042808931	-73.2281289029
-74.046561789	-73.2284386855
-74.047634553	-73.2273551444
-74.051387325	-73.2276648352
-74.052459724	-73.22658127
-74.053531982	-73.2254977019
-74.057284443	-73.2258072798
-74.058356335	-73.2247236877
-74.059428086	-73.2236400927
-74.060499697	-73.2225564949
-74.061571168	-73.2214728941
-74.062642498	-73.2203892905
-74.058891165	-73.2200798182
-74.055139972	-73.2197702751
-74.05138892	-73.2194606613
-74.047638008	-73.2191509768
-74.043887236	-73.2188412217
-74.042814778	-73.2199247198
-74.039063921	-73.2196148728
-74.035313205	-73.2193049551
-74.034240156	-73.2203884081
-74.030489354	-73.2200783986
-74.026738694	-73.2197683185
-74.022988173	-73.2194581676
-74.019237794	-73.2191479461
-74.015487555	-73.2188376539
-74.011737456	-73.218527291
-74.012811858	-73.2174439649
-74.009062126	-73.2171335525
-74.005312534	-73.2168230694
-74.001563083	-73.2165125157
-73.997813772	-73.2162018914
-73.998888934	-73.2151186469
-73.995139989	-73.2148079731
-73.991391185	-73.2144972286
-73.992466657	-73.2134140236
-73.993541987	-73.2123308156
-73.989793774	-73.2120200428
-73.990869189	-73.2109368531
-73.987121342	-73.2106260309
-73.983373635	-73.210315138
-73.979626069	-73.2100041746
-73.975878644	-73.2096931406
-73.976954818	-73.2086100326
-73.973207758	-73.2082989491
-73.96946084	-73.207987795
-73.970537322	-73.2069047265
-73.966790769	-73.206593523
-73.967867336	-73.2055104727
-73.964121148	-73.2051992198
-73.960375101	-73.2048878964
-73.959298085	-73.2059709044
-73.955551955	-73.2056594892
-73.951805965	-73.2053480035
-73.950728358	-73.2064309661
-73.946982285	-73.2061193886
-73.943236352	-73.2058077405
-73.939490561	-73.2054960219
-73.93574491	-73.2051842327
-73.9319994	-73.204872373
-73.93092053	-73.2059552265
-73.927174937	-73.205643275
-73.923429485	-73.205331253
-73.919684174	-73.2050191604
-73.915939004	-73.2047069973
-73.912193976	-73.2043947636
-73.908449088	-73.2040824594
-73.909529305	-73.2029997333
-73.905784783	-73.2026873798
-73.902040403	-73.2023749558
-73.898296163	-73.2020624613
-73.894552065	-73.2017498963
-73.895633038	-73.2006672522
-73.891889306	-73.200354638
-73.888145714	-73.2000419533
-73.889226995	-73.1989593487
-73.885483769	-73.1986466147
-73.886565132	-73.1975640285
-73.882822271	-73.1972512453
-73.883903717	-73.1961686773
-73.880161222	-73.1958558449
-73.876418868	-73.1955429421
-73.877500621	-73.1944604136
-73.873758632	-73.1941474616
-73.870016785	-73.1938344392
-73.866275079	-73.1935213462
-73.867357362	-73.1924388786
-73.863616021	-73.1921257365
-73.859874822	-73.191812524
-73.860957412	-73.190730096
-73.857216578	-73.1904168343
-73.858299249	-73.1893344246
-73.85938178	-73.1882520118
-73.860464169	-73.187169596
-73.861546417	-73.1860871772
-73.865286356	-73.1864003537
-73.866368239	-73.1853179105
-73.867449981	-73.1842354644
-73.868531581	-73.1831530153
-73.87227099	-73.1834660576
-73.873352226	-73.1823835842
-73.874433321	-73.1813011078
-73.875514274	-73.1802186284
-73.871775535	-73.17990565
-73.872856571	-73.1788231889
-73.873937466	-73.1777407247
-73.870199316	-73.1774277184
-73.871280293	-73.1763452726
-73.867542507	-73.1760322172
-73.868623567	-73.1749497896
-73.869704486	-73.173867359
-73.870785264	-73.1727849254
-73.874522379	-73.1730979171
-73.875602793	-73.1720154592
-73.876683065	-73.1709329984
-73.880419875	-73.1712458772
-73.881499783	-73.1701633921
-73.88257955	-73.1690809041
-73.886316055	-73.16939367
-73.887395458	-73.1683111578
-73.884738663	-73.1669159191
-73.885818008	-73.1658334221
-73.883161742	-73.1644381707
-73.882082314	-73.1655206495
-73.883161742	-73.1644381707
-73.879426412	-73.164125349
-73.880505922	-73.1630428886
-73.881585291	-73.1619604251
-73.877850549	-73.1616475755
-73.878930001	-73.1605651303
-73.875195622	-73.1602522317
-73.876275156	-73.1591698047
-73.877354549	-73.1580873748
-73.881088482	-73.1584002309
-73.882167511	-73.1573177767
-73.8832464	-73.1562353196
-73.884325148	-73.1551528595
-73.888058553	-73.1554655816
-73.889136937	-73.1543830973
-73.892870259	-73.154695728
-73.89394828	-73.1536132195
-73.895026161	-73.152530708
-73.896103901	-73.1514481936
-73.897181501	-73.1503656762
-73.898258961	-73.1492831558
-73.894526754	-73.1489706312
-73.895604296	-73.147888129
-73.896681698	-73.1468056239
-73.892950076	-73.1464930714
-73.89402756	-73.1454105845
-73.890296302	-73.145097983
-73.891373869	-73.1440155143
-73.892451295	-73.1429330427
-73.893528581	-73.1418505682
-73.894605726	-73.1407680906
-73.895682732	-73.1396856102
-73.891952727	-73.1393730443
-73.893029815	-73.1382905821
-73.889300173	-73.1379779672
-73.890377343	-73.1368955232
-73.891454373	-73.1358130762
-73.887725316	-73.1355004335
-73.888802428	-73.1344180047
-73.8898794	-73.133335573
-73.887227983	-73.131940489
-73.888304896	-73.1308580725
-73.88457701	-73.1305453742
-73.885654006	-73.1294629759
-73.881926481	-73.1291502286
-73.88300356	-73.1280678486
-73.884080498	-73.1269854656
-73.880353558	-73.1266726905
-73.881430578	-73.1255903258
-73.882507458	-73.124507958
-73.883584198	-73.1234255874
-73.884660798	-73.1223432137
-73.885737258	-73.1212608372
-73.886813578	-73.1201784576
-73.883088111	-73.1198657394
-73.879362784	-73.1195529511
-73.880439408	-73.118470611
-73.876714442	-73.1181577737
-73.872989617	-73.1178448664
-73.869264932	-73.1175318889
-73.870342082	-73.1164496093
-73.866617759	-73.1161365829
-73.862893575	-73.1158234864
-73.859169532	-73.1155103198
-73.855445629	-73.1151970831
-73.851721866	-73.1148837763
-73.847998244	-73.1145703994
-73.844274761	-73.1142569525
-73.840551419	-73.1139434354
-73.836828216	-73.1136298483
-73.833105154	-73.1133161911
-73.834184381	-73.1122341207
-73.830461681	-73.1119204146
-73.826739121	-73.1116066386
-73.823016702	-73.1112927924
-73.819294422	-73.1109788763
-73.815572283	-73.11066489
-73.811850285	-73.1103508338
-73.808128426	-73.1100367074
-73.809209063	-73.1089547827
-73.805487567	-73.1086406076
-73.801766211	-73.1083263625
-73.802847149	-73.1072444772
-73.799126155	-73.1069301833
-73.795405301	-73.1066158195
-73.796486542	-73.1055339737
-73.79276605	-73.1052195611
-73.789045698	-73.1049050785
-73.790127241	-73.1038232722
-73.786407251	-73.1035087409
-73.782687401	-73.1031941395
-73.783769245	-73.1021123728
-73.780049757	-73.1017977228
-73.776330409	-73.1014830027
-73.777412555	-73.1004012755
-73.773693569	-73.1000865068
-73.774775795	-73.0990047979
-73.771057171	-73.0986899805
-73.767338686	-73.0983750931
-73.768421214	-73.0972934237
-73.764703091	-73.0969784877
-73.760985108	-73.0966634818
-73.762067937	-73.0955818519
-73.758350316	-73.0952667973
-73.754632835	-73.0949516728
-73.750915495	-73.0946364783
-73.751998846	-73.0935549093
-73.748281867	-73.0932396662
-73.744565028	-73.0929243532
-73.740848331	-73.0926089703
-73.741932202	-73.0915274622
-73.738215866	-73.0912120307
-73.739299818	-73.0901305408
-73.735583842	-73.0898150607
-73.736667874	-73.0887335891
-73.732952259	-73.0884180604
-73.729236786	-73.0881024619
-73.725521453	-73.0877867934
-73.72180626	-73.0874710551
-73.720721347	-73.0885524415
-73.717006075	-73.088236612
-73.713290943	-73.0879207126
-73.712205448	-73.0890020532
-73.708490237	-73.0886860627
-73.704775167	-73.0883700022
-73.703689091	-73.0894512971
-73.699973941	-73.0891351454
-73.696258932	-73.0888189239
-73.695172275	-73.089900173
-73.691457187	-73.0895838602
-73.687742239	-73.0892674776
-73.686655	-73.0903486809
-73.682939974	-73.0900322071
-73.679225089	-73.0897156634
-73.678137268	-73.0907968208
-73.674422303	-73.0904801859
-73.67070748	-73.0901634812
-73.669619078	-73.0912445927
-73.665904175	-73.0909277967
-73.664815412	-73.0920088838
-73.66110043	-73.0916919965
-73.65738559	-73.0913750395
-73.653670891	-73.0910580126
-73.652581326	-73.0921390323
-73.648866548	-73.0918219141
-73.645151911	-73.0915047262
-73.644061765	-73.0925856999
-73.640347049	-73.0922684207
-73.636632475	-73.0919510716
-73.635541747	-73.0930319994
-73.631827095	-73.0927145591
-73.630736005	-73.0937954623
-73.629644773	-73.0948763623
-73.625929822	-73.0945588093
-73.624838229	-73.0956396848
-73.623746495	-73.0967205571
-73.620031245	-73.0964028914
-73.618939149	-73.0974837391
-73.617846911	-73.0985645837
-73.616754532	-73.0996454252
-73.611946022	-73.1004084421
-73.610853139	-73.1014892558
-73.609760114	-73.1025700663
-73.608666947	-73.1036508737
-73.607573639	-73.104731678
-73.603856911	-73.1044137008
-73.60276324	-73.1054944804
-73.601669428	-73.1065752568
-73.600575473	-73.1076560301
-73.599481377	-73.1087368002
-73.59576391	-73.1084186672
-73.594669451	-73.1094994127
-73.590951906	-73.1091811882
-73.587234503	-73.108862894
-73.586139462	-73.1099435932
-73.585044278	-73.1110242893
-73.581326577	-73.1107058822
-73.580231031	-73.1117865536
-73.576513252	-73.111468055
-73.575417343	-73.1125487017
-73.574321293	-73.1136293452
-73.5732251	-73.1147099856
-73.569506802	-73.1143913525
-73.568410246	-73.1154719682
-73.567313548	-73.1165525806
-73.566216708	-73.1176331898
-73.562497891	-73.1173144223
-73.561400688	-73.1183950068
-73.560303343	-73.119475588
-73.556584228	-73.1191567075
-73.555486519	-73.120237264
-73.554388669	-73.1213178174
-73.553290675	-73.1223983675
-73.549571041	-73.1220793524
