> -L"antarctic_islands_coastlines"
-90.753937874	-72.6935462511
-90.750305807	-72.6969370351
-90.750355331	-72.698062379
-90.750404862	-72.6991877261
-90.750454399	-72.7003130764
-90.750503943	-72.70143843
-90.750553493	-72.7025637868
-90.75060305	-72.7036891468
-90.750652613	-72.70481451
-90.750702183	-72.7059398764
-90.750751759	-72.7070652461
-90.754535354	-72.7070504623
-90.754585186	-72.7081758341
-90.754635026	-72.7093012092
-90.758419114	-72.709286349
-90.758469209	-72.7104117263
-90.758519312	-72.7115371068
-90.758569421	-72.7126624905
-90.758619537	-72.7137878774
-90.758669659	-72.7149132676
-90.758719788	-72.7160386609
-90.758769923	-72.7171640575
-90.758820066	-72.7182894573
-90.755033978	-72.7183043257
-90.755083876	-72.7194297298
-90.755133782	-72.720555137
-90.751347187	-72.7205699331
-90.751396849	-72.7216953446
-90.751446517	-72.7228207593
-90.755233612	-72.7228059612
-90.755283537	-72.7239313781
-90.759070876	-72.7239165046
-90.762858208	-72.7239015567
-90.76290864	-72.7250269748
-90.762959079	-72.7261523961
-90.763009525	-72.7272778206
-90.763059977	-72.7284032483
-90.763110436	-72.7295286792
-90.763160902	-72.7306541134
-90.763211374	-72.7317795508
-90.763261853	-72.7329049913
-90.759472517	-72.7329199475
-90.759522753	-72.7340453923
-90.759572994	-72.7351708404
-90.759623242	-72.7362962916
-90.759673498	-72.7374217461
-90.759723759	-72.7385472038
-90.755933164	-72.7385620907
-90.752142561	-72.7385769031
-90.752192328	-72.7397023661
-90.752242101	-72.7408278322
-90.748450991	-72.7408425722
-90.74850052	-72.7419680426
-90.748550056	-72.7430935162
-90.752341668	-72.7430787742
-90.752391461	-72.74420425
-90.756183318	-72.7441894325
-90.756233368	-72.7453149105
-90.760025469	-72.7453000174
-90.760075777	-72.7464254976
-90.760126092	-72.747550981
-90.763918688	-72.7475360114
-90.763969261	-72.748661497
-90.767812931	-72.7497719396
-90.767863768	-72.7508974305
-90.767914612	-72.7520229247
-90.771708199	-72.7520078019
-90.767914612	-72.7520229247
-90.767965463	-72.7531484221
-90.76801632	-72.7542739227
-90.768067184	-72.7553994265
-90.768118055	-72.7565249335
-90.764323456	-72.7565399859
-90.764374083	-72.7576654972
-90.760579226	-72.7576804761
-90.760629608	-72.7588059916
-90.764424716	-72.7587910116
-90.764475355	-72.7599165293
-90.764526001	-72.7610420502
-90.768321605	-72.7610269936
-90.76837251	-72.7621525167
-90.772168358	-72.7621373845
-90.772219521	-72.7632629097
-90.776015614	-72.7632477019
-90.776067034	-72.7643732293
-90.779863372	-72.7643579459
-90.779915051	-72.7654834754
-90.783711634	-72.7654681164
-90.783763571	-72.7665936481
-90.783815516	-72.7677191829
-90.787612594	-72.7677037472
-90.787664797	-72.7688292842
-90.791462121	-72.7688137728
-90.791514582	-72.7699393119
-90.791567051	-72.7710648543
-90.791619526	-72.7721903999
-90.791672008	-72.7733159487
-90.791724498	-72.7744415007
-90.791776994	-72.7755670559
-90.791829497	-72.7766926143
-90.791882008	-72.7778181759
-90.791934525	-72.7789437407
-90.795734107	-72.778928145
-90.795786883	-72.7800537119
-90.795839666	-72.7811792821
-90.795892456	-72.7823048554
-90.799692788	-72.7822891818
-90.799745837	-72.7834147573
-90.803599721	-72.7845245855
-90.803653037	-72.7856501663
-90.80745411	-72.78563434
-90.807507684	-72.7867599229
-90.807561266	-72.7878855091
-90.811362836	-72.7878696059
-90.811416678	-72.7889951942
-90.815272593	-72.7901048056
-90.815326701	-72.7912303991
-90.819129014	-72.7912143433
-90.819183381	-72.7923399389
-90.822985939	-72.7923238073
-90.823040565	-72.793449405
-90.823095199	-72.7945750058
-90.826898254	-72.7945587973
-90.826953148	-72.7956844003
-90.830756448	-72.7956681159
-90.830811601	-72.7967937209
-90.830866762	-72.7979193291
-90.83467056	-72.7979029678
-90.83472598	-72.7990285781
-90.838530023	-72.7990121408
-90.838585704	-72.8001377532
-90.838641391	-72.8012633688
-90.842445932	-72.8012468545
-90.846250465	-72.8012302655
-90.846306666	-72.802355882
-90.850111444	-72.8023392171
-90.850167904	-72.8034648356
-90.850224372	-72.8045904573
-90.854029648	-72.8045737153
-90.854086376	-72.8056993391
-90.857891898	-72.8056825212
-90.857948886	-72.806808147
-90.861754653	-72.8067912532
-90.865617913	-72.8078999112
-90.869423917	-72.8078828667
-90.869481679	-72.8090084954
-90.873287928	-72.8089913749
-90.87334595	-72.8101170055
-90.877152444	-72.8100998091
-90.877210727	-72.8112254418
-90.877269018	-72.8123510776
-90.88107601	-72.812333804
-90.881134561	-72.8134594419
-90.884941798	-72.8134420922
-90.88500061	-72.8145677321
-90.888808093	-72.8145503065
-90.888867166	-72.8156759483
-90.892674893	-72.8156584467
-90.892734227	-72.8167840905
-90.892793568	-72.8179097376
-90.896601794	-72.8178921587
-90.896661396	-72.8190178077
-90.896721007	-72.8201434599
-90.900529731	-72.8201258037
-90.900589602	-72.8212514579
-90.900649481	-72.8223771153
-90.896840251	-72.8223947739
-90.896899885	-72.8235204357
-90.893090394	-72.8235380207
-90.889280894	-72.8235555308
-90.885471387	-72.8235729661
-90.881661872	-72.8235903266
-90.881603251	-72.8224646599
-90.877793981	-72.8224819444
-90.873984703	-72.8224991539
-90.870175418	-72.8225162887
-90.866366125	-72.8225333486
-90.866308525	-72.8214076804
-90.862499477	-72.8214246643
-90.858690422	-72.8214415733
-90.858633336	-72.820315906
-90.854824526	-72.820332739
-90.851015709	-72.8203494972
-90.850959136	-72.8192238308
-90.847150565	-72.819240513
-90.843341986	-72.8192571204
-90.843285927	-72.8181314548
-90.839477594	-72.8181479862
-90.835669253	-72.8181644429
-90.831860905	-72.8181808247
-90.831805612	-72.8170551588
-90.82799751	-72.8170714647
-90.824189401	-72.8170876957
-90.820381284	-72.8171038519
-90.816573159	-72.8171199333
-90.812765028	-72.8171359399
-90.808903122	-72.8160262024
-90.80509523	-72.8160420582
-90.80128733	-72.8160578392
-90.797479423	-72.8160735455
-90.793671509	-72.8160891769
-90.789863588	-72.8161047335
-90.786055661	-72.8161202153
-90.782247726	-72.8161356223
-90.782299722	-72.8172612992
-90.778491527	-72.8172766324
-90.774683325	-72.8172918908
-90.770875117	-72.8173070744
-90.77092636	-72.8184327577
-90.767117891	-72.8184478675
-90.763309416	-72.8184629025
-90.759500934	-72.8184778627
-90.755692446	-72.818492748
-90.755742683	-72.8196184387
-90.751933935	-72.8196332502
-90.751983926	-72.8207589451
-90.752033924	-72.8218846432
-90.752083928	-72.8230103445
-90.748274414	-72.8230250843
-90.748324172	-72.8241507898
-90.748373936	-72.8252764985
-90.744563908	-72.8252911654
-90.744613426	-72.8264168783
-90.744662951	-72.8275425945
-90.740852409	-72.8275571886
-90.740901687	-72.8286829089
-90.740950971	-72.8298086324
-90.741000262	-72.8309343592
-90.741049559	-72.8320600891
-90.741098863	-72.8331858222
-90.737287048	-72.8332003465
-90.737336105	-72.8343260838
-90.737385168	-72.8354518243
-90.737434238	-72.8365775681
-90.737483314	-72.837703315
-90.737532397	-72.8388290651
-90.737581486	-72.8399548184
-90.737630582	-72.8410805749
-90.737679685	-72.8422063346
-90.737728794	-72.8433320975
-90.737777909	-72.8444578636
-90.737827032	-72.8455836329
-90.73787616	-72.8467094054
-90.74169102	-72.846694869
-90.741740409	-72.8478206437
-90.741789805	-72.8489464215
-90.741839208	-72.8500722026
-90.741888616	-72.8511979868
-90.741938032	-72.8523237743
-90.741987454	-72.853449565
-90.73817107	-72.8534641074
-90.738220244	-72.8545899023
-90.738269425	-72.8557157003
-90.738318613	-72.8568415016
-90.738367807	-72.857967306
-90.734550399	-72.8579817775
-90.734599345	-72.8591075861
-90.734648298	-72.860233398
-90.734697258	-72.861359213
-90.73087908	-72.8613736125
-90.730927792	-72.8624994317
-90.73097651	-72.8636252541
-90.731025234	-72.8647510797
-90.731073965	-72.8658769085
-90.731122703	-72.8670027405
-90.731171447	-72.8681285757
-90.731220197	-72.8692544141
-90.731268954	-72.8703802556
-90.731317718	-72.8715061004
-90.731366488	-72.8726319483
-90.727545758	-72.8726462828
-90.72759428	-72.8737721349
-90.727642808	-72.8748979902
-90.723821563	-72.8749122516
-90.723869842	-72.8760381111
-90.720048335	-72.8760522983
-90.720096367	-72.877178162
-90.716274599	-72.8771922752
-90.716322382	-72.878318143
-90.716370171	-72.8794440141
-90.716417967	-72.8805698883
-90.716465769	-72.8816957657
-90.716513577	-72.8828216464
-90.716561392	-72.8839475302
-90.716609213	-72.8850734172
-90.716657041	-72.8861993074
-90.716704875	-72.8873252008
-90.716752715	-72.8884510973
-90.716800562	-72.8895769971
-90.716848415	-72.8907029
-90.72072136	-72.8918146803
-90.720769481	-72.8929405886
-90.720817609	-72.8940665002
-90.724643197	-72.8940522971
-90.724691587	-72.8951782109
-90.728566076	-72.8962898476
-90.728614734	-72.8974157667
-90.732441077	-72.8974014103
-90.732489997	-72.8985273316
-90.732538923	-72.8996532561
-90.732587856	-72.9007791837
-90.736414958	-72.9007647492
-90.736464154	-72.901890679
-90.732636796	-72.9019051146
-90.732685742	-72.9030310487
-90.728858122	-72.90304541
-90.725030495	-72.9030596962
-90.725078936	-72.9041856355
-90.725127384	-72.9053115779
-90.725175838	-72.9064375235
-90.725224299	-72.9075634723
-90.725272766	-72.9086894242
-90.72532124	-72.9098153794
-90.721492072	-72.9098295963
-90.721540296	-72.9109555556
-90.721588527	-72.9120815181
-90.721636764	-72.9132074838
-90.721685008	-72.9143334527
-90.721733258	-72.9154594248
-90.717902804	-72.9154735714
-90.717950805	-72.9165995476
-90.717998812	-72.917725527
-90.718046825	-72.9188515096
-90.718094845	-72.9199774954
-90.721926323	-72.9199633449
-90.721974605	-72.9210893329
-90.722022894	-72.9222153241
-90.722071189	-72.9233413184
-90.725951988	-72.9244530862
-90.726000552	-72.9255790859
-90.726049123	-72.9267050888
-90.722216114	-72.9267193206
-90.722264435	-72.9278453277
-90.722312762	-72.928971338
-90.718479234	-72.9289854964
-90.718527311	-72.9301115108
-90.714693519	-72.9301255949
-90.714741347	-72.9312516135
-90.714789181	-72.9323776353
-90.714837021	-72.9335036602
-90.714884868	-72.9346296884
-90.714932721	-72.9357557197
-90.71498058	-72.9368817542
-90.715028446	-72.9380077919
-90.715076319	-72.9391338328
-90.715124197	-72.9402598768
-90.711288089	-72.9402738943
-90.711335718	-72.9413999426
-90.711383352	-72.9425259939
-90.711430994	-72.9436520485
-90.711478641	-72.9447781063
-90.711526295	-72.9459041672
-90.715363687	-72.9458901448
-90.715411605	-72.9470162079
-90.715459528	-72.9481422742
-90.715507458	-72.9492683437
-90.715555395	-72.9503944164
-90.715603338	-72.9515204922
-90.715651287	-72.9526465712
-90.719490216	-72.9526324675
-90.719538429	-72.9537585487
-90.723426084	-72.9548704519
-90.723474567	-72.9559965385
-90.723523057	-72.9571226283
-90.727363002	-72.9571083697
-90.727411755	-72.9582344616
-90.727460515	-72.9593605567
-90.731300968	-72.9593462206
-90.731349991	-72.9604723179
-90.731399022	-72.9615984184
-90.731448059	-72.962724522
-90.735289277	-72.9627101074
-90.735338578	-72.9638362132
-90.735387886	-72.9649623222
-90.735437201	-72.9660884344
-90.739279185	-72.9660739413
-90.739328764	-72.9672000556
-90.739378349	-72.9683261731
-90.743220842	-72.9683116024
-90.743270691	-72.9694377221
-90.747113435	-72.9694230748
-90.747163549	-72.9705491966
-90.751006544	-72.9705344729
-90.751056922	-72.9716605968
-90.754900168	-72.9716457965
-90.754950811	-72.9727719226
-90.755001461	-72.9738980518
-90.755052117	-72.9750241843
-90.75889613	-72.9750093053
-90.758947051	-72.9761354398
-90.758997979	-72.9772615776
-90.759048914	-72.9783877185
-90.762893693	-72.9783727608
-90.762944893	-72.9794989038
-90.766789923	-72.9794838695
-90.766841388	-72.9806100147
-90.770686669	-72.9805949037
-90.770738399	-72.981721051
-90.774583931	-72.9817058634
-90.774635926	-72.9828320128
-90.778481709	-72.9828167486
-90.778533969	-72.9839429001
-90.782380004	-72.9839275592
-90.786226031	-72.9839121427
-90.786278814	-72.9850382952
-90.790125093	-72.985022802
-90.793971365	-72.9850072333
-90.797817629	-72.9849915889
-90.801663886	-72.984975869
-90.801717709	-72.9861020203
-90.805564217	-72.9860862236
-90.805618305	-72.987212377
-90.805672401	-72.9883385335
-90.805726503	-72.9894646932
-90.809628147	-72.9905749794
-90.809682523	-72.9917011443
-90.809736905	-72.9928273124
-90.805888855	-72.9928431913
-90.805942986	-72.9939693637
-90.80209467	-72.9939851681
-90.802148551	-72.9951113447
-90.798299969	-72.9951270746
-90.794451379	-72.9951427288
-90.790602783	-72.9951583073
-90.790655895	-72.9962844904
-90.786807033	-72.9962999944
-90.786859894	-72.9974261818
-90.786912762	-72.9985523723
-90.786965637	-72.999678566
-90.790921564	-73.0019154535
-90.790974719	-73.0030416556
-90.791027881	-73.0041678608
-90.791081051	-73.0052940693
-90.791134227	-73.0064202809
-90.791187411	-73.0075464956
-90.787335962	-73.0075620105
-90.787388894	-73.0086882295
-90.787441834	-73.0098144517
-90.78749478	-73.010940677
-90.787547733	-73.0120669055
-90.787600694	-73.0131931372
-90.791453437	-73.0131776169
-90.791506664	-73.0143038507
-90.791559898	-73.0154300876
-90.791613139	-73.0165563277
-90.795466652	-73.0165407284
-90.795520159	-73.0176669705
-90.795573674	-73.0187932159
-90.795627196	-73.0199194643
-90.795680724	-73.021045716
-90.791826174	-73.0210613197
-90.791879451	-73.0221875756
-90.791932735	-73.0233138346
-90.795787804	-73.0232982288
-90.795841354	-73.0244244899
-90.795894912	-73.0255507542
-90.795948477	-73.0266770217
-90.799804317	-73.0266613367
-90.799858148	-73.0277876062
-90.799911987	-73.0289138789
-90.799965833	-73.0300401548
-90.803822444	-73.0300243907
-90.803876557	-73.0311506686
-90.803930677	-73.0322769497
-90.8077878	-73.0322611076
-90.807842187	-73.0333873907
-90.807896582	-73.034513677
-90.807950983	-73.0356399664
-90.808005392	-73.036766259
-90.804147231	-73.0367821055
-90.800289062	-73.0367978762
-90.800342959	-73.0379241742
-90.796484523	-73.0379398701
-90.796538167	-73.0390661723
-90.796591819	-73.0401924777
-90.796645477	-73.0413187863
-90.796699144	-73.042445098
-90.800558619	-73.0424293976
-90.800612552	-73.0435557114
-90.80452648	-73.0446662499
-90.804580688	-73.0457925689
-90.808440929	-73.0457767134
-90.808495404	-73.0469030345
-90.812355897	-73.046887102
-90.816216383	-73.0468710937
-90.816271386	-73.0479974156
-90.820132124	-73.0479813303
-90.824048386	-73.0490914919
-90.82790937	-73.0490752536
-90.827965167	-73.0502015785
-90.831826404	-73.0501852632
-90.835687633	-73.050168872
-90.83960544	-73.0512787294
-90.843466914	-73.0512621852
-90.84732838	-73.0512455651
-90.859028529	-73.0534478962
-90.859086439	-73.0545742244
-90.862948655	-73.0545572971
-90.866810863	-73.0545402939
-90.870673064	-73.0545232148
-90.874594215	-73.0556323862
-90.87845666	-73.055615154
-90.882319096	-73.0555978459
-90.886241273	-73.0567067879
-90.890103954	-73.0566893267
-90.893966627	-73.0566717896
-90.897889829	-73.057780502
-90.901752745	-73.0577628118
-90.90567672	-73.0588713717
-90.909539881	-73.0588535284
-90.909601216	-73.0599798564
-90.913464629	-73.0599619359
-90.913526232	-73.0610882658
-90.913587844	-73.0622145989
-90.913649464	-73.0633409351
-90.913711093	-73.0644672745
-90.909846638	-73.0644852001
-90.909908014	-73.0656115439
-90.90604329	-73.0656293948
-90.902178558	-73.0656471697
-90.898313818	-73.0656648687
-90.89837442	-73.0667912194
-90.894509411	-73.0668088436
-90.894569761	-73.0679351987
-90.894630119	-73.0690615569
-90.894690486	-73.0701879183
-90.89475086	-73.0713142828
-90.894811243	-73.0724406505
-90.894871634	-73.0735670214
-90.894932033	-73.0746933954
-90.898798867	-73.0746757625
-90.898859535	-73.0758021384
-90.898920212	-73.0769285175
-90.90278756	-73.0769108061
-90.902848506	-73.078037187
-90.902909459	-73.0791635711
-90.902970421	-73.0802899584
-90.89910229	-73.0803076735
-90.899162999	-73.0814340651
-90.895294598	-73.0814517055
-90.895355054	-73.0825781015
-90.895415518	-73.0837045007
-90.891546587	-73.0837220674
-90.891606798	-73.084848471
-90.891667018	-73.0859748777
-90.887797556	-73.0859923708
-90.887857522	-73.0871187819
-90.887917496	-73.0882451962
-90.887977479	-73.0893716136
-90.888037469	-73.0904980341
-90.891907976	-73.090480536
-90.891968236	-73.0916069585
-90.892028504	-73.0927333841
-90.895899526	-73.0927158075
-90.895960064	-73.093842235
-90.89602061	-73.0949686656
-90.899952962	-73.096077443
-90.900013786	-73.0972038787
-90.903885838	-73.0971861448
-90.903946932	-73.0983125824
-90.907819237	-73.0982947712
-90.9078806	-73.0994212107
-90.907941972	-73.1005476534
-90.911814792	-73.1005297635
-90.911876434	-73.101656208
-90.911938085	-73.1027826557
-90.91581142	-73.1027646872
-90.91587334	-73.1038911367
-90.915935269	-73.1050175894
-90.919809119	-73.1049995422
-90.919871319	-73.1061259968
-90.923807892	-73.1072343285
-90.92387037	-73.1083607881
-90.923932856	-73.1094872508
-90.927807737	-73.1094690462
-90.927870494	-73.1105955107
-90.927933259	-73.1117219784
-90.931808656	-73.111703695
-90.931871692	-73.1128301646
-90.935747342	-73.1128118037
-90.935810649	-73.1139382751
-90.935873964	-73.1150647497
-90.93975013	-73.11504631
-90.939813716	-73.1161727864
-90.943690135	-73.1161542691
-90.943753992	-73.1172807474
-90.947630665	-73.1172621527
-90.947694792	-73.1183886327
-90.951571719	-73.1183699605
-90.951636118	-73.1194964423
-90.951700525	-73.1206229274
-90.955577967	-73.1206041762
-90.955642646	-73.1217306631
-90.959520342	-73.1217118344
-90.959585291	-73.122838323
-90.963463241	-73.1228194168
-90.963528461	-73.1239459072
-90.963593691	-73.1250724008
-90.967472157	-73.1250534156
-90.967537657	-73.126179911
-90.971416377	-73.1261608483
-90.971482149	-73.1272873455
-90.97154793	-73.1284138458
-90.975427165	-73.128394704
-90.975493218	-73.1295212062
-90.979372707	-73.1295019868
-90.979439031	-73.1306284907
-90.983318774	-73.1306091937
-90.98338537	-73.1317356994
-90.987265366	-73.1317163247
-90.987332234	-73.1328428322
-90.991212484	-73.1328233799
-90.991279623	-73.1339498891
-90.991346771	-73.1350764014
-90.995227538	-73.1350568701
-90.995294958	-73.1361833842
-90.999175978	-73.1361637751
-90.99924367	-73.137290291
-91.003124944	-73.1372706043
-91.003192908	-73.1383971218
-91.007074436	-73.1383773574
-91.007142672	-73.1395038767
-91.011024453	-73.1394840346
-91.014974996	-73.1405906358
-91.015043777	-73.1417171586
-91.018926065	-73.141697161
-91.018995118	-73.1428236855
-91.02287766	-73.1428036102
-91.026829781	-73.1439099833
-91.030712568	-73.1438897538
-91.030782429	-73.1450162803
-91.034665468	-73.1449959731
-91.034735602	-73.1461225013
-91.038618895	-73.1461021163
-91.042572848	-73.1472081834
-91.046527328	-73.1483141744
-91.050482333	-73.1494200892
-91.054437866	-73.1505259279
-91.058393924	-73.1516316904
-91.058465695	-73.1527582287
-91.062422553	-73.1538639167
-91.062494606	-73.1549904597
-91.066379938	-73.1549695285
-91.066452264	-73.1560960731
-91.070337849	-73.156075064
-91.074223425	-73.1560539785
-91.074296288	-73.1571805233
-91.078182117	-73.1571593599
-91.078255253	-73.1582859064
-91.082141336	-73.158264665
-91.086027409	-73.1582433473
-91.086101082	-73.1593698939
-91.089987408	-73.1593484982
-91.093947934	-73.1604535729
-91.097834504	-73.1604320229
-91.097908988	-73.1615585712
-91.101795811	-73.1615369432
-91.105682624	-73.1615152388
-91.105757645	-73.1626417872
-91.109644711	-73.1626200049
-91.113531768	-73.1625981461
-91.113607326	-73.1637246945
-91.117494636	-73.1637027578
-91.121381935	-73.1636807446
-91.121458031	-73.1648072931
-91.125345584	-73.1647852019
-91.129233126	-73.1647630343
-91.12930976	-73.1658895827
-91.133197555	-73.1658673372
-91.13708534	-73.1658450151
-91.137162512	-73.1669715635
-91.14105055	-73.1669491635
-91.144938578	-73.166926687
-91.145016287	-73.1680532353
-91.148904568	-73.1680306808
-91.152871086	-73.169134598
-91.15675961	-73.169111889
-91.160726909	-73.1702156517
-91.164615675	-73.1701927881
-91.168583755	-73.1712963961
-91.172472763	-73.171273378
-91.17636176	-73.1712502834
-91.180330874	-73.1723536587
-91.184220114	-73.1723304095
-91.188109342	-73.1723070839
-91.188190008	-73.17343363
-91.19207949	-73.1734102263
-91.19596896	-73.1733867461
-91.196050165	-73.174513292
-91.199939888	-73.1744897336
-91.203911344	-73.1755926445
-91.20780131	-73.1755689315
-91.207883328	-73.1766954786
-91.211773546	-73.1766716875
-91.21185584	-73.1777982361
-91.215746311	-73.1777743667
-91.21582888	-73.1789009167
-91.219719604	-73.1788769692
-91.219802448	-73.1800035206
-91.223693425	-73.1799794949
-91.227584391	-73.1799553927
-91.227667774	-73.1810819438
-91.231558993	-73.1810577634
-91.231642652	-73.1821843159
-91.235534123	-73.1821600573
-91.235618058	-73.1832866112
-91.239509782	-73.1832622743
-91.243401494	-73.183237861
-91.243485969	-73.1843644145
-91.247377934	-73.1843399229
-91.251269888	-73.1843153547
-91.251354903	-73.185441908
-91.255247109	-73.1854172615
-91.259224859	-73.1865190914
-91.263117306	-73.1864942902
-91.267095837	-73.1875959649
-91.270988526	-73.1875710088
-91.271074897	-73.1886975626
-91.274967838	-73.1886725282
-91.278860768	-73.1886474173
-91.278947679	-73.1897739707
-91.282840861	-73.1897487814
-91.286734031	-73.1897235156
-91.286821484	-73.1908500685
-91.290714906	-73.1908247244
-91.290802635	-73.1919512786
-91.294784315	-73.1930524117
-91.298678243	-73.1930269108
-91.302572158	-73.1930013334
-91.302660704	-73.1941278884
-91.306554873	-73.1941022327
-91.310449029	-73.1940765003
-91.310538116	-73.1952030548
-91.314432524	-73.1951772441
-91.314521888	-73.1963037998
-91.318416549	-73.1962779107
-91.322311198	-73.196251945
-91.322401103	-73.1973785002
-91.326296005	-73.1973524561
-91.330190893	-73.1973263354
-91.33028134	-73.19845289
-91.334176481	-73.1984266908
-91.33807161	-73.1984004151
-91.34205798	-73.199500615
-91.345953349	-73.1994741842
-91.349848705	-73.1994476768
-91.353744049	-73.1994210929
-91.353836109	-73.2005476425
-91.357731705	-73.2005209801
-91.361627288	-73.2004942411
-91.365522859	-73.2004674255
-91.365615725	-73.2015939725
-91.369511548	-73.2015670784
-91.373407359	-73.2015401077
-91.37739683	-73.2026396048
-91.381292879	-73.202612479
-91.385188916	-73.2025852766
-91.385283132	-73.2037118203
-91.389179421	-73.2036845393
-91.393075697	-73.2036571818
-91.393170455	-73.2047837247
-91.397066983	-73.2047562886
-91.400963498	-73.2047287759
-91.40486	-73.2047011866
-91.408756489	-73.2046735206
-91.412652965	-73.2046457781
-91.416549428	-73.2046179589
-91.420445878	-73.2045900632
-91.424342314	-73.2045620908
-91.424245438	-73.2034355636
-91.428141597	-73.2034075166
-91.432037742	-73.203379393
-91.435933874	-73.2033511928
-91.439829993	-73.2033229161
-91.443726099	-73.2032945627
-91.447622191	-73.2032661327
-91.45151827	-73.2032376261
-91.451617	-73.2043641393
-91.455513331	-73.204335554
-91.459409647	-73.2043068922
-91.463305951	-73.2042781538
-91.467202241	-73.2042493387
-91.471098517	-73.2042204471
-91.486582372	-73.2029776197
-91.486481273	-73.2018511281
-91.490376951	-73.2018218575
-91.494272616	-73.2017925105
-91.498168266	-73.2017630868
-91.502063903	-73.2017335865
-91.501961759	-73.2006071062
-91.505857117	-73.2005775314
-91.509752462	-73.2005478801
-91.509649802	-73.1994214071
-91.509547157	-73.1982949372
-91.513441958	-73.1982652135
-91.513339062	-73.1971387488
-91.517233585	-73.1971089506
-91.517130438	-73.1959824911
-91.517027305	-73.1948560347
-91.520921285	-73.1948261641
-91.520817902	-73.1936997129
-91.520714533	-73.1925732648
-91.524607969	-73.192543322
-91.52450435	-73.191416879
-91.524400745	-73.1902904392
-91.52040451	-73.189193939
-91.520301197	-73.1880675033
-91.520197898	-73.1869410706
-91.520094613	-73.1858146411
-91.519991343	-73.1846882146
-91.519888086	-73.1835617912
-91.519784843	-73.1824353709
-91.519681614	-73.1813089537
-91.5195784	-73.1801825397
-91.515687855	-73.1802123827
-91.515584918	-73.1790859696
-91.515481996	-73.1779595596
-91.515379087	-73.1768331527
-91.515276192	-73.1757067489
-91.511386689	-73.1757365071
-91.511284072	-73.1746101042
-91.511181469	-73.1734837045
-91.51107888	-73.1723573079
-91.510976305	-73.1712309143
-91.510873744	-73.1701045239
-91.514761928	-73.1700747762
-91.514659117	-73.168948391
-91.51455632	-73.1678220088
-91.514453537	-73.1666956298
-91.514350768	-73.1655692538
-91.514248012	-73.164442881
-91.514145271	-73.1633165112
-91.510258669	-73.1633462463
-91.510156205	-73.1622198775
-91.510053755	-73.1610935118
-91.509951318	-73.1599671493
-91.506065492	-73.1599968016
-91.505963333	-73.1588704401
-91.502077756	-73.158900014
-91.501975875	-73.1577736534
-91.498090547	-73.1578031489
-91.497988943	-73.1566767893
-91.497887352	-73.1555504329
-91.497785775	-73.1544240796
-91.497684211	-73.1532977293
-91.497582662	-73.1521713822
-91.497481126	-73.1510450382
-91.497379604	-73.1499186972
-91.497278096	-73.1487923594
-91.497176601	-73.1476660247
-91.497075121	-73.1465396931
-91.493192411	-73.1465690914
-91.493091207	-73.1454427608
-91.492990016	-73.1443164333
-91.49288884	-73.1431901089
-91.492787677	-73.1420637876
-91.492686528	-73.1409374694
-91.492585392	-73.1398111543
-91.49248427	-73.1386848423
-91.492383162	-73.1375585335
-91.492282068	-73.1364322277
-91.488401709	-73.136461531
-91.488300891	-73.1353352263
-91.488200087	-73.1342089247
-91.484320239	-73.1342381476
-91.484219711	-73.1331118471
-91.484119196	-73.1319855496
-91.484018695	-73.1308592552
-91.483918208	-73.1297329639
-91.487797005	-73.1297037492
-91.487696269	-73.1285774631
-91.487595547	-73.1274511801
-91.491473806	-73.1274218933
-91.491372834	-73.1262956155
-91.491271877	-73.1251693408
-91.491170933	-73.1240430691
-91.491070003	-73.1229168006
-91.490969086	-73.1217905352
-91.490868183	-73.1206642729
-91.494744855	-73.1206349223
-91.494643704	-73.1195086652
-91.494542566	-73.1183824112
-91.494441442	-73.1172561603
-91.494340331	-73.1161299125
-91.494239235	-73.1150036678
-91.494138152	-73.1138774262
-91.494037082	-73.1127511877
-91.493936027	-73.1116249524
-91.493834985	-73.1104987201
-91.493733957	-73.109372491
-91.489859904	-73.1094018209
-91.489759151	-73.1082755928
-91.489658412	-73.1071493678
-91.489557686	-73.1060231459
-91.485684405	-73.1060523936
-91.485583955	-73.1049261728
-91.485483518	-73.103799955
-91.481610747	-73.1038291225
-91.481510585	-73.1027029058
-91.485383095	-73.1026737404
-91.485282685	-73.1015475289
-91.485182289	-73.1004213205
-91.489054262	-73.1003920832
-91.488953618	-73.09926588
-91.488852988	-73.0981396798
-91.488752371	-73.0970134828
-91.488651768	-73.0958872889
-91.488551178	-73.0947610982
-91.488450602	-73.0936349105
-91.484580197	-73.0936641355
-91.484479896	-73.0925379489
-91.484379608	-73.0914117654
-91.480509712	-73.0914409103
-91.4804097	-73.0903147278
-91.4803097	-73.0891885485
-91.480209714	-73.0880623723
-91.480109742	-73.0869361992
-91.480009783	-73.0858100292
-91.479909838	-73.0846838623
-91.476041495	-73.0847129189
-91.475941824	-73.0835867531
-91.475842166	-73.0824605904
-91.475742522	-73.0813344308
-91.471874949	-73.0813634052
-91.471775579	-73.0802372467
-91.467908253	-73.080266143
-91.467809158	-73.0791399856
-91.467710076	-73.0780138313
-91.467611007	-73.0768876802
-91.467511952	-73.0757615321
-91.46741291	-73.0746353872
-91.467313881	-73.0735092453
-91.467214866	-73.0723831066
-91.467115864	-73.0712569711
-91.467016876	-73.0701308386
-91.466917901	-73.0690047092
-91.466818939	-73.067878583
-91.470683398	-73.067849709
-91.470584189	-73.0667235879
-91.470484993	-73.06559747
-91.474348918	-73.0655685241
-91.474249475	-73.0644424113
-91.474150046	-73.0633163016
-91.47405063	-73.062190195
-91.47791376	-73.0621611793
-91.477814098	-73.0610350779
-91.477714448	-73.0599089795
-91.477614813	-73.0587828844
-91.473752464	-73.0588118939
-91.473653102	-73.0576857998
-91.469790999	-73.0577147315
-91.469691911	-73.0565886385
-91.46573124	-73.0554914003
-91.465632438	-73.0543653115
-91.46553365	-73.0532392258
-91.465434875	-73.0521131432
-91.465336113	-73.0509870638
-91.465237364	-73.0498609875
-91.465138629	-73.0487349143
-91.468998665	-73.0487060747
-91.468899683	-73.0475800067
-91.468800714	-73.0464539417
-91.468701759	-73.0453278799
-91.472561002	-73.0452989706
-91.472461801	-73.044172914
-91.468306072	-73.0408236639
-91.468207184	-73.0396976177
-91.464349226	-73.0397264411
-91.46425061	-73.038600396
-91.464152008	-73.037474354
-91.460294556	-73.0375030975
-91.460196227	-73.0363770567
-91.460097911	-73.0352510189
-91.456240965	-73.0352796826
-91.456142921	-73.034153646
-91.456044891	-73.0330276125
-91.45218845	-73.0330561964
-91.452090693	-73.031930164
-91.451992948	-73.0308041347
-91.451895216	-73.0296781086
-91.451797498	-73.0285520856
-91.451699793	-73.0274260657
-91.455554936	-73.0273974919
-91.455456985	-73.0262714771
-91.455359047	-73.0251454655
-91.459213659	-73.0251168199
-91.459115475	-73.0239908134
-91.459017304	-73.0228648101
-91.458919147	-73.0217388098
-91.458821003	-73.0206128127
-91.458722871	-73.0194868188
-91.458624753	-73.0183608279
-91.454771695	-73.0183894615
-91.454673849	-73.0172634717
-91.454576017	-73.0161374851
-91.450723464	-73.016166039
-91.450625903	-73.0150400535
-91.450528355	-73.0139140711
-91.446676306	-73.0139425453
-91.446579031	-73.0128165641
-91.446481768	-73.011690586
-91.446384519	-73.010564611
-91.446287282	-73.0094386392
-91.446190059	-73.0083126705
-91.446092848	-73.007186705
-91.445995651	-73.0060607425
-91.445898467	-73.0049347832
-91.445801296	-73.0038088271
-91.449651017	-73.0037803709
-91.4495536	-73.0026544198
-91.449456197	-73.0015284719
-91.449358806	-73.0004025271
-91.453207738	-73.0003740013
-91.453110103	-72.9992480616
-91.45301248	-72.9981221251
-91.452914871	-72.9969961917
-91.452817274	-72.9958702615
-91.45666516	-72.995841668
-91.456567319	-72.9947157428
-91.456469491	-72.9935898209
-91.456371675	-72.992463902
-91.456273873	-72.9913379863
-91.456176084	-72.9902120737
-91.456078309	-72.9890861642
-91.455980546	-72.9879602579
-91.455882796	-72.9868343547
-91.459728604	-72.9868057016
-91.45963061	-72.9856798035
-91.459532629	-72.9845539086
-91.459434661	-72.9834280168
-91.459336706	-72.9823021282
-91.459238764	-72.9811762426
-91.459140835	-72.9800503602
-91.46278875	-72.9777698923
-91.462690603	-72.9766440213
-91.458847128	-72.9766727319
-91.458749252	-72.975546862
-91.458651389	-72.9744209953
-91.458553539	-72.9732951317
-91.458455703	-72.9721692713
-91.458357879	-72.9710434139
-91.458260069	-72.9699175598
-91.458162271	-72.9687917087
-91.458064487	-72.9676658608
-91.457966716	-72.9665400161
-91.457868958	-72.9654141744
-91.457771213	-72.9642883359
-91.453930558	-72.9643169489
-91.453833083	-72.9631911116
-91.453735621	-72.9620652774
-91.449895467	-72.9620938109
-91.449798276	-72.9609679779
-91.449701098	-72.9598421479
-91.445861445	-72.9598706021
-91.445764537	-72.9587447733
-91.441925129	-72.95877315
-91.441828491	-72.9576473223
-91.437989327	-72.9576756216
-91.441828491	-72.9576473223
-91.441731866	-72.9565214979
-91.441635254	-72.9553956765
-91.445473891	-72.9553673058
-91.445377035	-72.9542414895
-91.445280192	-72.9531156764
-91.449118302	-72.9530872342
-91.449021215	-72.9519614263
-91.445183362	-72.9519898665
-91.445086544	-72.9508640597
-91.44498974	-72.949738256
-91.441152388	-72.9497666169
-91.441055853	-72.9486408144
-91.437218745	-72.9486690979
-91.43712248	-72.9475432965
-91.437026228	-72.9464174983
-91.43318962	-72.9464457025
-91.433093638	-72.9453199055
-91.429257273	-72.9453480323
-91.429161561	-72.9442222364
-91.429065861	-72.9430964437
-91.425229997	-72.9431244912
-91.425134567	-72.9419986997
-91.421298947	-72.9420266699
-91.41736841	-72.9409287725
-91.413438386	-72.9398307989
-91.409603241	-72.9398585392
-91.405673975	-72.9387604123
-91.401839061	-72.9387879999
-91.401745221	-72.9376622093
-91.397910551	-72.9376897196
-91.39781698	-72.9365639303
-91.393982554	-72.9365913634
-91.393889252	-72.9354655753
-91.39005507	-72.9354929311
-91.389962037	-72.9343671442
-91.389869016	-72.9332413605
-91.389776008	-72.9321155799
-91.385942583	-72.9321428547
-91.385849843	-72.9310170754
-91.385757115	-72.9298912992
-91.385664401	-72.9287655262
-91.385571698	-72.9276397563
-91.385479008	-72.9265139895
-91.381646852	-72.9265411795
-91.38155443	-72.925415414
-91.381462021	-72.9242896517
-91.377630365	-72.9243167626
-91.377538224	-72.9231910015
-91.373706812	-72.9232180353
-91.373614939	-72.9220922755
-91.373523079	-72.9209665188
-91.369692166	-72.9209934735
-91.369600574	-72.9198677181
-91.369508995	-72.9187419659
-91.365678582	-72.9187688416
-91.36558727	-72.9176430906
-91.361757101	-72.9176698892
-91.361666057	-72.9165441395
-91.361575026	-72.915418393
-91.361484007	-72.9142926496
-91.361393	-72.9131669094
-91.357563842	-72.9131936253
-91.357473103	-72.9120678864
-91.357382376	-72.9109421506
-91.357291661	-72.909816418
-91.353463258	-72.909843053
-91.353372811	-72.9087173217
-91.353282377	-72.9075915936
-91.349454473	-72.9076181497
-91.349364305	-72.9064924229
-91.34927415	-72.9053666992
-91.349184007	-72.9042409786
-91.345266982	-72.9031417348
-91.345177119	-72.9020160187
-91.345087267	-72.9008903058
-91.341260872	-72.9009167005
-91.341171288	-72.8997909889
-91.341081715	-72.8986652804
-91.337255819	-72.8986915963
-91.337166514	-72.8975658891
-91.333340861	-72.897592128
-91.333251824	-72.8964664222
-91.333162798	-72.8953407196
-91.333073784	-72.8942150201
-91.336898671	-72.8941887867
-91.336809414	-72.8930630922
-91.336720168	-72.8919374009
-91.340544533	-72.891911096
-91.340455045	-72.8907854097
-91.344189411	-72.8896333501
-91.344099691	-72.8885076719
-91.347923267	-72.8884812223
-91.347833304	-72.8873555491
-91.347743353	-72.8862298791
-91.351476213	-72.885077693
-91.351386032	-72.8839520311
-91.351295862	-72.8828263724
-91.355118139	-72.8827997818
-91.355027727	-72.8816741281
-91.354937326	-72.8805484776
-91.354846938	-72.8794228302
-91.358668439	-72.87939617
-91.358577808	-72.8782705277
-91.358487189	-72.8771448884
-91.362308168	-72.8771181569
-91.362217306	-72.8759925227
-91.366038019	-72.8759657181
-91.369858719	-72.8759388383
-91.36976736	-72.874813211
-91.369676014	-72.8736875868
-91.373496193	-72.8736606358
-91.373404604	-72.8725350167
-91.377224516	-72.8725079924
-91.377132685	-72.8713823783
-91.380860257	-72.8702296719
-91.380768196	-72.869104066
-91.380676147	-72.8679784633
-91.380584111	-72.8668528638
-91.380492087	-72.8657272674
-91.380400075	-72.8646016741
-91.380308075	-72.863476084
-91.384125928	-72.8634489248
-91.384033686	-72.8623233398
-91.383941457	-72.8611977579
-91.38384924	-72.8600721792
-91.383757035	-72.8589466036
-91.383664842	-72.8578210313
-91.383572662	-72.856695462
-91.383480494	-72.855569896
-91.387296555	-72.855542675
-91.387204146	-72.854417114
-91.387111748	-72.8532915561
-91.387019363	-72.8521660014
-91.39083465	-72.8521387112
-91.390742024	-72.8510131615
-91.394557045	-72.8509857982
-91.394464176	-72.8498602537
-91.398278931	-72.8498328173
-91.398185821	-72.8487072778
-91.40200031	-72.8486797685
-91.405721181	-72.8475266516
-91.409535391	-72.8474989943
-91.409441545	-72.8463734669
-91.413255488	-72.8463457366
-91.413161401	-72.8452202142
-91.416975078	-72.8451924109
-91.41688075	-72.8440668937
-91.420694161	-72.8440390174
-91.420599591	-72.8429135052
-91.424412736	-72.842885556
-91.424317925	-72.8417600489
-91.424223127	-72.840634545
-91.424128342	-72.8395090443
-91.42403357	-72.8383835467
-91.427845688	-72.8383555303
-91.427750674	-72.8372300379
-91.427655673	-72.8361045485
-91.431467272	-72.8360764612
-91.43137203	-72.834950977
-91.431276801	-72.833825496
-91.43508788	-72.8337973376
-91.434992411	-72.8326718617
-91.438803224	-72.8326436305
-91.438707513	-72.8315181597
-91.44251806	-72.8314898556
-91.44242211	-72.8303643899
-91.442326172	-72.8292389274
-91.4461362	-72.8292105524
-91.446040021	-72.828085095
-91.445943855	-72.8269596408
-91.449753364	-72.8269311948
-91.449656958	-72.8258057458
-91.453369555	-72.824651783
-91.457081645	-72.8234977526
-91.46079323	-72.8223436545
-91.460696116	-72.821218224
-91.460599016	-72.8200927967
-91.460501928	-72.8189673725
-91.464309614	-72.8189386413
-91.464212286	-72.8178132222
-91.46401767	-72.8155623937
-91.463920381	-72.8144369842
-91.463823105	-72.8133115778
-91.463725842	-72.8121861746
-91.467531998	-72.8121573805
-91.467434496	-72.8110319825
-91.467337006	-72.8099065876
-91.471142644	-72.8098777227
-91.471044915	-72.808752333
-91.470947198	-72.8076269465
-91.474752318	-72.8075980109
-91.478557426	-72.8075690006
-91.48236252	-72.8075399155
-91.486167601	-72.8075107557
-91.486068887	-72.8063853804
-91.489873703	-72.8063561479
-91.48977475	-72.8052307777
-91.493579299	-72.8052014725
-91.493480107	-72.8040761076
-91.497284391	-72.8040467297
-91.49718496	-72.8029213699
-91.497085542	-72.8017960133
-91.496986137	-72.8006706599
-91.50078965	-72.8006412134
-91.500690006	-72.7995158652
-91.500590375	-72.7983905201
-91.500490758	-72.7972651782
-91.504293502	-72.7972356631
-91.504193645	-72.7961103264
-91.504093801	-72.7949849929
-91.503993971	-72.7938596625
-91.507795945	-72.7938300789
-91.507695876	-72.7927047537
-91.50759582	-72.7915794318
-91.511397277	-72.7915497776
-91.511296983	-72.7904244608
-91.511196701	-72.7892991472
-91.514997641	-72.7892694225
-91.514897121	-72.7881441141
-91.518697795	-72.7881143168
-91.518597036	-72.7869890136
-91.518496291	-72.7858637136
-91.522296448	-72.7858338458
-91.522195465	-72.784708551
-91.522094494	-72.7835832594
-91.521993538	-72.782457971
-91.521892594	-72.7813326857
-91.525691731	-72.7813027515
-91.525590549	-72.7801774715
-91.525489381	-72.7790521946
-91.525388226	-72.7779269209
-91.529186593	-72.7778969183
-91.5290852	-72.7767716499
-91.532883303	-72.7767415748
-91.532781672	-72.7756163116
-91.53657951	-72.775586164
-91.540377334	-72.7755559418
-91.540275213	-72.7744306859
-91.544072772	-72.7744003913
-91.543970413	-72.7732751407
-91.547767707	-72.7732447735
-91.551564988	-72.7732143318
-91.55146214	-72.7720890886
-91.555259155	-72.7720585744
-91.555156069	-72.7709333364
-91.558952819	-72.7709027498
-91.562749556	-72.7708720886
-91.562645981	-72.769746858
-91.56633864	-72.7685908991
-91.566234841	-72.767465677
-91.570030796	-72.7674348731
-91.569926759	-72.7663096562
-91.573722449	-72.7662787799
-91.573618175	-72.7651535683
-91.5774136	-72.7651226196
-91.577309089	-72.7639974134
-91.581104249	-72.7639663923
-91.584794395	-72.7628100978
-91.584689409	-72.7616849022
-91.588484039	-72.7616537363
-91.588378815	-72.760528546
-91.588273606	-72.7594033589
-91.588168411	-72.7582781749
-91.58806323	-72.7571529941
-91.587958062	-72.7560278165
-91.587852909	-72.754902642
-91.587747769	-72.7537774707
-91.587642643	-72.7526523025
-91.587537532	-72.7515271375
-91.587432434	-72.7504019757
-91.58732735	-72.749276817
-91.58722228	-72.7481516615
-91.591013885	-72.748120447
-91.590908578	-72.7469952969
-91.590803285	-72.7458701499
-91.594594374	-72.7458388652
-91.594488845	-72.7447137236
-91.594383329	-72.743588585
-91.598173903	-72.7435572303
-91.598068151	-72.7424320971
-91.597962413	-72.7413069671
-91.597856689	-72.7401818403
-91.597750979	-72.7390567166
-91.597645282	-72.7379315961
-91.59385596	-72.73796294
-91.593750528	-72.7368378205
-91.593645111	-72.7357127042
-91.593539706	-72.734587591
-91.593434316	-72.733462481
-91.59332894	-72.7323373741
-91.593223578	-72.7312122705
-91.59311823	-72.73008717
-91.593012895	-72.7289620726
-91.592907575	-72.7278369785
-91.596694644	-72.727805654
-91.596589088	-72.7266805652
-91.600375893	-72.7266491685
-91.6002701	-72.725524085
-91.600164322	-72.7243990047
-91.603950613	-72.724367538
-91.603844598	-72.723242463
-91.603738597	-72.7221173912
-91.603632611	-72.7209923225
-91.603526638	-72.719867257
-91.603420679	-72.7187421947
-91.603314735	-72.7176171356
-91.603208804	-72.7164920796
-91.603102887	-72.7153670268
-91.602996984	-72.7142419772
-91.602891095	-72.7131169307
-91.602785221	-72.7119918874
-91.599001677	-72.7120233303
-91.598896066	-72.710898288
-91.598790469	-72.7097732489
-91.598684886	-72.708648213
-91.598579316	-72.7075231802
-91.598473761	-72.7063981506
-91.59836822	-72.7052731242
-91.602044488	-72.7041166733
-91.601938725	-72.7029916554
-91.601832976	-72.7018666406
-91.601727241	-72.7007416291
-91.60162152	-72.6996166207
-91.601515813	-72.6984916155
-91.597735263	-72.6985230323
-91.597629819	-72.6973980281
-91.593849505	-72.6974293686
-91.593744324	-72.6963043654
-91.593639157	-72.6951793654
-91.593534004	-72.6940543686
-91.593428865	-72.6929293749
-91.593323739	-72.6918043844
-91.593218628	-72.6906793971
-91.59311353	-72.689554413
-91.593008446	-72.688429432
-91.596786768	-72.6883981088
-91.596681449	-72.6872731332
-91.596576144	-72.6861481607
-91.596470853	-72.6850231915
-91.596365576	-72.6838982254
-91.596260312	-72.6827732624
-91.596155063	-72.6816483027
-91.599931877	-72.6816169183
-91.599826393	-72.6804919638
-91.603602945	-72.6804605074
-91.603497226	-72.6793355583
-91.607273515	-72.6793040299
-91.607167561	-72.6781790862
-91.607061621	-72.6770541457
-91.606955695	-72.6759292083
-91.606849783	-72.6748042741
-91.603074488	-72.6748357939
-91.602968839	-72.6737108607
-91.602863203	-72.6725859307
-91.598983019	-72.671492443
-91.598877659	-72.6703675172
-91.598772314	-72.6692425946
-91.598666982	-72.6681176751
-91.594893151	-72.6681490337
-91.594788081	-72.6670241153
-91.598561665	-72.6669927589
-91.598456361	-72.6658678458
-91.598351071	-72.6647429359
-91.598245795	-72.6636180292
-91.60201862	-72.6635866051
-91.601913109	-72.6624617038
-91.605685672	-72.6624302078
-91.605579927	-72.6613053118
-91.605474196	-72.6601804189
-91.605368479	-72.6590555293
-91.609140283	-72.6590239658
-91.609034332	-72.6578990815
-91.608928395	-72.6567742003
-91.608822472	-72.6556493223
-91.612593518	-72.6556176913
-91.612487361	-72.6544928187
-91.616258145	-72.6544611159
-91.616151753	-72.6533362486
-91.619922276	-72.6533044739
-91.623692784	-72.6532726252
-91.62358591	-72.6521477655
-91.627356157	-72.6521158449
-91.62724905	-72.6509909906
-91.631019034	-72.6509589982
-91.630911693	-72.6498341493
-91.634681415	-72.6498020851
-91.634573841	-72.6486772415
-91.634466281	-72.6475524011
-91.638235493	-72.6475202673
-91.6381277	-72.6463954323
-91.63801992	-72.6452706005
-91.641788623	-72.6452383971
-91.64168061	-72.6441135707
-91.641572611	-72.6429887475
-91.645340804	-72.6429564746
-91.645232572	-72.6418316567
-91.645124354	-72.640706842
-91.64501615	-72.6395820305
-91.644907961	-72.6384572222
-91.644799786	-72.6373324171
-91.644691625	-72.6362076151
-91.644583478	-72.6350828164
-91.644475345	-72.6339580208
-91.644367227	-72.6328332284
-91.644259123	-72.6317084392
-91.648024827	-72.6316761145
-91.64791649	-72.6305513306
-91.647808167	-72.62942655
-91.651573363	-72.6293941558
-91.651464807	-72.6282693806
-91.651356265	-72.6271446086
-91.655120952	-72.6271121449
-91.658885624	-72.6270796074
-91.658776603	-72.625954843
-91.662541014	-72.6259222338
-91.666305411	-72.6258895507
-91.666195909	-72.624764794
-91.669960045	-72.6247320393
-91.66985031	-72.6236072879
-91.673614184	-72.6235744616
-91.673504217	-72.6224497157
-91.673394265	-72.621324973
-91.67715763	-72.6212920772
-91.677047445	-72.62016734
-91.676937275	-72.6190426059
-91.676827119	-72.617917875
-91.676716977	-72.6167931472
-91.6729546	-72.616826034
-91.672844719	-72.6157013072
-91.669082574	-72.6157341178
-91.668972955	-72.6146093919
-91.665211042	-72.6146421264
-91.665101684	-72.6135174015
-91.661340004	-72.61355006
-91.661230907	-72.612425336
-91.661121824	-72.6113006152
-91.657360623	-72.6113331953
-91.657251801	-72.6102084755
-91.657142994	-72.6090837588
-91.657034201	-72.6079590454
-91.656925423	-72.6068343351
-91.656816659	-72.605709628
-91.660576627	-72.605677059
-91.66046763	-72.6045523573
-91.660358648	-72.6034276588
-91.664118109	-72.6033950205
-91.664008895	-72.6022703275
-91.667768095	-72.6022376176
-91.667658648	-72.60111293
-91.667549216	-72.5999882455
-91.663681337	-72.5988962674
-91.66357218	-72.5977715871
-91.663463038	-72.5966469099
-91.663353909	-72.595522236
-91.659596173	-72.5955548586
-91.6557298	-72.5944627323
-91.651972281	-72.5944952052
-91.648214748	-72.5945276044
-91.648106633	-72.5934029279
-91.644349332	-72.5934352511
-91.640592017	-72.5934675006
-91.640484408	-72.5923428228
-91.636727325	-72.5923749963
-91.632970228	-72.5924070961
-91.629213117	-72.5924391221
-91.629106261	-72.591314441
-91.625349382	-72.591346391
-91.621592489	-72.5913782674
-91.617835582	-72.5914100699
-91.617729478	-72.5902853855
-91.617623388	-72.5891607042
-91.617517313	-72.5880360261
-91.617411251	-72.5869113512
-91.617305203	-72.5857866795
-91.617199169	-72.584662011
-91.617093149	-72.5835373457
-91.616987142	-72.5824126836
-91.61688115	-72.5812880246
-91.613126443	-72.5813197339
-91.613020711	-72.580195076
-91.616775172	-72.5801633689
-91.616669207	-72.5790387164
-91.616563257	-72.577914067
-91.612809287	-72.5779457698
-91.612703596	-72.5768211215
-91.612597919	-72.5756964764
-91.608844427	-72.5757281012
-91.608739009	-72.5746034571
-91.608633605	-72.5734788162
-91.604880591	-72.5735103629
-91.604775447	-72.5723857231
-91.601022664	-72.5724171941
-91.600917779	-72.5712925552
-91.600812908	-72.5701679196
-91.597060603	-72.5701993126
-91.596955991	-72.5690746781
-91.593203917	-72.5691059953
-91.593099564	-72.5679813618
-91.589347723	-72.5680126032
-91.589243629	-72.5668879708
-91.58549202	-72.5669191364
-91.581740397	-72.5669502285
-91.57798876	-72.5669812469
-91.577885416	-72.5658566112
-91.574134011	-72.5658875539
-91.570382593	-72.5659184229
-91.566631161	-72.5659492183
-91.562879716	-72.56597994
-91.559128257	-72.5660105881
-91.559026154	-72.5648859452
-91.555274928	-72.5649165176
-91.551523688	-72.5649470163
-91.547772435	-72.5649774415
-91.544021168	-72.565007793
-91.540269888	-72.5650380708
-91.540370764	-72.5661627242
-91.536619226	-72.5661929305
-91.53671987	-72.5673175891
-91.532968073	-72.5673477238
-91.529216262	-72.5673777849
-91.52911611	-72.5662531222
-91.525364532	-72.5662831076
-91.525264638	-72.565158446
-91.521513292	-72.5651883557
-91.521413657	-72.5640636953
-91.517662544	-72.5640935293
-91.513911418	-72.5641232897
-91.513812286	-72.5629986284
-91.510061392	-72.5630283131
-91.506310485	-72.5630579243
-91.506211857	-72.5619332621
-91.502362813	-72.5608381366
-91.502264457	-72.5597134789
-91.49851426	-72.5597429367
-91.494764051	-72.5597723209
-91.494666197	-72.5586476624
-91.490916221	-72.558676971
-91.490818625	-72.5575523136
-91.487068881	-72.5575815466
-91.486971543	-72.5564568904
-91.483222032	-72.5564860479
-91.483124952	-72.5553613929
-91.479375673	-72.5553904747
-91.475529804	-72.5542948273
-91.471780745	-72.5543237599
-91.471684426	-72.5531991054
-91.467935599	-72.5532279625
-91.46418676	-72.5532567461
-91.464090944	-72.5521320909
-91.460342337	-72.5521607988
-91.456593718	-72.5521894332
-91.452845086	-72.552217994
-91.449096441	-72.5522464813
-91.445347785	-72.5522748949
-91.445442375	-72.5533995599
-91.441693461	-72.5534279019
-91.437944534	-72.5534561703
-91.434195595	-72.5534843652
-91.434289463	-72.5546090391
-91.430540266	-72.5546371623
-91.430446644	-72.5535124864
-91.426697681	-72.5535405341
-91.426604316	-72.5524158595
-91.422855585	-72.5524438317
-91.422762478	-72.5513191584
-91.419013981	-72.551347055
-91.415265471	-72.5513748781
-91.411516949	-72.5514026277
-91.407768415	-72.5514303036
-91.407860542	-72.5525549845
-91.404111751	-72.5525825887
-91.400362948	-72.5526101194
-91.396614133	-72.5526375765
-91.392865305	-72.55266496
-91.389116466	-72.5526922699
-91.385367616	-72.5527195062
-91.381618753	-72.5527466689
-91.381528342	-72.5516219749
-91.377779712	-72.5516490622
-91.374031071	-72.5516760759
-91.373941162	-72.5505513815
-91.373851265	-72.5494266902
-91.373761379	-72.5483020022
-91.370013461	-72.5483289368
-91.369923833	-72.5472042502
-91.366086776	-72.5461064241
-91.365997416	-72.544981742
-91.362250209	-72.545008524
-91.362161105	-72.5438838433
-91.358414132	-72.54391055
-91.354578545	-72.5428125019
-91.350743448	-72.5417143799
-91.346908841	-72.540616184
-91.346820763	-72.5394915089
-91.343074723	-72.5395179141
-91.339328671	-72.5395442458
-91.339241094	-72.5384195704
-91.335495276	-72.5384458267
-91.331749447	-72.5384720095
-91.328003606	-72.5384981188
-91.327916775	-72.5373734412
-91.324171167	-72.5373994752
-91.320425548	-72.5374254357
-91.316679918	-72.5374513226
-91.312934277	-72.537477136
-91.309188624	-72.5375028759
-91.309103028	-72.5363781927
-91.305357609	-72.5364038573
-91.301527083	-72.5353047649
-91.297781886	-72.5353302808
-91.294036678	-72.5353557231
-91.293952083	-72.5342310394
-91.290207109	-72.5342564065
-91.286462124	-72.5342817
-91.286378029	-72.5331570161
-91.282633277	-72.5331822344
-91.278888515	-72.5332073792
-91.275143741	-72.5332324505
-91.275060391	-72.5321077647
-91.271315852	-72.5321327608
-91.267571301	-72.5321576834
-91.26382674	-72.5321825325
-91.260082168	-72.5322073081
-91.256337585	-72.5322320102
-91.252592991	-72.5322566388
-91.248848387	-72.5322811939
-91.245103771	-72.5323056755
-91.245022389	-72.5311809793
-91.241278008	-72.5312053857
-91.237533616	-72.5312297186
-91.237452734	-72.5301050224
-91.233708576	-72.5301292801
-91.229964408	-72.5301534644
-91.226220229	-72.5301775752
-91.22247604	-72.5302016124
-91.21873184	-72.5302255762
-91.21498763	-72.5302494665
-91.21124341	-72.5302732833
-91.207499179	-72.5302970266
-91.203754938	-72.5303206964
-91.200010686	-72.5303442927
-91.196266425	-72.5303678155
-91.196188243	-72.5292431045
-91.192444215	-72.5292665522
-91.188700178	-72.5292899264
-91.18495613	-72.5293132271
-91.181212072	-72.5293364543
-91.177468005	-72.529359608
-91.173800641	-72.5305074088
-91.170056309	-72.5305304171
-91.166311966	-72.5305533519
-91.162567614	-72.5305762132
-91.162643605	-72.5317009416
-91.140250348	-72.5329613161
-91.136505437	-72.5329836659
-91.132760517	-72.5330059422
-91.129089395	-72.5341528937
-91.125344211	-72.5341750245
-91.121672345	-72.5353218368
-91.117926897	-72.5353438221
-91.117999991	-72.5364685818
-91.114254288	-72.536490495
-91.110508576	-72.5365123347
-91.110581189	-72.5376371006
-91.106835223	-72.5376588683
-91.103089247	-72.5376805624
-91.10316138	-72.5388053345
-91.09941515	-72.5388269566
-91.099487048	-72.5399517334
-91.095740564	-72.5399732835
-91.09199407	-72.5399947599
-91.092065487	-72.5411195429
-91.088318739	-72.5411409473
-91.084642919	-72.5422870673
-91.084713865	-72.5434118596
-91.080966609	-72.5434331198
-91.081037319	-72.5445579169
-91.081108039	-72.5456827172
-91.081178768	-72.5468075207
-91.077430767	-72.5468287117
-91.07750126	-72.5479535199
-91.073753005	-72.5479746387
-91.073823262	-72.5490994516
-91.070074752	-72.5491204983
-91.066326233	-72.5491414714
-91.062577706	-72.5491623708
-91.062647236	-72.5502871913
-91.058898454	-72.5503080186
-91.055149663	-72.5503287723
-91.051400863	-72.5503494525
-91.051469667	-72.5514742804
-91.047720613	-72.5514948883
-91.043971549	-72.5515154227
-91.040290555	-72.5526607188
-91.036541228	-72.5526811073
-91.036473396	-72.5515562706
-91.032724305	-72.5515765841
-91.028975206	-72.5515968241
-91.028907873	-72.5504719878
-91.025159011	-72.5504921527
-91.02141014	-72.5505122441
-91.01766126	-72.5505322619
-91.017727857	-72.5516571023
-91.013978723	-72.5516770478
-91.01022958	-72.5516969197
-91.010295696	-72.5528217661
-91.006546299	-72.5528415658
-91.002796894	-72.5528612919
-91.002862527	-72.5539861442
-90.999112868	-72.554005798
-90.99904748	-72.5528809443
-90.995298057	-72.5529005232
-90.991548626	-72.5529200284
-90.987799187	-72.5529394601
-90.984049739	-72.5529588181
-90.980300283	-72.5529781025
-90.976550818	-72.5529973133
-90.976614735	-72.5541221749
-90.972865016	-72.5541413134
-90.969115289	-72.5541603783
-90.969178723	-72.5552852458
-90.961741706	-72.5564480305
-90.957991464	-72.5564668772
-90.958054178	-72.557591755
-90.954303682	-72.5576105292
-90.95436616	-72.5587354116
-90.95061541	-72.5587541135
-90.946864652	-72.5587727418
-90.943113886	-72.5587912964
-90.943175635	-72.5599161858
-90.939424616	-72.559934668
-90.935673589	-72.5599530767
-90.935612331	-72.5588281848
-90.931861541	-72.5588465185
-90.928110743	-72.5588647786
-90.924359937	-72.558882965
-90.920609123	-72.5589010778
-90.916858301	-72.558919117
-90.916918332	-72.5600440151
-90.91697837	-72.5611689165
-90.91322705	-72.5611868845
-90.91328685	-72.5623117903
-90.909535276	-72.5623296859
-90.909594839	-72.5634545962
-90.90965441	-72.5645795097
-90.905902337	-72.564597334
-90.90596167	-72.565722252
-90.90602101	-72.5668471732
-90.902268438	-72.5668649263
-90.902327541	-72.567989852
-90.898574715	-72.5680075327
-90.898515858	-72.5668826058
-90.894763271	-72.5669002115
-90.894704667	-72.5657752867
-90.890952318	-72.5657928176
-90.88719996	-72.5658102748
-90.887258072	-72.566935202
-90.883505462	-72.5669525867
-90.879752844	-72.5669698978
-90.879810472	-72.5680948306
-90.876057601	-72.5681120692
-90.872361866	-72.5692541725
-90.868608734	-72.5692712648
-90.86866564	-72.5703962077
-90.864912254	-72.5704132275
-90.864968922	-72.5715381748
-90.861215283	-72.5715551221
-90.861271712	-72.5726800737
-90.861328149	-72.5738050286
-90.861384593	-72.5749299868
-90.857686414	-72.5760718264
-90.857742627	-72.5771967921
-90.857798847	-72.5783217611
-90.854043718	-72.5783385679
-90.854099699	-72.5794635413
-90.850344316	-72.5794802755
-90.850400059	-72.5806052533
-90.846644423	-72.5806219149
-90.846699926	-72.5817468971
-90.842944037	-72.5817634861
-90.842999302	-72.5828884726
-90.839298185	-72.5840299799
-90.839353218	-72.5851549741
-90.835596576	-72.585171419
-90.831839926	-72.5851877901
-90.828083269	-72.5852040875
-90.824326605	-72.5852203111
-90.824272557	-72.5840953125
-90.820516132	-72.5841114612
-90.8167597	-72.5841275362
-90.816706152	-72.5830025386
-90.812949959	-72.5830185388
-90.812896663	-72.5818935434
-90.80914071	-72.5819094687
-90.805384749	-72.5819253202
-90.805437552	-72.5830503178
-90.801681339	-72.5830660967
-90.801733903	-72.5841910986
-90.801786473	-72.5853161038
-90.805543179	-72.5853003227
-90.805596003	-72.5864253301
-90.809352949	-72.5864094742
-90.809406026	-72.5875344837
-90.80945911	-72.5886594964
-90.813216541	-72.5886435645
-90.813269878	-72.5897685794
-90.817027549	-72.5897525727
-90.81708114	-72.5908775897
-90.820839049	-72.5908615081
-90.820892894	-72.5919865272
-90.824651043	-72.5919703707
-90.828409185	-72.5919541405
-90.828463529	-72.5930791606
-90.828517881	-72.594204184
-90.832331114	-72.5953129032
-90.832385726	-72.596437932
-90.832440345	-72.597562964
-90.832494972	-72.5986879992
-90.832549606	-72.5998130377
-90.832604247	-72.6009380794
-90.832658895	-72.6020631243
-90.83271355	-72.6031881724
-90.832768212	-72.6043132238
-90.832822882	-72.6054382785
-90.832877559	-72.6065633364
-90.836638893	-72.6065469439
-90.836693824	-72.6076720039
-90.836748762	-72.6087970671
-90.832986934	-72.6088134618
-90.829225098	-72.6088297826
-90.82551746	-72.6099710994
-90.821755364	-72.6099872736
-90.81799326	-72.610003374
-90.814231149	-72.6100194004
-90.810469032	-72.610035353
-90.806706907	-72.6100512317
-90.802944775	-72.6100670366
-90.799182636	-72.6100827676
-90.795420491	-72.6100984247
-90.791658338	-72.6101140079
-90.791710327	-72.6112390907
-90.787947921	-72.6112546011
-90.787999669	-72.6123796883
-90.791762322	-72.6123641768
-90.791814325	-72.6134892661
-90.795577218	-72.6134736797
-90.799340105	-72.6134580193
-90.799392608	-72.6145831097
-90.803155735	-72.6145673745
-90.803208492	-72.615692467
-90.803261256	-72.6168175628
-90.803314028	-72.6179426618
-90.799550159	-72.6179584003
-90.795786284	-72.617974065
-90.792022402	-72.6179896557
-90.792074438	-72.6191147611
-90.792022402	-72.6179896557
-90.788258513	-72.6180051725
-90.784494617	-72.6180206153
-90.780730715	-72.6180359843
-90.776966806	-72.6180512794
-90.77320289	-72.6180665005
-90.769438967	-72.6180816478
-90.765675038	-72.6180967211
-90.765725344	-72.6192218339
-90.765775656	-72.62034695
-90.76954008	-72.6203318746
-90.769590646	-72.6214569928
-90.769641219	-72.6225821143
-90.773406131	-72.6225669629
-90.773456958	-72.6236920866
-90.77722211	-72.6236768602
-90.780987256	-72.6236615599
-90.781038584	-72.6247866847
-90.784803971	-72.6247713094
-90.78856935	-72.6247558602
-90.78862118	-72.6258809861
-90.792386801	-72.6258654619
-90.792438885	-72.62699059
-90.792490976	-72.6281157213
-90.792543074	-72.6292408559
-90.792595179	-72.6303659937
-90.792647291	-72.6314911348
-90.788880433	-72.6315066643
-90.788932304	-72.6326318097
-90.788984182	-72.6337569582
-90.789036066	-72.63488211
-90.789087958	-72.636007265
-90.789139856	-72.6371324233
-90.789191761	-72.6382575848
-90.78542341	-72.6382730468
-90.785475074	-72.6393982125
-90.781706469	-72.6394136016
-90.781757892	-72.6405387716
-90.781809322	-72.6416639449
-90.778040214	-72.641679262
-90.778091402	-72.6428044396
-90.778142598	-72.6439296204
-90.774372987	-72.6439448656
-90.774423941	-72.6450700507
-90.770654076	-72.6450852229
-90.770704789	-72.6462104123
-90.766934669	-72.6462255115
-90.76698514	-72.6473507051
-90.767035619	-72.648475902
-90.763264996	-72.6484909292
-90.763315233	-72.6496161303
-90.763365476	-72.6507413347
-90.767136595	-72.6507263054
-90.767187093	-72.6518515119
-90.770958453	-72.6518364075
-90.771009206	-72.6529616162
-90.774831816	-72.6540716476
-90.77488283	-72.6551968618
-90.771110732	-72.6552120434
-90.771161505	-72.6563372618
-90.771212284	-72.6574624834
-90.771263071	-72.6585877083
-90.767490221	-72.6586028189
-90.767540765	-72.6597280481
-90.76376766	-72.6597430857
-90.763817963	-72.6608683191
-90.763868272	-72.6619935557
-90.760094663	-72.6620085212
-90.760144731	-72.6631337621
-90.760194805	-72.6642590062
-90.760244886	-72.6653842535
-90.760294973	-72.6665095041
-90.760345067	-72.6676347579
-90.756570209	-72.6676496544
-90.75662006	-72.6687749125
-90.756669919	-72.6699001737
-90.756719784	-72.6710254382
-90.756769656	-72.6721507059
-90.756819534	-72.6732759769
-90.756869419	-72.6744012511
-90.753093061	-72.6744160796
-90.753142703	-72.675541358
-90.753192352	-72.6766666396
-90.753242008	-72.6777919245
-90.757019112	-72.6777770929
-90.757069023	-72.67890238
-90.757118941	-72.6800276703
-90.760896536	-72.6800127625
-90.76094671	-72.6811380549
-90.76099689	-72.6822633507
-90.761047076	-72.6833886496
-90.761097269	-72.6845139518
-90.761147469	-72.6856392571
-90.761197675	-72.6867645658
-90.761247888	-72.6878898776
-90.757468549	-72.6879047926
-90.757518519	-72.6890301087
-90.757568496	-72.690155428
-90.753788651	-72.6901702708
-90.753838385	-72.6912955943
-90.753888126	-72.6924209211
-90.753937874	-72.6935462511
