> -L"antarctic_islands_coastlines"
-147.899413974	-77.0771484518
-147.91881481	-77.0745047024
-147.921512134	-77.0735417714
-147.925815505	-77.0741452857
-147.928512228	-77.0731822816
-147.931208545	-77.0722192509
-147.933904458	-77.0712561935
-147.940902956	-77.0708963666
-147.943597863	-77.0699332095
-147.946292364	-77.0689700259
-147.950595367	-77.0695731185
-147.953289267	-77.0686098619
-147.955982763	-77.0676465787
-147.960285777	-77.0682495068
-147.962978672	-77.0672861507
-147.965671163	-77.0663227679
-147.969974188	-77.0669255317
-147.972666077	-77.065962076
-147.975357562	-77.0649985938
-147.978048643	-77.0640350851
-147.98073932	-77.0630715498
-147.983429593	-77.062107988
-147.986119461	-77.0611443996
-147.988808926	-77.0601807848
-147.991497987	-77.0592171434
-147.994186644	-77.0582534756
-147.989885389	-77.057651129
-147.99257384	-77.056687481
-147.990961428	-77.0551214809
-147.993649268	-77.0541578262
-147.989349411	-77.0535554752
-147.992037044	-77.0525918404
-147.987737786	-77.0519894641
-147.990425212	-77.0510258491
-147.986126554	-77.0504234475
-147.981828299	-77.0498209744
-147.984515715	-77.0488574254
-147.98021806	-77.048254927
-147.975920808	-77.047652357
-147.971623959	-77.0470497154
-147.97431156	-77.0460862789
-147.97001531	-77.045483612
-147.965719464	-77.0448808737
-147.96142402	-77.0442780638
-147.957128979	-77.0436751823
-147.959816962	-77.0427119045
-147.95552252	-77.0421089978
-147.951228481	-77.0415060197
-147.946934845	-77.04090297
-147.942641611	-77.0402998489
-147.938348781	-77.0396966563
-147.935659821	-77.0406597027
-147.931367198	-77.0400563924
-147.927074978	-77.0394530105
-147.924385224	-77.0404159378
-147.920093212	-77.0398124382
-147.917402859	-77.0407752925
-147.914712104	-77.0417381203
-147.910420105	-77.0411344566
-147.907728751	-77.0420972115
-147.90343696	-77.0414934301
-147.900745008	-77.042456112
-147.896453425	-77.0418522129
-147.893760875	-77.0428148218
-147.8894695	-77.0422108049
-147.886776352	-77.0431733409
-147.882485186	-77.0425692063
-147.879791439	-77.0435316693
-147.875500482	-77.0429274169
-147.872806137	-77.0438898069
-147.868515389	-77.0432854367
-147.865820446	-77.0442477537
-147.861529907	-77.0436432658
-147.858834365	-77.0446055097
-147.854544035	-77.0440009041
-147.851847896	-77.044963075
-147.849151353	-77.0459252191
-147.846454406	-77.0468873366
-147.843757055	-77.0478494273
-147.8410593	-77.0488114913
-147.836768402	-77.0482065824
-147.834070048	-77.0491685733
-147.831371291	-77.0501305375
-147.827080409	-77.0495254644
-147.824381052	-77.0504873553
-147.821681292	-77.0514492196
-147.817390426	-77.0508439823
-147.814690067	-77.0518057733
-147.810399411	-77.0512004183
-147.80610916	-77.0505949919
-147.803408009	-77.0515566633
-147.799117968	-77.0509511192
-147.796416218	-77.0519127173
-147.792126389	-77.0513070554
-147.78942404	-77.0522685803
-147.786721287	-77.0532300784
-147.78401813	-77.0541915496
-147.781314567	-77.0551529941
-147.785605172	-77.0557588418
-147.782901398	-77.0567203059
-147.784488617	-77.0582876125
-147.781784227	-77.0592490694
-147.779079431	-77.0602104995
-147.776374231	-77.0611719027
-147.773668625	-77.062133279
-147.770962614	-77.0630946285
-147.768256197	-77.0640559511
-147.765549375	-77.0650172469
-147.7671355	-77.0665846859
-147.76442806	-77.0675459744
-147.761720214	-77.068507236
-147.766014361	-77.0691134278
-147.763306303	-77.0700747091
-147.760597839	-77.0710359634
-147.764892779	-77.0716421771
-147.769188125	-77.0722483193
-147.773483878	-77.0728543902
-147.777780036	-77.0734603897
-147.782076601	-77.0740663178
-147.786373571	-77.0746721745
-147.783665866	-77.0756336812
-147.787963437	-77.076239513
-147.792261414	-77.0768452734
-147.796559798	-77.0774509624
-147.79385227	-77.0784125819
-147.798151254	-77.0790182459
-147.795443514	-77.0799798851
-147.792735368	-77.0809414974
-147.790026816	-77.0819030829
-147.787317856	-77.0828646415
-147.78460849	-77.0838261731
-147.781898718	-77.0847876779
-147.779188538	-77.0857491558
-147.776477952	-77.0867106068
-147.772177411	-77.0861045702
-147.769466224	-77.0870659476
-147.766754629	-77.0880272981
-147.764042627	-77.0889886217
-147.761330218	-77.0899499184
-147.758617401	-77.0909111881
-147.762918915	-77.0915174577
-147.760205886	-77.0924787471
-147.757492449	-77.0934400095
-147.761794759	-77.0940463009
-147.759081109	-77.095007583
-147.763384022	-77.0956138496
-147.760670159	-77.0965751513
-147.764973673	-77.097181393
-147.769277595	-77.0977875632
-147.766563715	-77.0987489313
-147.770868239	-77.0993550766
-147.773581925	-77.0983936619
-147.777886663	-77.0989996891
-147.782191808	-77.0996056447
-147.784904696	-77.0986441097
-147.789210054	-77.0992499472
-147.79192234	-77.0982883387
-147.79622791	-77.0988940579
-147.798939593	-77.0979323759
-147.803245376	-77.0985379769
-147.805956456	-77.0975762214
-147.808667128	-77.0966144389
-147.811377393	-77.0956526296
-147.814087251	-77.0946907934
-147.816796702	-77.0937289303
-147.819505746	-77.0927670404
-147.822214382	-77.0918051235
-147.824922612	-77.0908431799
-147.829227239	-77.0914483366
-147.831934866	-77.0904863195
-147.834642087	-77.0895242756
-147.8373489	-77.0885622048
-147.841653348	-77.0891671503
-147.844359559	-77.0882050062
-147.847065364	-77.0872428352
-147.849770763	-77.0862806375
-147.85407503	-77.0868853717
-147.856779826	-77.0859231007
-147.859484216	-77.0849608028
-147.863788499	-77.0855653724
-147.866492286	-77.0846030012
-147.869195668	-77.0836406033
-147.871898644	-77.0826781787
-147.876202745	-77.0832825371
-147.878905119	-77.0823200392
-147.88320943	-77.0829242795
-147.885911202	-77.0819617083
-147.888612568	-77.0809991105
-147.891313528	-77.0800364859
-147.894014082	-77.0790738345
-147.896714231	-77.0781111565
-147.899413974	-77.0771484518
