> -L"antarctic_islands_coastlines"
-146.484617587	-80.1853872233
-146.490204301	-80.1860179518
-146.495791737	-80.186648588
-146.501379895	-80.1872791319
-146.506968774	-80.1879095835
-146.510666873	-80.1869568734
-146.516256167	-80.1875871702
-146.521846182	-80.1882173747
-146.527436919	-80.1888474867
-146.533028378	-80.1894775063
-146.536724527	-80.1885245076
-146.5423164	-80.1891543724
-146.546011521	-80.188201272
-146.551603807	-80.188830982
-146.5608906	-80.1885073352
-146.570176776	-80.188183432
-146.57577061	-80.18881274
-146.579462336	-80.1878592725
-146.585056582	-80.1884884256
-146.588747279	-80.1875348566
-146.594341938	-80.1881638549
-146.598031606	-80.1872101844
-146.603626676	-80.1878390279
-146.607315315	-80.186885256
-146.612910797	-80.1875139446
-146.616598406	-80.1865600712
-146.622194299	-80.187188605
-146.625880878	-80.1862346303
-146.631477182	-80.1868630092
-146.640759447	-80.1865371572
-146.646356881	-80.1871652886
-146.650041091	-80.186211049
-146.655638935	-80.1868390256
-146.661237499	-80.1874669095
-146.66492037	-80.1865125063
-146.670519343	-80.1871402353
-146.679800566	-80.186813305
-146.685400668	-80.1874407863
-146.694681677	-80.187113445
-146.700282907	-80.1877406786
-146.703962064	-80.1867858475
-146.709563702	-80.1874129262
-146.715166059	-80.1880399121
-146.718843874	-80.1870849177
-146.724446639	-80.1877117486
-146.730050123	-80.1883384867
-146.733726595	-80.1873833291
-146.739330486	-80.1880099122
-146.748610224	-80.1876810816
-146.75421524	-80.1883074168
-146.757889337	-80.187351995
-146.763494759	-80.1879781752
-146.7691009	-80.1886042624
-146.774707761	-80.1892302567
-146.783987465	-80.188900449
-146.789595449	-80.1895261952
-146.795204152	-80.1901518485
-146.800813574	-80.1907774087
-146.806423715	-80.191402876
-146.810093866	-80.1904468797
-146.815704411	-80.1910721917
-146.821315675	-80.1916974108
-146.824984478	-80.1907412516
-146.830596146	-80.1913663154
-146.839875987	-80.1910349641
-146.845488777	-80.1916597796
-146.849155198	-80.1907033568
-146.854768392	-80.1913280172
-146.858433779	-80.1903714937
-146.864047375	-80.1909959988
-146.867711729	-80.1900393746
-146.873325727	-80.1906637246
-146.876989047	-80.1897069998
-146.882603447	-80.1903311945
-146.888218565	-80.190955296
-146.891880535	-80.1899984086
-146.897496055	-80.1906223549
-146.901156991	-80.1896653668
-146.906772912	-80.1902891579
-146.916049135	-80.1899557051
-146.921666174	-80.1905792477
-146.925324724	-80.1896219966
-146.930942164	-80.1902453839
-146.93656032	-80.1908686778
-146.940217519	-80.1899112643
-146.945836075	-80.190534403
-146.949492239	-80.1895768891
-146.955111194	-80.1901998725
-146.960730867	-80.1908227625
-146.964385678	-80.1898650862
-146.97000575	-80.1904878209
-146.973659526	-80.1895300444
-146.982932737	-80.1891947468
-146.988553605	-80.1898171709
-146.997826576	-80.1894814624
-147.003448559	-80.1901036376
-147.00709891	-80.1891454983
-147.01272129	-80.1897675182
-147.016370606	-80.1888092787
-147.021993382	-80.1894311432
-147.027616875	-80.1900529142
-147.031264836	-80.1890945127
-147.036888725	-80.1897161283
-147.04053565	-80.1887576266
-147.046159935	-80.1893790869
-147.055430505	-80.1890417899
-147.061055901	-80.1896630012
-147.064700434	-80.1887042375
-147.068344251	-80.1877454357
-147.073969722	-80.1883664297
-147.083238368	-80.1880283665
-147.088864949	-80.1886491114
-147.092506373	-80.1876900479
-147.098133348	-80.1883106374
-147.101773735	-80.1873514739
-147.107401104	-80.1879719079
-147.111040455	-80.1870126446
-147.116668217	-80.1876329232
-147.125934686	-80.1872936831
-147.135200511	-80.1869541878
-147.140829774	-80.1875740617
-147.144465692	-80.1866144372
-147.150095347	-80.1872341557
-147.159360275	-80.1868939943
-147.164991035	-80.1875134636
-147.168624557	-80.1865535778
-147.174255709	-80.1871728915
-147.177888194	-80.1862129061
-147.183519736	-80.1868320643
-147.187151184	-80.1858719792
-147.192783116	-80.1864909819
-147.198415763	-80.1871098908
-147.20204585	-80.1861496444
-147.211307936	-80.1858080518
-147.214936271	-80.184847668
-147.220569373	-80.1854662041
-147.224196671	-80.1845057208
-147.229830163	-80.1851241013
-147.233456423	-80.1841635186
-147.237081971	-80.183202898
-147.242715526	-80.1838210614
-147.246340036	-80.1828603414
-147.25197398	-80.1834783492
-147.255597452	-80.1825175298
-147.261231784	-80.1831353821
-147.264854219	-80.1821744634
-147.274110335	-80.181831142
-147.2833658	-80.1814875659
-147.289001293	-80.1821049514
-147.292620615	-80.1811437349
-147.301874778	-80.1807996491
-147.305492351	-80.1798382956
-147.311128289	-80.1804553085
-147.314744824	-80.1794938559
-147.320381148	-80.1801107132
-147.323996646	-80.1791491615
-147.329633355	-80.1797658632
-147.333247814	-80.1788042124
-147.338884908	-80.1794207585
-147.34249833	-80.1784590086
-147.348135808	-80.1790753992
-147.351748192	-80.1781135502
-147.357386053	-80.1787297852
-147.3609974	-80.1777678372
-147.366635645	-80.1783839166
-147.370245953	-80.1774218697
-147.379493852	-80.1770756476
-147.385132863	-80.1776914158
-147.388741096	-80.176729171
-147.394380489	-80.1773447835
-147.397987684	-80.1763824399
-147.403627459	-80.1769978968
-147.407233615	-80.1760354544
-147.412873773	-80.1766507557
-147.42211943	-80.1763033601
-147.427760679	-80.1769184115
-147.433402637	-80.1775333687
-147.437006059	-80.1765706058
-147.442648398	-80.1771854074
-147.448291447	-80.1778001147
-147.451893501	-80.1768371917
-147.45753693	-80.1774517432
-147.463181069	-80.1780662005
-147.466781754	-80.1771031175
-147.476025919	-80.1767542373
-147.479624856	-80.1757910184
-147.473980997	-80.1751768396
-147.471936736	-80.173599433
-147.466294625	-80.1729851268
-147.460653223	-80.1723707264
-147.455012529	-80.1717562317
-147.445772339	-80.1721045309
-147.440132735	-80.1714897863
-147.430892267	-80.1718376756
-147.425253752	-80.1712226813
-147.419615945	-80.1706075928
-147.413978847	-80.1699924101
-147.408342458	-80.1693771333
-147.411945342	-80.1684146508
-147.415547517	-80.1674521309
-147.409912492	-80.1668368827
-147.413514287	-80.1658743868
-147.407880298	-80.1652591059
-147.411481712	-80.164296634
-147.415082418	-80.1633341248
-147.420715751	-80.1639492831
-147.424315421	-80.1629866753
-147.429949134	-80.1636016781
-147.439181862	-80.163253819
-147.444816663	-80.1638685723
-147.450452171	-80.1644832313
-147.454049113	-80.1635203037
-147.459685	-80.1641348073
-147.465321595	-80.1647492167
-147.474554146	-80.1644003832
-147.480191827	-80.1650145429
-147.485830215	-80.1656286084
-147.489424098	-80.1646652998
-147.500702337	-80.1658930255
-147.509934704	-80.1655432173
-147.513526182	-80.1645796507
-147.51916641	-80.1651931553
-147.524807345	-80.1658065655
-147.539680786	-80.1660692542
-147.548911922	-80.1657183731
-147.554555024	-80.1663312834
-147.563785874	-80.1659799928
-147.569430057	-80.1665926531
-147.578660619	-80.166240953
-147.584305884	-80.1668533631
-147.593536157	-80.1665012535
-147.602765766	-80.1661488902
-147.606348323	-80.1651843299
-147.61199471	-80.165796273
-147.615576229	-80.1648316146
-147.621222989	-80.1654434021
-147.624803469	-80.1644786457
-147.630450602	-80.1650902774
-147.634030044	-80.164125423
-147.63760878	-80.1631605318
-147.631962313	-80.1625490223
-147.635540677	-80.1615841553
-147.629895248	-80.1609726123
-147.624250524	-80.1603609749
-147.618606506	-80.1597492429
-147.616542181	-80.1581727571
-147.610899904	-80.1575608973
-147.605258333	-80.156948943
-147.599617466	-80.1563368944
-147.603196745	-80.1553723814
-147.608837281	-80.1559843689
-147.612415524	-80.155019758
-147.615993063	-80.1540551102
-147.621633639	-80.1546668811
-147.625210142	-80.1537021354
-147.634426556	-80.1533489071
-147.640067876	-80.1539603671
-147.643642306	-80.1529954256
-147.652857391	-80.1526416906
-147.66207181	-80.1522877024
-147.667714243	-80.1528986957
-147.671285564	-80.1519334608
-147.676928367	-80.1525442986
-147.680498651	-80.151578966
-147.684068232	-80.1506135966
-147.689711072	-80.1512242179
-147.693279617	-80.1502587509
-147.698922826	-80.1508692166
-147.702490334	-80.1499036519
-147.706057139	-80.1489380506
-147.711700384	-80.1495482999
-147.715266153	-80.1485826009
-147.71883122	-80.1476168654
-147.724474499	-80.1482268982
-147.750012398	-80.1455826408
-147.753572953	-80.1446165396
-147.757132806	-80.1436504019
-147.762776184	-80.1442597855
-147.766335001	-80.1432935504
-147.775536527	-80.1429364461
-147.779093607	-80.1419700772
-147.782649987	-80.1410036718
-147.786205667	-80.1400372301
-147.789760646	-80.1390707518
-147.793314925	-80.1381042372
-147.787673192	-80.1374953742
-147.791227106	-80.1365288839
-147.79478032	-80.1355623572
-147.798332836	-80.1345957942
-147.803973564	-80.1352044749
-147.807525045	-80.1342378146
-147.811075826	-80.133271118
-147.816716583	-80.1338795826
-147.82026633	-80.1329127889
-147.823815378	-80.1319459588
-147.829456163	-80.1325542072
-147.833004177	-80.1315872801
-147.838645325	-80.1321953731
-147.842192305	-80.131228349
-147.847833815	-80.1318362866
-147.85137976	-80.1308691655
-147.857021633	-80.1314769477
-147.860566544	-80.1305097297
-147.866208779	-80.1311173565
-147.869752655	-80.1301500415
-147.873295834	-80.1291826903
-147.876838314	-80.1282153029
-147.882480238	-80.128822653
-147.886021684	-80.1278551688
-147.880380097	-80.1272478794
-147.87828063	-80.1256730961
-147.869099016	-80.1260330164
-147.863459522	-80.1254254429
-147.85991673	-80.1263926845
-147.854277596	-80.1257849557
-147.848639161	-80.1251771322
-147.845095	-80.1261442163
-147.839456926	-80.1255362375
-147.835911732	-80.1265032246
-147.83027402	-80.1258950905
-147.826727793	-80.1268619807
-147.821090444	-80.1262536913
-147.811906198	-80.1266120398
-147.806269911	-80.1260035005
-147.802721283	-80.1269701359
-147.797085358	-80.1263614414
-147.787900137	-80.1267191299
-147.782265275	-80.1261101857
-147.778714248	-80.1270765661
-147.77307975	-80.1264674666
-147.76952769	-80.1274337499
-147.763893557	-80.1268244951
-147.760340465	-80.1277906812
-147.754706697	-80.1271812712
-147.751152572	-80.1281473601
-147.74551917	-80.1275377948
-147.736330976	-80.127894066
-147.727142116	-80.1282500847
-147.721510145	-80.1276401146
-147.717952591	-80.1286058508
-147.712320987	-80.1279957255
-147.7087624	-80.1289613643
-147.703131163	-80.1283510838
-147.693940674	-80.1287061896
-147.688310504	-80.1280956596
-147.684749522	-80.1290610427
-147.67911972	-80.1284503575
-147.673490617	-80.127839578
-147.669928272	-80.1288048029
-147.664299538	-80.1281938682
-147.658671504	-80.1275828393
-147.64948013	-80.1279367217
-147.643853166	-80.1273254434
-147.638226901	-80.1267140709
-147.6346615	-80.127678918
-147.629035605	-80.1270673904
-147.62341041	-80.1264557686
-147.619843648	-80.1274204572
-147.614218823	-80.1268086803
-147.610651031	-80.1277732712
-147.605026577	-80.1271613393
-147.601457754	-80.1281258326
-147.59583367	-80.1275137455
-147.592263817	-80.1284781411
-147.588693262	-80.1294424998
-147.594318005	-80.1300547087
-147.596372853	-80.1316312673
-147.601999328	-80.1322433489
-147.607626504	-80.1328553362
-147.609684075	-80.1344318194
-147.615312984	-80.1350436793
-147.620942595	-80.135655445
-147.617372248	-80.1366201201
-147.613801199	-80.1375847584
-147.604598845	-80.1379374112
-147.601026061	-80.1389019149
-147.59539583	-80.1382898111
-147.591822014	-80.1392542169
-147.588247495	-80.140218586
-147.582617306	-80.1396062658
-147.579041754	-80.140570537
-147.573411937	-80.1399580616
-147.564205909	-80.1403096042
-147.560628292	-80.1412736795
-147.551420572	-80.141624871
-147.53658387	-80.141362713
-147.530956251	-80.1407495226
-147.521747962	-80.1410998971
-147.516121421	-80.1404864574
-147.512539016	-80.1414500184
-147.50691285	-80.1408364235
-147.501287387	-80.1402227346
-147.495662628	-80.1396089517
-147.492078535	-80.1405722922
-147.486454152	-80.1399583541
-147.480830473	-80.139344322
-147.47724502	-80.1403075033
-147.471621717	-80.1396933161
-147.468035234	-80.1406563991
-147.462412307	-80.1400420568
-147.458824792	-80.1410050415
-147.455236573	-80.1419679892
-147.449613696	-80.1413534306
-147.446024445	-80.1423162799
-147.44243449	-80.143279092
-147.43884383	-80.144241867
-147.435252466	-80.1452046047
-147.429628986	-80.1445897074
-147.42603659	-80.1455523468
-147.420413488	-80.1449372944
-147.41682006	-80.1458998353
-147.407602878	-80.1462470701
-147.401980535	-80.1456317074
-147.396358897	-80.1450162508
-147.392763079	-80.1459785335
-147.387141822	-80.1453629217
-147.381521269	-80.1447472162
-147.375901423	-80.1441314168
-147.370282282	-80.1435155236
-147.364663847	-80.1428995366
-147.361065696	-80.1438614757
-147.355447642	-80.1432453336
-147.349830293	-80.1426290979
-147.346230787	-80.143590877
-147.340613819	-80.1429744862
-147.334997557	-80.1423580017
-147.331396697	-80.1433196208
-147.325780817	-80.1427029813
-147.322178927	-80.1436645018
-147.316563429	-80.1430477072
-147.312960509	-80.1440091289
-147.307345393	-80.1433921794
-147.303741443	-80.1443535023
-147.300136786	-80.1453147878
-147.29452173	-80.1446976219
-147.290916043	-80.1456588085
-147.28730965	-80.1466199576
-147.27808723	-80.1469636256
-147.268864164	-80.1473070397
-147.263249936	-80.1466893476
-147.257636415	-80.1460715618
-147.254026609	-80.1470323527
-147.248413473	-80.146414412
-147.244802637	-80.1473751039
-147.239189886	-80.1467570082
-147.23557802	-80.1477176011
-147.231965446	-80.1486781564
-147.222739156	-80.1490203005
-147.219124844	-80.1499807189
-147.215509824	-80.1509410997
-147.20628083	-80.1512827914
-147.193433403	-80.1525843737
-147.189814906	-80.1535444806
-147.186195699	-80.1545045498
-147.180582565	-80.1538854655
-147.176962328	-80.1548454354
-147.173341381	-80.1558053675
-147.167728314	-80.1551860666
-147.164106337	-80.1561458993
-147.158493659	-80.1555264434
-147.154870651	-80.1564861768
-147.149258362	-80.1558665659
-147.143646782	-80.1552468615
-147.140022424	-80.156206434
-147.134411234	-80.1555865746
-147.128800754	-80.1549666219
-147.123190984	-80.1543465757
-147.119564956	-80.1553059256
-147.113955576	-80.1546857245
-147.108346907	-80.1540654301
-147.104719529	-80.1550246188
-147.099111251	-80.1544041695
-147.093503682	-80.1537836268
-147.089874956	-80.1547426544
-147.084267779	-80.1541219568
-147.078661312	-80.153501166
-147.069425163	-80.1538390867
-147.060188377	-80.1541767528
-147.048979143	-80.152934272
-147.039742507	-80.1532713739
-147.034139349	-80.1526498388
-147.028536901	-80.1520282106
-147.019300416	-80.1523647484
-147.013699073	-80.1517428723
-147.008098441	-80.151120903
-147.004462348	-80.1520790008
-146.99886211	-80.1514568768
-146.993262582	-80.1508346597
-146.989625146	-80.1517925959
-146.984026013	-80.1511702241
-146.978427592	-80.1505477592
-146.974788812	-80.1515055339
-146.969190785	-80.1508829143
-146.954356428	-80.1505949475
-146.945118756	-80.1509294387
-146.939522944	-80.1503063238
-146.933927843	-80.149683116
-146.930285037	-80.1506404056
-146.924690333	-80.1500170431
-146.919096341	-80.1493935878
-146.915452195	-80.1503507156
-146.909858599	-80.1497271056
-146.906213428	-80.1506841334
-146.902567544	-80.1516411228
-146.896974032	-80.1510172964
-146.893327123	-80.1519741857
-146.887734009	-80.1513502047
-146.884086074	-80.1523069938
-146.880437426	-80.1532637444
-146.874844397	-80.1526395471
-146.871194724	-80.1535961975
-146.865602094	-80.1529718455
-146.861951394	-80.1539283957
-146.852707438	-80.1542603389
-146.847115608	-80.1536356777
-146.843462857	-80.1545920273
-146.837871426	-80.1539672115
-146.834217649	-80.1549234607
-146.828626619	-80.1542984902
-146.824971816	-80.1552546391
-146.819381187	-80.154629514
-146.813791271	-80.1540042963
-146.810135131	-80.1549602829
-146.804545616	-80.1543349106
-146.800888451	-80.1552907966
-146.795299338	-80.1546652698
-146.791641147	-80.1556210553
-146.786052436	-80.1549953739
-146.78239322	-80.155951059
-146.776804911	-80.155325223
-146.77314467	-80.1562808075
-146.767556764	-80.155654817
-146.763895498	-80.1566103009
-146.760233517	-80.1575657461
-146.754645704	-80.1569395391
-146.750982697	-80.1578948836
-146.741731257	-80.158223766
-146.738066511	-80.1591789711
-146.728813424	-80.1595074975
-146.725146938	-80.1604625631
-146.721479736	-80.1614175899
-146.712223978	-80.1617456594
-146.708555035	-80.1627005466
-146.714143187	-80.1633275271
-146.710473839	-80.1642824374
-146.716063016	-80.1649093874
-146.72165291	-80.1655362448
-146.727243519	-80.1661630095
-146.723574387	-80.1671180671
-146.729166023	-80.1677448012
-146.725496484	-80.168699882
-146.72182623	-80.169654924
-146.716233972	-80.1690280658
-146.71256269	-80.1699830068
-146.708890691	-80.170937909
-146.70329853	-80.1703108341
-146.694033748	-80.1706384056
-146.690359695	-80.1715931059
-146.686684925	-80.1725477673
-146.681093267	-80.1719203208
-146.677417469	-80.1728748812
-146.668149393	-80.1732017393
-146.664471851	-80.1741561596
-146.658880698	-80.1735283416
-146.649611385	-80.1738546882
-146.640341453	-80.1741807789
-146.631070903	-80.1745066137
-146.627389251	-80.1754606294
-146.621799735	-80.1748321927
-146.618117057	-80.1757861071
-146.612527951	-80.1751575158
-146.608844245	-80.1761113289
-146.603255549	-80.1754825829
-146.599570817	-80.1764362947
-146.593982532	-80.175807394
-146.584708898	-80.1761319492
-146.575434649	-80.1764562484
-146.566159785	-80.1767802915
-146.562470946	-80.1777335977
-146.556884307	-80.1771040785
-146.55319444	-80.1780572833
-146.547608214	-80.1774276095
-146.543917321	-80.1783807127
-146.540225708	-80.1793337767
-146.534639588	-80.178703886
-146.530946949	-80.1796568484
-146.525361242	-80.1790268031
-146.521667576	-80.179979664
-146.516082283	-80.1793494641
-146.512387591	-80.1803022233
-146.506802712	-80.1796718688
-146.503106993	-80.1806245263
-146.497522529	-80.1799940172
-146.493825784	-80.1809465731
-146.488241734	-80.1803159094
-146.484543963	-80.1812683635
-146.478960328	-80.1806375452
-146.469678312	-80.1809589248
-146.465978488	-80.1819111754
-146.462277943	-80.1828633865
-146.458576676	-80.1838155582
-146.46416081	-80.1844467181
-146.460459127	-80.1853989127
-146.466044288	-80.1860300428
-146.484617587	-80.1853872233
