> -L"antarctic_islands_coastlines"
-45.859599887	-60.545323982
-45.858028098	-60.544572677
-45.856502692	-60.545346829
-45.854977203	-60.5461209638
-45.85345163	-60.5468950811
-45.855023427	-60.5476464557
-45.853497773	-60.5484205789
-45.851972035	-60.5491946847
-45.850446214	-60.5499687732
-45.84887441	-60.549217329
-45.847348502	-60.549991377
-45.84582251	-60.5507654075
-45.844250785	-60.5500138983
-45.842679143	-60.5492623703
-45.841153063	-60.5500363371
-45.839626899	-60.5508102865
-45.838055336	-60.5500586934
-45.836529086	-60.5508326023
-45.834957604	-60.5500809673
-45.833431268	-60.5508548356
-45.831904848	-60.5516286866
-45.830333445	-60.5508769865
-45.828806939	-60.5516507969
-45.827280349	-60.5524245899
-45.825709025	-60.5516728246
-45.824137784	-60.5509210407
-45.822566628	-60.550169238
-45.820995555	-60.5494174166
-45.822522154	-60.5486437164
-45.820951167	-60.5478918995
-45.819380264	-60.5471400638
-45.820906785	-60.5463663926
-45.819335968	-60.5456145615
-45.820862407	-60.544840896
-45.822388762	-60.5440672132
-45.820818034	-60.5433154097
-45.822344308	-60.5425417327
-45.823870499	-60.5417680383
-45.825396605	-60.5409943266
-45.823825968	-60.540242574
-45.825351993	-60.539468868
-45.826877935	-60.5386951447
-45.825307386	-60.5379434197
-45.823736921	-60.5371916761
-45.822166539	-60.5364399137
-45.820596241	-60.5356881327
-45.819026026	-60.5349363329
-45.817455895	-60.5341845144
-45.815885848	-60.5334326773
-45.814315884	-60.5326808215
-45.812746004	-60.5319289469
-45.814271884	-60.5311554149
-45.81270209	-60.5304035448
-45.811132379	-60.5296516561
-45.809562752	-60.5288997487
-45.808036865	-60.5296732112
-45.80646732	-60.5289212619
-45.804941347	-60.5296946839
-45.80341529	-60.5304680885
-45.801845824	-60.5297160742
-45.800319681	-60.5304894382
-45.798750296	-60.5297373821
-45.797224067	-60.5305107056
-45.795654763	-60.5297586076
-45.794128449	-60.5305318905
-45.792602051	-60.531305156
-45.791075569	-60.5320784042
-45.789506342	-60.5313262179
-45.787979774	-60.5320994255
-45.786453123	-60.5328726157
-45.784883975	-60.5321203645
-45.783357238	-60.5328935141
-45.781830417	-60.5336666463
-45.780261347	-60.53291433
-45.778734441	-60.5336874216
-45.777207451	-60.5344604959
-45.77563846	-60.5337081146
-45.774111384	-60.5344811482
-45.772584224	-60.5352541645
-45.771056981	-60.5360271633
-45.769529654	-60.5368001447
-45.771098653	-60.5375526187
-45.769571245	-60.5383256059
-45.768002243	-60.5375731087
-45.766474749	-60.5383460553
-45.764947171	-60.5391189845
-45.763378248	-60.5383664223
-45.76180941	-60.5376138414
-45.763336992	-60.5368409586
-45.761768239	-60.5360883822
-45.76019957	-60.5353357872
-45.758630984	-60.5345831736
-45.757103395	-60.5353559868
-45.755534891	-60.5346033314
-45.753966471	-60.5338506572
-45.752438793	-60.5346234067
-45.750870454	-60.5338706908
-45.749302199	-60.5331179562
-45.747734027	-60.532365203
-45.746206259	-60.5331378655
-45.744638169	-60.5323850704
-45.743070162	-60.5316322568
-45.744597934	-60.5308596406
-45.743030013	-60.5301068315
-45.744557703	-60.5293342211
-45.742989868	-60.5285814165
-45.744517477	-60.5278088118
-45.742949727	-60.5270560118
-45.744477255	-60.5262834129
-45.746004698	-60.5255107966
-45.744437037	-60.5247580243
-45.745964399	-60.5239854137
-45.747491678	-60.5232127857
-45.745924105	-60.5224600411
-45.747451302	-60.5216874189
-45.745883814	-60.5209346788
-45.74431641	-60.5201819202
-45.742789208	-60.5209544961
-45.741221885	-60.5202016956
-45.738127356	-60.5202213887
-45.736599983	-60.5209938834
-45.735032823	-60.5202409993
-45.733505364	-60.5210134534
-45.731938285	-60.5202605276
-45.730410741	-60.5210329411
-45.728843743	-60.5202799735
-45.72727683	-60.5195269873
-45.725709999	-60.5187739825
-45.724182365	-60.519546309
-45.722615616	-60.5187932624
-45.721048951	-60.5180401972
-45.719482369	-60.5172871134
-45.717915871	-60.516534011
-45.716349457	-60.51578089
-45.717877102	-60.5150086793
-45.716310773	-60.5142555628
-45.714744527	-60.5135024278
-45.713178365	-60.5127492742
-45.711612287	-60.511996102
-45.710084634	-60.51276822
-45.708518637	-60.5120150061
-45.706952723	-60.5112617735
-45.705424982	-60.5120338278
-45.70385915	-60.5112805535
-45.702331324	-60.5120525672
-45.700765573	-60.5112992511
-45.699237661	-60.5120712242
-45.697709665	-60.5128431798
-45.696181586	-60.513615118
-45.694653423	-60.5143870387
-45.693125177	-60.515158942
-45.694690938	-60.5159123739
-45.69316261	-60.5166842828
-45.691634199	-60.5174561744
-45.690105704	-60.5182280484
-45.690142978	-60.519753411
-45.688614318	-60.5205252733
-45.687085575	-60.5212971182
-45.685556748	-60.5220689456
-45.68712269	-60.5228225025
-45.685593781	-60.5235943356
-45.687159809	-60.5243478971
-45.685630818	-60.5251197359
-45.684101745	-60.5258915572
-45.682572587	-60.5266633611
-45.681006554	-60.52590973
-45.679477311	-60.5266814932
-45.677947985	-60.527453239
-45.676382031	-60.526699543
-45.674852619	-60.5274712481
-45.673286746	-60.5267175103
-45.671757249	-60.5274891748
-45.670191458	-60.5267353953
-45.668661875	-60.527507019
-45.667096166	-60.5267531978
-45.665566497	-60.5275247809
-45.66400087	-60.5267709179
-45.662471116	-60.5275424604
-45.660941278	-60.5283139853
-45.659411356	-60.5290854927
-45.657845807	-60.5283315417
-45.6563158	-60.5291030085
-45.654785709	-60.5298744577
-45.656351262	-60.5306284551
-45.65482109	-60.5313999101
-45.653290834	-60.5321713476
-45.651760495	-60.5329427675
-45.650230071	-60.5337141699
-45.64866451	-60.5329600798
-45.647134001	-60.5337314416
-45.645603409	-60.5345027858
-45.644072733	-60.5352741126
-45.64250725	-60.5345199343
-45.640976488	-60.5352912203
-45.639445643	-60.5360624889
-45.637914714	-60.5368337399
-45.636383702	-60.5376049734
-45.634852606	-60.5383761893
-45.636418098	-60.5391304835
-45.63488692	-60.5399017052
-45.636452498	-60.540656004
-45.634921238	-60.5414272313
-45.633389894	-60.5421984411
-45.631858467	-60.5429696333
-45.630326956	-60.543740808
-45.631892625	-60.544495181
-45.630361032	-60.5452663614
-45.628829356	-60.5460375243
-45.627297596	-60.5468086696
-45.625765752	-60.5475797974
-45.624233824	-60.5483509076
-45.622701813	-60.5491220003
-45.621169718	-60.5498930755
-45.619637539	-60.5506641331
-45.618105276	-60.5514351731
-45.616539591	-60.5506805914
-45.615007243	-60.5514515907
-45.613441639	-60.5506969672
-45.61187612	-60.5499423252
-45.610343684	-60.5507132605
-45.608778247	-60.5499585768
-45.607212893	-60.5492038744
-45.60568037	-60.5499747459
-45.604115098	-60.5492200018
-45.60254991	-60.5484652392
-45.601017299	-60.5492360467
-45.599452193	-60.5484812424
-45.597919498	-60.5492520091
-45.596354473	-60.5484971631
-45.594821692	-60.549267889
-45.593288828	-60.5500385975
-45.591723884	-60.5492836865
-45.590190933	-60.5500543541
-45.588626071	-60.5492994015
-45.587093036	-60.5500700283
-45.585528256	-60.5493150339
-45.583963559	-60.548560021
-45.582430437	-60.5493305839
-45.580865822	-60.5485755293
-45.579332614	-60.5493460515
-45.577768082	-60.5485909551
-45.576203633	-60.5478358402
-45.574639269	-60.5470807069
-45.573105972	-60.5478511419
-45.571541689	-60.5470959668
-45.570008306	-60.547866361
-45.56847484	-60.5486367376
-45.570039126	-60.5493919591
-45.568505578	-60.5501623413
-45.57006995	-60.5509175675
-45.568536319	-60.5516879553
-45.570100776	-60.5524431862
-45.568567064	-60.5532135796
-45.567033267	-60.5539839555
-45.565499387	-60.5547543138
-45.563965424	-60.5555246545
-45.562431376	-60.5562949776
-45.560897245	-60.5570652831
-45.55936303	-60.557835571
-45.557798562	-60.5570801777
-45.556264261	-60.5578504248
-45.554699875	-60.5570949899
-45.553165489	-60.5578651962
-45.551601185	-60.5571097195
-45.550036965	-60.5563542243
-45.548502492	-60.5571243666
-45.546938354	-60.5563688298
-45.545403795	-60.5571389312
-45.543869153	-60.5579090151
-45.542334427	-60.5586790813
-45.540799618	-60.55944913
-45.539264724	-60.560219161
-45.537729747	-60.5609891744
-45.536165683	-60.5602334798
-45.534630621	-60.5610034524
-45.533095474	-60.5617734073
-45.531531491	-60.5610176478
-45.529996259	-60.561787562
-45.528460944	-60.5625574584
-45.526897041	-60.5618016341
-45.52536164	-60.5625714897
-45.52379782	-60.5618156236
-45.522262334	-60.5625854385
-45.520698596	-60.5618295307
-45.519163024	-60.5625993047
-45.517599368	-60.5618433552
-45.516063712	-60.5626130884
-45.514500138	-60.5618570972
-45.512936649	-60.5611010877
-45.511400905	-60.5618707567
-45.509837498	-60.5611147055
-45.508274174	-60.5603586357
-45.506710935	-60.5596025475
-45.505147779	-60.5588464408
-45.503584707	-60.5580903157
-45.505120458	-60.5573207627
-45.503557472	-60.5565646423
-45.501994569	-60.5558085034
-45.503530239	-60.5550389791
-45.501967421	-60.554282845
-45.503503009	-60.5535133263
-45.505038514	-60.5527437899
-45.503475783	-60.5519876837
-45.505011205	-60.5512181529
-45.506546543	-60.5504486045
-45.508081798	-60.5496790384
-45.509616969	-60.5489094547
-45.508054327	-60.5481534228
-45.50649177	-60.5473973725
-45.50802686	-60.5466278176
-45.509561866	-60.545858245
-45.507999395	-60.5451022226
-45.50953432	-60.5443326556
-45.51106916	-60.5435630709
-45.509506776	-60.5428070765
-45.507944475	-60.5420510636
-45.506382259	-60.5412950323
-45.504847414	-60.5420645474
-45.503285279	-60.5413084744
-45.501750349	-60.5420779487
-45.500188297	-60.541321834
-45.498626328	-60.540565701
-45.500161261	-60.5397962731
-45.498599378	-60.5390401448
-45.500134228	-60.5382707225
-45.49857243	-60.5375145989
-45.497010715	-60.5367584569
-45.495475862	-60.5375278329
-45.493940924	-60.5382971912
-45.492405903	-60.5390665319
-45.490870799	-60.5398358549
-45.48933561	-60.5406051603
-45.487773972	-60.5398488839
-45.484703342	-60.5413873954
-45.483141784	-60.5406310542
-45.481606342	-60.5414002603
-45.480070816	-60.5421694488
-45.478535206	-60.5429386196
-45.476999513	-60.5437077727
-45.475463736	-60.5444769082
-45.4770253	-60.5452333653
-45.475489441	-60.5460025063
-45.473953498	-60.5467716297
-45.475515149	-60.5475281148
-45.473979123	-60.5482972437
-45.472443014	-60.5490663549
-45.470906821	-60.5498354485
-45.469345166	-60.5490788938
-45.467783595	-60.5483223207
-45.466247316	-60.5490913502
-45.464685827	-60.5483347354
-45.463149462	-60.5491037241
-45.461613014	-60.549872695
-45.460051606	-60.5491160155
-45.458515073	-60.5498849456
-45.456978456	-60.550653858
-45.455417129	-60.5498971136
-45.453880427	-60.5506659852
-45.455441755	-60.5514227527
-45.45390497	-60.5521916298
-45.455466383	-60.5529484022
-45.453929516	-60.5537172847
-45.452368102	-60.5529604892
-45.45083115	-60.5537293309
-45.449294114	-60.5544981549
-45.44773278	-60.5537412945
-45.446195659	-60.5545100777
-45.444658455	-60.5552788431
-45.443097202	-60.5545219179
-45.441559913	-60.5552906425
-45.439998743	-60.5545336756
-45.438461368	-60.5553023593
-45.436923909	-60.5560710253
-45.435386367	-60.5568396735
-45.433848741	-60.5576083041
-45.432287649	-60.556851226
-45.430749938	-60.5576198157
-45.429212143	-60.5583883876
-45.427674264	-60.5591569419
-45.426136301	-60.5599254784
-45.424598255	-60.5606939972
-45.423060125	-60.5614624983
-45.421521911	-60.5622309817
-45.42308301	-60.5629882222
-45.421544714	-60.5637567111
-45.420006333	-60.5645251823
-45.418467869	-60.5652936357
-45.416929321	-60.5660620714
-45.418490509	-60.5668193863
-45.416951878	-60.5675878276
-45.415413164	-60.568356251
-45.416974438	-60.569113594
-45.418535797	-60.5698709185
-45.416997001	-60.5706393707
-45.418558445	-60.5713967
-45.417019566	-60.5721651577
-45.415480603	-60.5729335976
-45.413941557	-60.5737020199
-45.412402427	-60.5744704244
-45.410840978	-60.5737130022
-45.409301762	-60.5744813657
-45.407740396	-60.5737239019
-45.406201096	-60.5744922245
-45.404661711	-60.5752605293
-45.403122243	-60.5760288164
-45.40158269	-60.5767970858
-45.400043054	-60.5775653374
-45.398503334	-60.5783335712
-45.39696353	-60.5791017874
-45.398524904	-60.5798594137
-45.396985018	-60.5806276353
-45.395445047	-60.5813958391
-45.393904992	-60.5821640252
-45.392364853	-60.5829321935
-45.390803474	-60.5821744743
-45.38924218	-60.5814167367
-45.387701955	-60.5821848408
-45.386140743	-60.5814270615
-45.384600433	-60.5821951247
-45.383060039	-60.58296317
-45.381519561	-60.5837311977
-45.379978999	-60.5844992075
-45.378438353	-60.5852671996
-45.379999571	-60.5860250949
-45.381560873	-60.5867829719
-45.383122259	-60.5875408305
-45.381581532	-60.5883088745
-45.383143003	-60.5890667379
-45.384704558	-60.5898245829
-45.38316375	-60.5905926556
-45.38472539	-60.5913505054
-45.386287114	-60.5921083369
-45.384746224	-60.5928764383
-45.38320525	-60.5936445218
-45.38476706	-60.5944023814
-45.383226003	-60.5951704704
-45.384787899	-60.5959283348
-45.383246759	-60.5966964293
-45.38480874	-60.5974542985
-45.383267517	-60.5982223984
-45.381705535	-60.597464506
-45.380164228	-60.5982325649
-45.378602329	-60.5974746309
-45.377060936	-60.5982426488
-45.375519459	-60.5990106489
-45.373977899	-60.5997786313
-45.375539801	-60.600536635
-45.373998157	-60.6013046228
-45.375560144	-60.6020626315
-45.377122215	-60.6028206217
-45.37868437	-60.6035785935
-45.38024661	-60.6043365469
-45.381788249	-60.6035684662
-45.383350571	-60.604326378
-45.384912978	-60.6050842713
-45.383371341	-60.6058523986
-45.384933832	-60.6066102968
-45.386496408	-60.6073681766
-45.388059068	-60.608126038
-45.389621811	-60.6088838809
-45.388080095	-60.6096520833
-45.389642924	-60.6104099311
-45.388101124	-60.611178139
-45.389664038	-60.6119359916
-45.388122156	-60.612704205
-45.386580189	-60.6134724005
-45.38814319	-60.6142302812
-45.38660114	-60.6149984822
-45.385059006	-60.6157666655
-45.386622093	-60.6165245742
-45.385079876	-60.6172927629
-45.383537575	-60.6180609338
-45.38199519	-60.6188290869
-45.380452721	-60.6195972221
-45.378889629	-60.6188392204
-45.377326621	-60.6180812002
-45.375784066	-60.6188492711
-45.374221141	-60.6180912093
-45.372658301	-60.617333129
-45.371095545	-60.6165750303
-45.369552902	-60.6173430138
-45.368010174	-60.6181109794
-45.3664475	-60.6173528158
-45.364904687	-60.6181207404
-45.363361791	-60.6188886471
-45.36181881	-60.619656536
-45.360275745	-60.6204244072
-45.358732595	-60.6211922605
-45.360295275	-60.6219505403
-45.358752042	-60.622718399
-45.357208726	-60.6234862399
-45.355665325	-60.624254063
-45.357228092	-60.6250123942
-45.355684608	-60.6257802228
-45.35724746	-60.6265385588
-45.355703893	-60.6273063928
-45.354160242	-60.6280742089
-45.352616506	-60.6288420072
-45.351072687	-60.6296097877
-45.349528783	-60.6303775503
-45.347984795	-60.6311452951
-45.346440722	-60.6319130221
-45.344896565	-60.6326807312
-45.343352325	-60.6334484225
-45.341808	-60.6342160959
-45.343370946	-60.6349746462
-45.341826538	-60.635742325
-45.340282045	-60.6365099861
-45.338737468	-60.6372776292
-45.337174518	-60.6365190092
-45.335629856	-60.6372866112
-45.33408511	-60.6380541954
-45.332540279	-60.6388217618
-45.330977411	-60.6380630535
-45.329432495	-60.6388305788
-45.32786971	-60.6380718289
-45.326324709	-60.6388393129
-45.324762007	-60.6380805214
-45.32319939	-60.6373217114
-45.321636857	-60.6365628831
-45.323181861	-60.6357954688
-45.321619413	-60.6350366453
-45.323164334	-60.6342692364
-45.32470917	-60.6335018097
-45.323146808	-60.6327430144
-45.324691562	-60.631975593
-45.326236231	-60.6312081538
-45.327780815	-60.6304406967
-45.329325316	-60.6296732218
-45.327763042	-60.6289145012
-45.327745271	-60.6273883159
-45.326183167	-60.6266295817
-45.324621147	-60.6258708292
-45.326165483	-60.6251034116
-45.324603548	-60.6243446639
-45.323041697	-60.6235858979
-45.321479931	-60.6228271135
-45.323024185	-60.6220597478
-45.321462504	-60.6213009683
-45.319918248	-60.6220683107
-45.31835665	-60.6213094895
-45.31681231	-60.6220767908
-45.315267885	-60.6228440743
-45.313706369	-60.6220851882
-45.312161859	-60.6228524306
-45.313723376	-60.6236113399
-45.312178782	-60.6243785876
-45.313740384	-60.6251375018
-45.312195708	-60.6259047549
-45.310650947	-60.6266719902
-45.309106102	-60.6274392076
-45.307561173	-60.6282064072
-45.30601616	-60.6289735889
-45.304454553	-60.6282145584
-45.302909455	-60.628981699
-45.301364272	-60.6297488216
-45.299802748	-60.6289897263
-45.29825748	-60.6297568078
-45.296712128	-60.6305238715
-45.295150687	-60.6297647113
-45.29360525	-60.6305317338
-45.292043892	-60.629772532
-45.290482618	-60.6290133118
-45.288921428	-60.6282540732
-45.287375904	-60.6290210081
-45.285814798	-60.6282617279
-45.284269189	-60.6290286217
-45.282723496	-60.6297954975
-45.281177718	-60.6305623555
-45.282738827	-60.6313217054
-45.281192966	-60.6320885687
-45.279647021	-60.6328554142
-45.278100992	-60.6336222417
-45.276539881	-60.632862822
-45.274978853	-60.6321033839
-45.273432738	-60.632870147
-45.271871795	-60.6321106673
-45.270325594	-60.6328773893
-45.268764734	-60.632117868
-45.267203958	-60.6313583284
-45.265657672	-60.6321249859
-45.26409698	-60.6313654047
-45.265643267	-60.6305987704
-45.264082659	-60.6298391941
-45.262522136	-60.6290795995
-45.260961697	-60.6283199865
-45.259401343	-60.6275603553
-45.257855053	-60.6283268965
-45.256294781	-60.6275672236
-45.254748406	-60.6283337237
-45.256308678	-60.6290934198
-45.25476222	-60.6298599252
-45.253215677	-60.6306264127
-45.251669051	-60.6313928823
-45.250108776	-60.6306331164
-45.248562064	-60.6313995448
-45.247001874	-60.6306397373
-45.245455077	-60.6314061246
-45.24389497	-60.6306462755
-45.242348088	-60.6314126215
-45.240801122	-60.6321789497
-45.239241097	-60.6314190358
-45.237681157	-60.6306591035
-45.239228125	-60.6298928219
-45.237668269	-60.6291328946
-45.237655383	-60.627606696
-45.236095697	-60.6268467554
-45.237642498	-60.6260805077
-45.236082897	-60.625320572
-45.234536095	-60.6260867964
-45.232976577	-60.6253268192
-45.231417144	-60.6245668236
-45.229870257	-60.6253329836
-45.228323285	-60.6260991257
-45.226763935	-60.6253390653
-45.225216878	-60.6261051662
-45.226776229	-60.6268652498
-45.225229089	-60.627631356
-45.223681865	-60.6283974442
-45.225241302	-60.6291575561
-45.223693994	-60.6299236497
-45.225253516	-60.6306837665
-45.223706125	-60.6314498654
-45.222158649	-60.6322159464
-45.220611089	-60.6329820094
-45.219063445	-60.6337480545
-45.217515717	-60.6345140816
-45.215956192	-60.6337538485
-45.214408379	-60.6345198344
-45.212860481	-60.6352858024
-45.211301039	-60.6345255045
-45.209753057	-60.6352914312
-45.208193699	-60.6345310917
-45.206634425	-60.6337707339
-45.205086357	-60.6345365962
-45.203527166	-60.6337761969
-45.201979014	-60.634542018
-45.200419907	-60.6337815771
-45.198871669	-60.6345473569
-45.197312646	-60.6337868745
-45.195764324	-60.6345526131
-45.194215917	-60.6353183337
-45.192667426	-60.6360840364
-45.194226451	-60.6368445887
-45.192677877	-60.6376102967
-45.194236986	-60.6383708539
-45.192688328	-60.6391365672
-45.194247522	-60.6398971294
-45.195806801	-60.6406576733
-45.197366164	-60.641418199
-45.198925612	-60.6421787063
-45.200474268	-60.6414128999
-45.202033799	-60.6421733657
-45.203593414	-60.6429338132
-45.205141985	-60.6421679424
-45.206690471	-60.6414020535
-45.208250169	-60.6421624362
-45.209798571	-60.6413965061
-45.211358353	-60.6421568472
-45.212918219	-60.64291717
-45.21447817	-60.6436774745
-45.212929771	-60.6444434744
-45.214489807	-60.6452037838
-45.212941323	-60.645969789
-45.214501444	-60.6467301034
-45.212952877	-60.6474961139
-45.214513083	-60.6482564333
-45.216073373	-60.6490167344
-45.217633747	-60.6497770172
-45.219194206	-60.6505372816
-45.217645558	-60.6513033673
-45.219206101	-60.6520636367
-45.220766729	-60.6528238878
-45.219217998	-60.653590002
-45.220778711	-60.6543502581
-45.219229895	-60.6551163776
-45.217680995	-60.6558824792
-45.216132011	-60.6566485629
-45.217692811	-60.6574088704
-45.216143743	-60.6581749594
-45.21459459	-60.6589410304
-45.213045354	-60.6597070834
-45.211496032	-60.6604731184
-45.209946627	-60.6612391355
-45.208397137	-60.6620051345
-45.206836334	-60.6612446873
-45.205286759	-60.6620106451
-45.203726039	-60.6612501562
-45.202176379	-60.6620160728
-45.200615744	-60.6612555423
-45.199065999	-60.6620214176
-45.197505447	-60.6612608455
-45.195955617	-60.6620266795
-45.194405702	-60.6627924956
-45.192845234	-60.6620318586
-45.191295234	-60.6627976334
-45.189745151	-60.6635633901
-45.188194982	-60.6643291289
-45.186644729	-60.6650948497
-45.185084343	-60.6643341013
-45.183534005	-60.6650997808
-45.181983583	-60.6658654423
-45.18042328	-60.665104629
-45.178872773	-60.6658702492
-45.177312554	-60.6651093943
-45.175761962	-60.6658749732
-45.174201827	-60.6651140768
-45.17265115	-60.6658796144
-45.171100388	-60.666645134
-45.169549542	-60.6674106356
-45.167998611	-60.6681761192
-45.166447596	-60.6689415847
-45.164896497	-60.6697070323
-45.163345313	-60.6704724618
-45.164905452	-60.6712335212
-45.163354184	-60.671998956
-45.161802831	-60.6727643728
-45.160251394	-60.6735297715
-45.161811619	-60.6742908826
-45.160260098	-60.6750562866
-45.158708493	-60.6758216726
-45.160268803	-60.6765828119
-45.158717113	-60.6773482032
-45.157165339	-60.6781135764
-45.155613481	-60.6788789316
-45.154061538	-60.6796442687
-45.15250951	-60.6804095878
-45.154069907	-60.6811708254
-45.152517795	-60.6819361497
-45.150965599	-60.6827014561
-45.149413318	-60.6834667444
-45.150973801	-60.6842280335
-45.149421436	-60.6849933271
-45.150982004	-60.6857546212
-45.149429555	-60.68651992
-45.150990207	-60.6872812192
-45.152550944	-60.6880425001
-45.154111766	-60.6888037627
-45.155664214	-60.688038394
-45.15722512	-60.688799615
-45.158777482	-60.688034205
-45.16032976	-60.6872687769
-45.161881954	-60.6865033307
-45.163434063	-60.6857378666
-45.164986087	-60.6849723843
-45.166538027	-60.6842068841
-45.168089882	-60.6834413658
-45.169641652	-60.6826758295
-45.171202639	-60.6834368458
-45.172754324	-60.6826712682
-45.174315395	-60.6834322428
-45.17587655	-60.6841931992
-45.17742815	-60.6834275569
-45.17898939	-60.6841884717
-45.180540904	-60.6834227881
-45.182092335	-60.6826570865
-45.183653658	-60.6834179363
-45.182102228	-60.6841836612
-45.183663636	-60.684944516
-45.185225128	-60.6857053525
-45.183673615	-60.686471106
-45.185235192	-60.6872319475
-45.183683595	-60.6879977063
-45.185245258	-60.6887585528
-45.183693576	-60.6895243169
-45.182141811	-60.6902900629
-45.18058996	-60.6910557909
-45.182151709	-60.691816689
-45.180599774	-60.6925824223
-45.179047755	-60.6933481376
-45.177495651	-60.6941138348
-45.179057486	-60.6948747845
-45.177505298	-60.695640487
-45.175953026	-60.6964061715
-45.177514947	-60.6971671495
-45.17596259	-60.6979328392
-45.177524596	-60.6986938222
-45.175972155	-60.6994595172
-45.17441963	-60.7002251942
-45.175981721	-60.7009862055
-45.177543898	-60.7017471985
-45.179106159	-60.7025081731
-45.180668504	-60.7032691294
-45.182221027	-60.7025033591
-45.183783457	-60.7032642737
-45.185345972	-60.70402517
-45.183793449	-60.7047909869
-45.182240842	-60.7055567858
-45.180688151	-60.7063225666
-45.182250752	-60.7070835146
-45.180697976	-60.7078493007
-45.179145115	-60.7086150687
-45.17759217	-60.7093808187
-45.179154857	-60.7101418183
-45.177601828	-60.7109075736
-45.1791646	-60.7116685781
-45.177611487	-60.7124343387
-45.176058288	-60.7132000812
-45.177621146	-60.7139611141
-45.179184089	-60.7147221286
-45.177630807	-60.7154878997
-45.179193835	-60.7162489192
-45.177640469	-60.7170146956
-45.176087018	-60.717780454
-45.174533483	-60.7185461943
-45.172979862	-60.7193119165
-45.171426157	-60.7200776207
-45.169863126	-60.7193164845
-45.168309336	-60.7200821473
-45.16675546	-60.7208477921
-45.1652015	-60.7216134187
-45.163647455	-60.7223790273
-45.165210488	-60.7231402568
-45.163656359	-60.7239058707
-45.165219477	-60.7246671051
-45.163665263	-60.7254327242
-45.165228467	-60.7261939637
-45.163674169	-60.7269595881
-45.165237457	-60.7277208325
-45.163683075	-60.7284864622
-45.162119786	-60.7277251944
-45.160565319	-60.7284907826
-45.159002114	-60.7277294732
-45.157447562	-60.72849502
-45.155892924	-60.7292605488
-45.154338202	-60.7300260595
-45.155901408	-60.7307874389
-45.154346601	-60.7315529549
-45.152791709	-60.7323184527
-45.154355001	-60.7330798605
-45.152800025	-60.7338453636
-45.151244964	-60.7346108486
-45.149681671	-60.7338493941
-45.148118464	-60.7330879213
-45.146563317	-60.7338533416
-45.145000194	-60.7330918271
-45.143444962	-60.7338572059
-45.141889645	-60.7346225666
-45.140334243	-60.7353879092
-45.141897368	-60.7361494937
-45.140341882	-60.7369148416
-45.141905092	-60.7376764311
-45.143468387	-60.7384380023
-45.145031767	-60.7391995552
-45.146595231	-60.7399610897
-45.148158781	-60.7407226059
-45.149722415	-60.7414841037
-45.151286135	-60.7422455832
-45.152849939	-60.7430070444
-45.154405421	-60.7422415097
-45.15596931	-60.7430029292
-45.157533284	-60.7437643303
-45.15908868	-60.7429987309
-45.160652738	-60.7437600904
-45.16220805	-60.7429944495
-45.163772192	-60.7437557673
-45.165327418	-60.742990085
-45.166891645	-60.743751361
-45.168446786	-60.7429856373
-45.170001841	-60.7422198955
-45.171556812	-60.7414541356
-45.173111698	-60.7406883577
-45.174666499	-60.7399225617
-45.173102274	-60.7391614024
-45.174656991	-60.7383956116
-45.176211622	-60.7376298028
-45.177766169	-60.7368639759
-45.179320631	-60.7360981309
-45.180875008	-60.7353322679
-45.1824293	-60.7345663868
-45.183983507	-60.7338004876
-45.18553763	-60.7330345704
-45.187091667	-60.7322686351
-45.18864562	-60.7315026817
-45.190199488	-60.7307367103
-45.188635354	-60.7299757894
-45.190189138	-60.7292098233
-45.191742837	-60.7284438391
-45.193296451	-60.7276778369
-45.19484998	-60.7269118166
-45.196403424	-60.7261457783
-45.197956784	-60.7253797219
-45.199520914	-60.7261405028
-45.201074188	-60.7253744051
-45.202627377	-60.7246082893
-45.204180482	-60.7238421555
-45.202616353	-60.7230814446
-45.204169374	-60.7223153161
-45.205722309	-60.7215491695
-45.20727516	-60.7207830049
-45.208827926	-60.7200168223
-45.210380607	-60.7192506216
-45.211933203	-60.718484403
-45.210369163	-60.7177238137
-45.211921676	-60.7169576003
-45.213474103	-60.7161913689
-45.211910149	-60.7154308079
-45.213462493	-60.7146645818
-45.215014751	-60.7138983377
-45.216578704	-60.714658852
-45.218130877	-60.7138925666
-45.219682966	-60.7131262631
-45.221247002	-60.7138867124
-45.222799005	-60.7131203676
-45.224350923	-60.7123540048
-45.225902757	-60.711587624
-45.227454506	-60.7108212251
-45.22900617	-60.7100548083
-45.227442138	-60.7092944755
-45.22900617	-60.7100548083
-45.23055775	-60.7092883734
-45.232109245	-60.7085219206
-45.233660655	-60.7077554497
-45.23522477	-60.7085156941
-45.236776095	-60.7077491819
-45.238340295	-60.7085093846
-45.239891534	-60.7077428311
-45.241442689	-60.7069762596
-45.242993758	-60.7062096702
-45.244544744	-60.7054430627
-45.242980547	-60.7046829533
-45.244531448	-60.7039163512
-45.242967337	-60.7031562467
-45.244518154	-60.7023896499
-45.242954129	-60.7016295503
-45.244504862	-60.7008629589
-45.246055511	-60.7000963494
-45.244491571	-60.6993362781
-45.246042136	-60.698569674
-45.247592616	-60.6978030519
-45.249143012	-60.6970364118
-45.250693323	-60.6962697538
-45.252257259	-60.6970297318
-45.253807485	-60.6962630325
-45.255357626	-60.6954963152
-45.256907682	-60.6947295799
-45.258471701	-60.6954894696
-45.260021672	-60.6947226931
-45.261585775	-60.6954825411
-45.263149963	-60.6962423708
-45.264714235	-60.697002182
-45.266278592	-60.6977619749
-45.267828475	-60.6969950871
-45.269392916	-60.6977548383
-45.270942713	-60.6969879092
-45.272507238	-60.6977476187
-45.27405695	-60.6969806484
-45.275606578	-60.6962136601
-45.277156121	-60.6954466539
-45.278705579	-60.6946796297
-45.280254953	-60.6939125876
-45.281804242	-60.6931455276
-45.283353447	-60.6923784496
-45.284902567	-60.6916113536
-45.283338049	-60.6908518306
-45.284887085	-60.6900847401
-45.286436036	-60.6893176315
-45.287984903	-60.6885505051
-45.286420472	-60.6877910336
-45.287969256	-60.6870239125
-45.28640491	-60.686264446
-45.28795361	-60.6854973302
-45.28638935	-60.6847378686
-45.287937966	-60.6839707582
-45.286373791	-60.6832113015
-45.287922323	-60.6824441965
-45.286358234	-60.6816847446
-45.284794229	-60.6809252744
-45.286342678	-60.6801581981
-45.284778759	-60.6793987327
-45.286327125	-60.6786316618
-45.287891043	-60.6793911038
-45.289439323	-60.6786239916
-45.291003326	-60.679383392
-45.292567412	-60.6801427739
-45.294115606	-60.6793755972
-45.295679776	-60.6801349375
-45.297244031	-60.6808942593
-45.298808371	-60.6816535628
-45.300372795	-60.6824128478
-45.301937303	-60.6831721144
-45.303485408	-60.6824048033
-45.30505	-60.6831640282
-45.30659802	-60.6823966759
-45.308145955	-60.6816293056
-45.30971063	-60.6823884655
-45.311258479	-60.6816210541
-45.312806245	-60.6808536247
-45.314371002	-60.6816127196
-45.315918682	-60.680845249
-45.317483523	-60.6816043022
-45.319031117	-60.6808367904
-45.320578627	-60.6800692607
-45.322143551	-60.6808282488
-45.323690975	-60.6800606779
-45.325238314	-60.6792930891
-45.326785569	-60.6785254824
-45.325220648	-60.6777665642
-45.32676782	-60.6769989629
-45.325202984	-60.6762400495
-45.326750072	-60.6754724536
-45.328297076	-60.6747048398
-45.329843995	-60.6739372081
-45.331408827	-60.6746960516
-45.332955661	-60.6739283788
-45.334520577	-60.6746871805
-45.336085577	-60.6754459639
-45.337650662	-60.6762047288
-45.339197409	-60.6754369682
-45.337650662	-60.6762047288
-45.339215832	-60.6769634753
-45.337669003	-60.6777312413
-45.339234258	-60.6784899927
-45.340799597	-60.6792487256
-45.342346425	-60.6784809129
-45.343911848	-60.6792396041
-45.345477356	-60.6799982768
-45.347024097	-60.6792303997
-45.348589688	-60.6799890307
-45.350136343	-60.6792211124
-45.351682914	-60.6784531763
-45.353229401	-60.6776852222
-45.353210215	-60.6761587125
-45.354756534	-60.675390746
-45.353191032	-60.674632213
-45.351625615	-60.6738736616
-45.350060283	-60.6731150918
-45.348495035	-60.6723565035
-45.346929871	-60.6715978968
-45.34847611	-60.6708300289
-45.346911032	-60.670071427
-45.348457188	-60.6693035645
-45.346892195	-60.6685449675
-45.348438267	-60.6677771105
-45.349984255	-60.6670092355
-45.351549246	-60.667767786
-45.353095148	-60.6669998699
-45.354640966	-60.6662319359
-45.357751771	-60.6662224462
-45.359297419	-60.6654544533
-45.360842982	-60.6646864425
-45.362408136	-60.6654448396
-45.363953614	-60.6646767876
-45.365499008	-60.6639087178
-45.367044317	-60.6631406301
-45.368589541	-60.6623725246
-45.370134682	-60.6616044013
-45.371699915	-60.6623626635
-45.373244969	-60.661594499
-45.37478994	-60.6608263167
-45.376355255	-60.6615845139
-45.37790014	-60.6608162904
-45.37944494	-60.6600480491
-45.381010338	-60.6608061814
-45.382555052	-60.6600378989
-45.384099683	-60.6592695987
-45.382534288	-60.658511513
-45.384078835	-60.6577432182
-45.382513525	-60.6569851374
-45.384057989	-60.656216848
-45.385602368	-60.6554485409
-45.384037145	-60.6546904881
-45.382472006	-60.653932417
-45.384016304	-60.6531641385
-45.385560517	-60.6523958422
-45.387104645	-60.6516275281
-45.38864869	-60.6508591962
-45.39019265	-60.6500908464
-45.391736525	-60.6493224788
-45.393301657	-60.6500804104
-45.394845447	-60.6493120017
-45.396389153	-60.6485435752
-45.397932774	-60.6477751309
-45.399497987	-60.6485329742
-45.401041523	-60.6477644888
-45.402584974	-60.6469959856
-45.404128342	-60.6462274646
-45.405671625	-60.6454589258
-45.407214823	-60.6446903692
-45.408780114	-60.6454480776
-45.410323227	-60.64467948
-45.411866256	-60.6439108645
-45.413431629	-60.6446685079
-45.414974573	-60.6438998514
-45.416540029	-60.6446574531
-45.418082886	-60.6438887555
-45.41962566	-60.6431200401
-45.421168349	-60.6423513069
-45.422710954	-60.6415825559
-45.424253474	-60.6408137872
-45.42579591	-60.6400450007
-45.427361443	-60.6408024443
-45.428927061	-60.6415598694
-45.430492762	-60.642317276
-45.42895033	-60.6430861324
-45.427407813	-60.6438549709
-45.428973601	-60.6446124056
-45.427431002	-60.6453812497
-45.425888318	-60.6461500759
-45.424345549	-60.6469188844
-45.422802696	-60.6476876751
-45.424368574	-60.6484451844
-45.422825638	-60.6492139806
-45.421282618	-60.6499827589
-45.422848583	-60.6507402963
-45.421305479	-60.6515090802
-45.42287153	-60.6522666223
-45.421328343	-60.6530354117
-45.422894479	-60.6537929586
-45.42135121	-60.6545617535
-45.422917431	-60.6553193052
-45.421374078	-60.6560881055
-45.422940385	-60.6568456621
-45.424506777	-60.6576032002
-45.426050127	-60.6568343533
-45.427616601	-60.6575918496
-45.42918316	-60.6583493274
-45.430726424	-60.6575804162
-45.432293066	-60.6583378523
-45.433836243	-60.6575689
-45.435402968	-60.6583262943
-45.43694606	-60.6575573009
-45.438512868	-60.6583146534
-45.440055875	-60.657545619
-45.441622766	-60.6583029297
-45.443189742	-60.6590602219
-45.444732661	-60.6582911231
-45.44629972	-60.6590483736
-45.447842553	-60.6582792337
-45.449385303	-60.6575100761
-45.450952443	-60.6582672615
-45.452495107	-60.6574980628
-45.454037686	-60.6567288464
-45.455604908	-60.6574859667
-45.457147401	-60.6567167092
-45.45868981	-60.6559474339
-45.460232135	-60.6551781409
-45.461774375	-60.6544088301
-45.463341676	-60.6551658388
-45.464883831	-60.6543964869
-45.466425901	-60.6536271173
-45.467967886	-60.65285773
-45.469509788	-60.6520883249
-45.471051605	-60.651318902
-45.46948431	-60.6505620097
-45.471026044	-60.6497925924
-45.472567694	-60.6490231573
-45.474109259	-60.6482537044
-45.472542053	-60.6474968634
-45.474083536	-60.6467274161
-45.475624934	-60.645957951
-45.477166247	-60.6451884682
-45.478707477	-60.6444189676
-45.480248622	-60.6436494493
-45.481789683	-60.6428799132
-45.483330659	-60.6421103594
-45.484897855	-60.6428670375
-45.486438746	-60.6420974427
-45.488006025	-60.642854079
-45.48954683	-60.6420844432
-45.491087551	-60.6413147897
-45.492654911	-60.6420713609
-45.494195546	-60.6413016664
-45.49576299	-60.6420581959
-45.497303539	-60.6412884603
-45.498871065	-60.642044948
-45.500411528	-60.6412751715
-45.501951908	-60.6405053772
-45.503519515	-60.6412617998
-45.505059808	-60.6404919646
-45.506600018	-60.6397221116
-45.508140143	-60.638952241
-45.509680183	-60.6381823526
-45.508112582	-60.6374260231
-45.50965254	-60.6366561403
-45.511192413	-60.6358862398
-45.512760012	-60.6366425228
-45.5142998	-60.6358725813
-45.515867481	-60.6366288225
-45.517407183	-60.63585884
-45.518974947	-60.6366150394
-45.520514563	-60.6358450159
-45.52208241	-60.6366011735
-45.52362194	-60.6358311091
-45.525189869	-60.6365872249
-45.526757883	-60.6373433221
-45.528325981	-60.6380994008
-45.529865422	-60.6373292489
-45.531433603	-60.6380852857
-45.533001868	-60.638841304
-45.534541222	-60.6380710879
-45.536080492	-60.6373008541
-45.537648838	-60.6380568073
-45.539188022	-60.6372865326
-45.540727122	-60.6365162402
-45.540697796	-60.6349900466
-45.542236729	-60.6342197421
-45.540668474	-60.6334638634
-45.542207324	-60.6326935644
-45.54374609	-60.6319232478
-45.545314342	-60.63267908
-45.546882678	-60.6334348936
-45.548451099	-60.6341906887
-45.550019604	-60.6349464652
-45.551588193	-60.6357022231
-45.553156867	-60.6364579625
-45.55161811	-60.6372284187
-45.55318687	-60.6379841627
-45.554755713	-60.6387398882
-45.556324641	-60.6394955951
-45.557893653	-60.6402512834
-45.559432403	-60.6394807341
-45.561001498	-60.6402363806
-45.562540162	-60.6394657904
-45.564109339	-60.640221395
-45.565647917	-60.6394507639
-45.56718641	-60.6386801151
-45.56872482	-60.6379094487
-45.570263145	-60.6371387645
-45.5718324	-60.6378942575
-45.573401739	-60.6386497319
-45.571863417	-60.6394204626
-45.573432843	-60.6401759416
-45.575002352	-60.6409314021
-45.573463949	-60.6417021616
-45.575033545	-60.6424576268
-45.576603225	-60.6432130733
-45.578141624	-60.6424422673
-45.579711386	-60.6431976719
-45.5812497	-60.642426825
-45.582787929	-60.6416559603
-45.584326073	-60.640885078
-45.582756316	-60.6401297432
-45.584294378	-60.6393588665
-45.585832356	-60.6385879722
-45.58740211	-60.6393432605
-45.588971948	-60.6400985303
-45.590509838	-60.6393275718
-45.592079759	-60.6400827996
-45.593649763	-60.6408380089
-45.595219853	-60.6415931996
-45.596790026	-60.6423483716
-45.598360284	-60.6431035251
-45.599898081	-60.6423324326
-45.601435794	-60.6415613225
-45.602973422	-60.6407901947
-45.604510966	-60.6400190493
-45.606048426	-60.6392478863
-45.604478177	-60.6384928492
-45.606015555	-60.6377216918
-45.607552848	-60.6369505168
-45.609090057	-60.6361793241
-45.610627182	-60.6354081138
-45.612164222	-60.6346368859
-45.613734462	-60.6353918067
-45.615271417	-60.6346205379
-45.616808287	-60.6338492514
-45.618345073	-60.6330779474
-45.619881775	-60.6323066257
-45.621418392	-60.6315352864
-45.622988707	-60.6322900723
-45.624525238	-60.6315186922
-45.626061686	-60.6307472944
-45.627632081	-60.6315020151
-45.629168442	-60.6307305765
-45.63073892	-60.6314852554
-45.632275195	-60.6307137759
-45.633811386	-60.6299422788
-45.635347493	-60.629170764
-45.636918049	-60.6299253545
-45.63845407	-60.6291537989
-45.640024709	-60.6299083475
-45.641595432	-60.6306628774
-45.643166239	-60.6314173887
-45.644737131	-60.6321718814
-45.643201118	-60.63294353
-45.644772096	-60.6336980273
-45.646343158	-60.6344525059
-45.647879167	-60.6336808108
-45.649450311	-60.6344352475
-45.65102154	-60.6351896656
-45.652557461	-60.6344179063
-45.654093298	-60.6336461295
-45.655664607	-60.6344004824
-45.658807477	-60.6359091323
-45.660379039	-60.6366634292
-45.65884321	-60.637435299
-45.660414858	-60.6381896006
-45.66198659	-60.6389438834
-45.66045068	-60.6397157822
-45.662022499	-60.6404700697
-45.663594401	-60.6412243385
-45.665166388	-60.6419785886
-45.6636304	-60.6427505396
-45.665202473	-60.6435047944
-45.666774631	-60.6442590304
-45.665238562	-60.6450310103
-45.666810806	-60.645785251
-45.668383134	-60.646539473
-45.669955546	-60.6472936763
-45.668419399	-60.6480657084
-45.669991898	-60.6488199163
-45.671564481	-60.6495741055
-45.670028254	-60.6503461666
-45.671600923	-60.6511003604
-45.673173677	-60.6518545355
-45.671637369	-60.6526266256
-45.673210209	-60.6533808053
-45.674783133	-60.6541349663
-45.673246745	-60.6549070853
-45.674819756	-60.6556612509
-45.676392851	-60.6564153978
-45.677929234	-60.6556432323
-45.679502412	-60.6563973372
-45.681075674	-60.6571514235
-45.68264902	-60.6579054911
-45.684185313	-60.6571332381
-45.685758742	-60.6578872637
-45.687294949	-60.6571149699
-45.688868459	-60.6578689535
-45.69040458	-60.6570966188
-45.691940617	-60.6563242665
-45.693514208	-60.6570781849
-45.695050158	-60.6563057918
-45.696586023	-60.6555333811
-45.698121805	-60.6547609528
-45.699657502	-60.653988507
-45.701193114	-60.6532160436
-45.702728642	-60.6524435626
-45.701155064	-60.6516897839
-45.70269051	-60.6509173086
-45.704225871	-60.6501448158
-45.702652381	-60.6493910649
-45.701078975	-60.6486372953
-45.702614256	-60.6478648314
-45.701040937	-60.6471110664
-45.702576136	-60.6463386082
-45.704111251	-60.6455661325
-45.705646281	-60.6447936392
-45.707181227	-60.6440211284
-45.70871609	-60.6432486
-45.710250867	-60.642476054
-45.711785561	-60.6417034905
-45.71332017	-60.6409309095
-45.714854694	-60.6401583109
-45.716389135	-60.6393856947
-45.719496788	-60.6393665701
-45.721031058	-60.6385938956
-45.722565244	-60.6378212036
-45.72413862	-60.6385746475
-45.725672719	-60.6378019146
-45.727246178	-60.6385553165
-45.728819721	-60.6393086997
-45.730353732	-60.6385359028
-45.731927357	-60.6392892441
-45.733461281	-60.6385164064
-45.735034988	-60.6392697056
-45.73660878	-60.6400229861
-45.738142616	-60.6392500844
-45.739716489	-60.6400033229
-45.741250239	-60.6392303804
-45.742783904	-60.6384574203
-45.744317484	-60.6376844427
-45.745850981	-60.6369114477
-45.744277116	-60.6361583022
-45.745810531	-60.6353853128
-45.744236752	-60.6346321718
-45.745770085	-60.6338591882
-45.744196393	-60.6331060518
-45.745729643	-60.6323330739
-45.747262809	-60.6315600785
-45.745689206	-60.6308069699
-45.74722229	-60.6300339802
-45.745648773	-60.6292808761
-45.74407534	-60.6285277533
-45.745608345	-60.6277547926
-45.744034998	-60.6270016743
-45.742461736	-60.6262485373
-45.74399466	-60.6254756056
-45.745527501	-60.6247026564
-45.747060257	-60.6239296898
-45.748592929	-60.6231567056
-45.750125517	-60.6223837039
-45.751698768	-60.6231367246
-45.75323127	-60.6223636822
-45.754763687	-60.6215906222
-45.75629602	-60.6208175448
-45.757828269	-60.6200444499
-45.759360434	-60.6192713374
-45.760892515	-60.6184982075
-45.759319277	-60.6177453262
-45.760851276	-60.616972202
-45.76238319	-60.6161990604
-45.760810041	-60.6154462068
-45.762341874	-60.6146730709
-45.760768811	-60.6139202219
-45.762300562	-60.6131470917
-45.763832229	-60.6123739441
-45.762259254	-60.6116211228
-45.763790839	-60.6108479809
-45.762217951	-60.6100951642
-45.760645147	-60.6093423287
-45.762176653	-60.6085692159
-45.760603935	-60.6078163849
-45.759031301	-60.6070635353
-45.757458752	-60.6063106669
-45.755886287	-60.6055577798
-45.754313905	-60.604804874
-45.755845338	-60.6040318598
-45.754273043	-60.6032789585
-45.752700832	-60.6025260386
-45.754232184	-60.6017530534
-45.755763453	-60.6009800507
-45.754191331	-60.6002271585
-45.755722517	-60.5994541615
-45.754150481	-60.5987012738
-45.752578529	-60.5979483674
-45.754109636	-60.5971753995
-45.75253777	-60.5964224976
-45.754068796	-60.5956495354
-45.755599737	-60.5948765557
-45.757130595	-60.5941035586
-45.758661368	-60.593330544
-45.760192058	-60.5925575119
-45.761763913	-60.5933102976
-45.763294516	-60.5925372248
-45.764825036	-60.5917641345
-45.766355471	-60.5909910268
-45.767885822	-60.5902179016
-45.76941609	-60.589444759
-45.770946273	-60.5886715989
-45.772476373	-60.5878984213
-45.774006389	-60.5871252263
-45.77553632	-60.5863520138
-45.777066168	-60.5855787839
-45.778638084	-60.5863313187
-45.780167846	-60.5855580481
-45.781697523	-60.5847847601
-45.783227117	-60.5840114546
-45.784756627	-60.5832381317
-45.786286053	-60.5824647914
-45.787815394	-60.5816914336
-45.789344652	-60.5809180583
-45.790873826	-60.5801446657
-45.792402916	-60.5793712556
-45.793974896	-60.5801235627
-45.7955039	-60.579350112
-45.797075961	-60.5801023772
-45.798604879	-60.5793288858
-45.800177022	-60.580081109
-45.801705853	-60.579307577
-45.803278077	-60.5800597583
-45.804806822	-60.5792861857
-45.806379128	-60.5800383251
-45.807907787	-60.5792647118
-45.809480174	-60.5800168092
-45.811052646	-60.5807688879
-45.811096549	-60.5822946309
-45.812669191	-60.5830466953
-45.814241916	-60.5837987411
-45.815814725	-60.5845507681
-45.814285997	-60.5853245032
-45.815858892	-60.5860765347
-45.817431872	-60.5868285474
-45.815903064	-60.5876023116
-45.81747613	-60.5883543288
-45.81904928	-60.5891063273
-45.820622514	-60.589858307
-45.81909363	-60.5906321235
-45.82066695	-60.5913841077
-45.819137984	-60.5921579299
-45.82071139	-60.5929099186
-45.822284881	-60.5936618885
-45.823858455	-60.5944138397
-45.825432114	-60.5951657721
-45.827005857	-60.5959176857
-45.828534811	-60.5951437474
-45.830108635	-60.5958956191
-45.831682543	-60.596647472
-45.833256535	-60.5973993061
-45.834785397	-60.5966252807
-45.836359471	-60.5973770728
-45.837888247	-60.5966030067
-45.839462402	-60.5973547569
-45.840991092	-60.5965806501
-45.842565329	-60.5973323583
-45.844093932	-60.596558211
-45.84566825	-60.5973098771
-45.847196767	-60.5965356891
-45.8487252	-60.5957614837
-45.850299597	-60.5965130847
-45.851827943	-60.5957388387
-45.853402422	-60.5964903976
-45.854930682	-60.595716111
-45.856505242	-60.5964676279
-45.858033416	-60.5956933006
-45.859608057	-60.5964447755
-45.861182783	-60.5971962317
-45.862710867	-60.5964218406
-45.864285675	-60.5971732547
-45.865860566	-60.59792465
-45.867435541	-60.5986760266
-45.8690106	-60.5994273843
-45.867482526	-60.6002018683
-45.869057672	-60.6009532305
-45.870632902	-60.6017045739
-45.869104749	-60.602479087
-45.870680065	-60.6032304348
-45.872255466	-60.6039817638
-45.870727234	-60.6047563059
-45.872302721	-60.6055076394
-45.873878292	-60.606258954
-45.872349981	-60.6070335253
-45.873925638	-60.6077848443
-45.87550138	-60.6085361446
-45.873972991	-60.6093107449
-45.875548819	-60.6100620496
-45.874020348	-60.6108366557
-45.875596263	-60.6115879648
-45.87406771	-60.6123625768
-45.875643712	-60.6131138904
-45.877219797	-60.6138651851
-45.878795967	-60.614616461
-45.880372221	-60.6153677181
-45.881948559	-60.6161189563
-45.883524981	-60.6168701758
-45.885101488	-60.6176213764
-45.883572869	-60.6183961337
-45.885149462	-60.6191473387
-45.886726139	-60.6198985249
-45.8883029	-60.6206496923
-45.889879746	-60.6214008409
-45.891456676	-60.6221519706
-45.894562292	-60.6221281847
-45.896139388	-60.6228792535
-45.897716567	-60.6236303035
-45.899245081	-60.6228553429
-45.900822342	-60.6236063508
-45.902399687	-60.6243573398
-45.903928111	-60.6235823153
-45.905505538	-60.6243332623
-45.907083049	-60.6250841904
-45.908611383	-60.624309102
-45.910188976	-60.625059988
-45.911766652	-60.6258108551
-45.913294898	-60.6250357029
-45.914872655	-60.625786528
-45.916450497	-60.6265373342
-45.917978653	-60.6257621181
-45.919556577	-60.6265128822
-45.921134584	-60.6272636274
-45.922662651	-60.6264883474
-45.92424074	-60.6272390505
-45.925818913	-60.6279897348
-45.92734689	-60.627214391
-45.928925144	-60.6279650331
-45.930503483	-60.6287156564
-45.93203137	-60.6279402487
-45.933609791	-60.6286908298
-45.935137591	-60.6279153816
-45.936716093	-60.6286659206
-45.938243806	-60.6278904317
-45.939822389	-60.6286409286
-45.941350015	-60.6278653991
-45.942877557	-60.6270898523
-45.944456219	-60.6278402838
-45.945983674	-60.6270646964
-45.947562418	-60.6278150858
-45.949089786	-60.6270394577
-45.95066861	-60.627789805
-45.952195891	-60.6270141364
-45.953774798	-60.6277644415
-45.955301992	-60.6269887323
-45.956880979	-60.6277389953
-45.958408086	-60.6269632455
-45.959935109	-60.6261874784
-45.961514175	-60.626937676
-45.963041111	-60.6261618683
-45.964620259	-60.6269120237
-45.966147108	-60.6261361754
-45.967673872	-60.6253603098
-45.969253098	-60.6261103999
-45.970779776	-60.6253344937
-45.97230637	-60.6245585702
-45.973885674	-60.6253085948
-45.975412181	-60.6245326308
-45.976991566	-60.6252826133
-45.978517986	-60.6245066086
-45.980097453	-60.625256549
-45.981623785	-60.6244805038
-45.983203333	-60.625230402
-45.984729579	-60.6244543162
-45.986309208	-60.6252041723
-45.987835367	-60.624428046
-45.989361441	-60.6236519023
-45.990941149	-60.624401693
-45.992467136	-60.6236255088
-45.993993039	-60.6228493073
-45.995518858	-60.6220730885
-45.997044593	-60.6212968524
-45.998624373	-60.6220465312
-46.000150021	-60.6212702545
-46.001675585	-60.6204939606
-46.003255443	-60.621243574
-46.00478092	-60.6204672395
-46.006306312	-60.6196908877
-46.007831621	-60.6189145186
-46.009356845	-60.6181381323
-46.010881985	-60.6173617286
-46.012407041	-60.6165853077
-46.010827201	-60.6158358337
-46.009247444	-60.6150863409
-46.007667772	-60.6143368291
-46.006088183	-60.6135872984
-46.006033666	-60.6120614267
-46.005979154	-60.6105355653
-46.007503976	-60.6097592319
-46.009028713	-60.6089828813
-46.010553367	-60.6082065133
-46.012077936	-60.6074301281
-46.010498618	-60.60668068
-46.012023106	-60.6059043007
-46.010443874	-60.605154857
-46.008864727	-60.6044053943
-46.010389137	-60.6036290442
-46.011913463	-60.6028526769
-46.010334406	-60.6021032417
-46.011858651	-60.6013268803
-46.010279681	-60.6005774495
-46.011803845	-60.599801094
-46.010224961	-60.5990516675
-46.008646162	-60.5983022221
-46.010170248	-60.5975258958
-46.008591535	-60.5967764547
-46.007012907	-60.5960269947
-46.005434362	-60.5952775158
-46.006958373	-60.5945012419
-46.005379916	-60.5937517673
-46.003801542	-60.5930022738
-46.002223252	-60.5922527614
-46.000699233	-60.5930289656
-45.999121024	-60.5922794111
-46.000645047	-60.5915032301
-45.999066925	-60.5907536799
-46.000590866	-60.5899775048
-46.002114724	-60.5892013125
-46.003638498	-60.5884251029
-46.005162188	-60.587648876
-46.006685794	-60.5868726318
-46.008209316	-60.5860963704
-46.006631295	-60.5853469406
-46.008154736	-60.5845706852
-46.006576803	-60.5838212597
-46.004998954	-60.5830718153
-46.003475507	-60.5838480244
-46.001897738	-60.5830985379
-46.000374205	-60.5838747065
-45.998850587	-60.5846508577
-45.997272897	-60.583901306
-45.99569529	-60.5831517353
-45.997218913	-60.5823756304
-45.995641394	-60.5816260641
-45.997164936	-60.5808499652
-45.995587503	-60.5801004032
-45.997110965	-60.5793243102
-45.995533619	-60.5785747525
-45.993956357	-60.5778251759
-45.992432889	-60.5786012225
-45.990855708	-60.5778516038
-45.987755054	-60.5778779492
-45.986178037	-60.5771282696
-45.984601105	-60.5763785711
-45.983077458	-60.5771544903
-45.981500606	-60.5764047498
-45.979976873	-60.5771806285
-45.978453056	-60.5779564899
-45.976876282	-60.5772066841
-45.975352378	-60.577982505
-45.973775686	-60.5772326571
-45.972199077	-60.5764827903
-45.970622553	-60.5757329047
-45.969046112	-60.5749830002
-45.970570027	-60.5742072721
-45.968993673	-60.573457372
-45.967417403	-60.572707453
-45.96894124	-60.5719317541
-45.967365057	-60.5711818394
-45.965788957	-60.570431906
-45.967312716	-60.5696562361
-45.965736703	-60.568906307
-45.967260381	-60.5681306431
-45.965684455	-60.5673807183
-45.967208052	-60.5666050603
-45.965632212	-60.5658551399
-45.964056456	-60.5651052006
-45.962480784	-60.5643552425
-45.960957178	-60.5651308309
-45.959381587	-60.5643808308
-45.95780608	-60.5636308119
-45.956282385	-60.5644063366
-45.954706958	-60.5636562756
-45.953183177	-60.5644317598
-45.951607831	-60.5636816568
-45.95003257	-60.5629315349
-45.951556357	-60.5621560971
-45.949981182	-60.5614059796
-45.948406091	-60.5606558433
-45.9499298	-60.5598804345
-45.951453425	-60.5591050085
-45.949878423	-60.5583548998
-45.951401967	-60.5575794796
-45.952925428	-60.5568040422
-45.952873894	-60.5552785296
-45.95439719	-60.5545030808
-45.952822367	-60.5537530272
-45.954345582	-60.5529775843
-45.955868713	-60.5522021242
-45.95739176	-60.5514266467
-45.955817029	-60.5506766439
-45.957339995	-60.5499011724
-45.958862878	-60.5491256836
-45.957288236	-60.5483757083
-45.958811038	-60.5476002254
-45.957236482	-60.5468502545
-45.958759203	-60.5460747775
-45.957184735	-60.5453248109
-45.958707375	-60.5445493399
-45.957132992	-60.5437993777
-45.955558693	-60.5430493967
-45.953984478	-60.5422993968
-45.955507043	-60.5415239781
-45.953932915	-60.5407739826
-45.955455398	-60.5399985698
-45.953881356	-60.5392485787
-45.955403759	-60.5384731718
-45.953829803	-60.537723185
-45.953778256	-60.5361978017
-45.952204471	-60.5354478005
-45.953726715	-60.5346724286
-45.952153015	-60.5339224318
-45.953675179	-60.5331470658
-45.952101566	-60.5323970734
-45.953623648	-60.5316217133
-45.952050122	-60.5308717252
-45.953572123	-60.5300963711
-45.955094041	-60.5293209997
-45.953520604	-60.5285710392
-45.955042441	-60.5277956737
-45.95346909	-60.5270457175
-45.951895823	-60.5262957426
-45.95037398	-60.5270710617
-45.948800793	-60.5263210448
-45.947278864	-60.5270963235
-45.945756852	-60.527871585
-45.944234755	-60.5286468292
-45.942712576	-60.5294220561
-45.941190312	-60.5301972658
-45.939617195	-60.5294471142
-45.938094846	-60.5302222835
-45.936521809	-60.5294720899
-45.934999373	-60.5302472187
-45.933426418	-60.5294969832
-45.931853547	-60.528746729
-45.930280759	-60.5279964559
-45.928708055	-60.5272461641
-45.927135434	-60.5264958535
-45.925562897	-60.5257455241
-45.923990443	-60.524995176
-45.925512898	-60.5242202094
-45.923940531	-60.5234698656
-45.922368247	-60.5227195031
-45.923890624	-60.5219445656
-45.922318426	-60.5211942074
-45.920746313	-60.5204438306
-45.91922393	-60.5212187217
-45.917651897	-60.5204683029
-45.916129428	-60.5212431536
-45.914557476	-60.5204926929
-45.913034922	-60.5212675032
-45.911512283	-60.5220422962
-45.909989561	-60.5228170719
-45.911561522	-60.5235676022
-45.910038719	-60.5243423838
-45.911610765	-60.5250929184
-45.910087882	-60.5258677059
-45.911660014	-60.526618245
-45.91013705	-60.5273930384
-45.908614002	-60.5281678145
-45.907041864	-60.527417229
-45.905518729	-60.5281919647
-45.903995511	-60.528966683
-45.90247221	-60.529741384
-45.904044356	-60.530492039
-45.902520973	-60.5312667459
-45.900997507	-60.5320414355
-45.899473957	-60.5328161078
-45.897901803	-60.5320653833
-45.896329733	-60.5313146401
-45.894757746	-60.5305638781
-45.893234105	-60.5313384635
-45.8916622	-60.5305876596
-45.890138472	-60.5313622046
-45.888614661	-60.5321367323
-45.887090767	-60.5329112427
-45.88866268	-60.5336621161
-45.887138704	-60.5344366323
-45.888710704	-60.5351875102
-45.887186647	-60.5359620323
-45.888758733	-60.5367129146
-45.887234595	-60.5374874425
-45.885710374	-60.5382619532
-45.884186069	-60.5390364465
-45.885758246	-60.5397873796
-45.88423386	-60.5405618788
-45.88270939	-60.5413363606
-45.884281656	-60.5420873213
-45.882757106	-60.542861809
-45.881232471	-60.5436362794
-45.8796602	-60.5428852724
-45.878135479	-60.5436597022
-45.876610675	-60.5444341148
-45.875038482	-60.5436830426
-45.873513591	-60.5444574146
-45.871941479	-60.5437063005
-45.870416503	-60.544480632
-45.868844472	-60.543729476
-45.867319409	-60.5445037669
-45.86574746	-60.543752569
-45.86422231	-60.5445268194
-45.862650442	-60.5437755795
-45.861125207	-60.5445497894
-45.859599887	-60.545323982
