> -L"antarctic_islands_coastlines"
-59.787851719	-63.5697668307
-59.78873661	-63.5712607637
-59.790855149	-63.5718105139
-59.79297378	-63.5723602303
-59.795092502	-63.5729099131
-59.797211314	-63.5734595621
-59.799330219	-63.5740091774
-59.798096882	-63.5749534525
-59.800215929	-63.5755030564
-59.798982552	-63.5764473456
-59.797749085	-63.5773916264
-59.796515526	-63.578335899
-59.794396323	-63.5777862279
-59.793162621	-63.5787304698
-59.791928828	-63.5796747033
-59.789809613	-63.5791249537
-59.788575677	-63.5800691566
-59.786456501	-63.5795193509
-59.785222422	-63.580463523
-59.783988251	-63.5814076869
-59.781869063	-63.5808578027
-59.78063475	-63.5818019358
-59.778515601	-63.5812519955
-59.777281144	-63.5821960978
-59.775162036	-63.5816461014
-59.773043018	-63.5810960713
-59.771808366	-63.5820401205
-59.770573623	-63.5829841615
-59.769338789	-63.5839281941
-59.771457962	-63.5844782914
-59.773577226	-63.585028355
-59.775696581	-63.5855783849
-59.777816028	-63.5861283811
-59.779050655	-63.5851842589
-59.781170142	-63.5857341989
-59.783289719	-63.5862841052
-59.785409388	-63.5868339778
-59.787529149	-63.5873838166
-59.786294729	-63.5883280284
-59.788414632	-63.5888778558
-59.787180173	-63.5898220817
-59.785060218	-63.5892722318
-59.783825615	-63.5902164269
-59.782590921	-63.5911606137
-59.780470953	-63.5906106853
-59.779236116	-63.5915548413
-59.777116188	-63.5910048568
-59.775881207	-63.5919489821
-59.774646135	-63.5928930991
-59.776766167	-63.5934431284
-59.775531055	-63.5943872595
-59.77765123	-63.5949372775
-59.776416079	-63.5958814226
-59.778536398	-63.5964314293
-59.780656808	-63.5969814022
-59.782777309	-63.5975313414
-59.784897901	-63.5980812468
-59.786132845	-63.5971370121
-59.788253477	-63.5976868613
-59.789488277	-63.5967425959
-59.791608949	-63.597292389
-59.793729712	-63.5978421484
-59.795850566	-63.5983918739
-59.797971512	-63.5989415658
-59.800092549	-63.5994912238
-59.802213678	-63.6000408481
-59.800979189	-63.600985248
-59.803100461	-63.6015348609
-59.804334898	-63.6005904387
-59.806456209	-63.6011399954
-59.807690503	-63.6001955425
-59.808924705	-63.5992510812
-59.811046004	-63.5998005594
-59.812280063	-63.5988560674
-59.814401401	-63.5994054894
-59.816522831	-63.5999548777
-59.818644352	-63.6005042321
-59.820765964	-63.6010535528
-59.822887668	-63.6016028397
-59.825009463	-63.6021520928
-59.823775716	-63.6030967191
-59.825897655	-63.6036459608
-59.828019685	-63.6041951687
-59.826785951	-63.6051398315
-59.828908124	-63.605689028
-59.831030389	-63.6062381907
-59.832264019	-63.6052934831
-59.834386323	-63.6058425896
-59.836508719	-63.6063916623
-59.837742153	-63.6054469017
-59.839864588	-63.6059959182
-59.84109788	-63.6050511268
-59.842331079	-63.6041063272
-59.843564188	-63.6031615193
-59.844797205	-63.6022167031
-59.842674979	-63.6016677761
-59.843907957	-63.600722974
-59.841785873	-63.6001740356
-59.839663882	-63.5996250634
-59.838775024	-63.5981313142
-59.836653267	-63.5975822967
-59.834531601	-63.5970332455
-59.835764657	-63.5960885387
-59.836997621	-63.5951438236
-59.838230494	-63.5941991003
-59.839463275	-63.5932543686
-59.841584733	-63.5938033303
-59.842817371	-63.592858568
-59.844938868	-63.5934074735
-59.846171363	-63.5924626805
-59.848292899	-63.5930115299
-59.849525251	-63.5920667063
-59.851646826	-63.5926154995
-59.852879035	-63.5916706452
-59.855000649	-63.5922193823
-59.856232714	-63.5912744973
-59.858354368	-63.5918231782
-59.85958629	-63.5908782627
-59.861707983	-63.5914268874
-59.862939761	-63.5904819412
-59.865061493	-63.5910305097
-59.866293128	-63.5900855329
-59.867524672	-63.5891405478
-59.869646391	-63.5896890379
-59.870877792	-63.5887440222
-59.872109101	-63.5877989982
-59.873340319	-63.586853966
-59.871218756	-63.586305543
-59.872449936	-63.5853605249
-59.873681023	-63.5844154985
-59.871559656	-63.5838670865
-59.872790705	-63.5829220742
-59.871900491	-63.5814286525
-59.86977941	-63.5808802175
-59.87101038	-63.5799352335
-59.868889443	-63.5793867871
-59.870120374	-63.5784418171
-59.86799958	-63.5778933592
-59.865878877	-63.5773448676
-59.867109821	-63.5763999341
-59.868340675	-63.5754549923
-59.869571437	-63.5745100422
-59.870802108	-63.5735650839
-59.868681704	-63.5730166479
-59.869912337	-63.5720717037
-59.871142878	-63.5711267512
-59.869022669	-63.5705783261
-59.870253171	-63.5696333877
-59.868133105	-63.5690849512
-59.869363568	-63.5681400269
-59.867243645	-63.5675915789
-59.868474069	-63.5666466687
-59.869704403	-63.5657017503
-59.870934645	-63.5647568236
-59.868814969	-63.5642084089
-59.870045172	-63.5632634963
-59.867925639	-63.5627150701
-59.869155803	-63.5617701716
-59.867036413	-63.561221734
-59.864917115	-63.5606732627
-59.866147291	-63.5597284006
-59.864028136	-63.5591799178
-59.861909071	-63.5586314013
-59.859790097	-63.558082851
-59.857671215	-63.557534267
-59.85644083	-63.5584790397
-59.854321986	-63.5579303996
-59.852203234	-63.5573817257
-59.850084572	-63.5568330181
-59.84885394	-63.5577777156
-59.846735318	-63.5572289519
-59.844616786	-63.5566801545
-59.84338596	-63.557624799
-59.841267468	-63.5570759455
-59.839149066	-63.5565270582
-59.837030756	-63.5559781372
-59.834912536	-63.5554291825
-59.833681411	-63.5563737294
-59.831563231	-63.5558247186
-59.829445142	-63.5552756741
-59.830676371	-63.5543311719
-59.828558424	-63.5537821161
-59.829789614	-63.552837628
-59.82767181	-63.5522885607
-59.828902961	-63.5513440867
-59.83013402	-63.5503996044
-59.831364988	-63.5494551138
-59.832595865	-63.548510615
-59.834713461	-63.5490595929
-59.835944196	-63.5481150635
-59.837174839	-63.5471705258
-59.839292422	-63.5477194252
-59.840522923	-63.546774857
-59.841753333	-63.5458302804
-59.842983651	-63.5448856956
-59.844213879	-63.5439411026
-59.842096503	-63.5433922924
-59.839979218	-63.5428434485
-59.838748886	-63.5437879969
-59.83663164	-63.543239097
-59.833283959	-63.5436346589
-59.832053342	-63.5445791461
-59.829936174	-63.5440301341
-59.828705415	-63.5449745907
-59.826588286	-63.5444255226
-59.825357384	-63.5453699486
-59.82412639	-63.5463143664
-59.822009249	-63.5457652199
-59.819892199	-63.5452160398
-59.81777524	-63.544666826
-59.816544	-63.5456111684
-59.81442708	-63.5450618985
-59.813195697	-63.5460062103
-59.811964224	-63.5469505138
-59.810732659	-63.5478948091
-59.809501004	-63.548839096
-59.811618131	-63.5493884553
-59.810386436	-63.5503327563
-59.812503706	-63.5508821043
-59.811271972	-63.5518264194
-59.810040147	-63.5527707262
-59.812157612	-63.5533200851
-59.810925747	-63.554264406
-59.808808231	-63.5537150247
-59.807576224	-63.5546593149
-59.806344126	-63.5556035969
-59.805111937	-63.5565478706
-59.802994356	-63.5559983885
-59.800876867	-63.5554488728
-59.799644483	-63.5563930934
-59.798412008	-63.5573373058
-59.796294506	-63.5567877116
-59.795061888	-63.5577318933
-59.792944426	-63.557182243
-59.790827055	-63.5566325591
-59.789594242	-63.5575766877
-59.787476911	-63.5570269477
-59.786243955	-63.5579710457
-59.785010909	-63.5589151354
-59.787128344	-63.5594649202
-59.785895258	-63.5604090239
-59.784662082	-63.5613531194
-59.786779712	-63.5619029152
-59.785546495	-63.5628470247
-59.784313188	-63.5637911259
-59.786431012	-63.5643409327
-59.785197665	-63.565285048
-59.787315632	-63.5658348435
-59.786082246	-63.5667789728
-59.784848769	-63.5677230938
-59.786966931	-63.5682729004
-59.785733414	-63.5692170354
-59.787851719	-63.5697668307
