> -L"antarctic_islands_coastlines"
97.0338772432	-66.3577006458
97.0359327923	-66.3553740766
97.0355959961	-66.3542784057
97.0383248176	-66.3541431574
97.0379879255	-66.3530474969
97.040716587	-66.3529122034
97.0434452164	-66.3527768578
97.0461738137	-66.35264146
97.0489023788	-66.3525060102
97.0516309118	-66.3523705083
97.0543594127	-66.3522349542
97.0570878814	-66.352099348
97.059816318	-66.3519636898
97.0625447224	-66.3518279794
97.0652730945	-66.3516922169
97.0680014345	-66.3515564023
97.0707297422	-66.3514205356
97.0734580178	-66.3512846168
97.0737965732	-66.3523801866
97.0765249444	-66.3522442087
97.0792532833	-66.3521081787
97.08198159	-66.3519720965
97.0847098644	-66.3518359623
97.0874381065	-66.351699776
97.0901663163	-66.3515635376
97.0928944937	-66.3514272471
97.0956226389	-66.3512909045
97.0983507517	-66.3511545098
97.1010788322	-66.351018063
97.1038068803	-66.3508815641
97.106534896	-66.3507450131
97.1061948059	-66.3496495275
97.1089226614	-66.3495129314
97.1116504844	-66.3493762832
97.1113101711	-66.3482808151
97.1140378339	-66.3481441219
97.1136974251	-66.3470486643
97.1164249277	-66.346911926
97.1160844234	-66.3458164788
97.1188117658	-66.3456796955
97.1184711662	-66.3445842587
97.1211983484	-66.3444474304
97.1208576534	-66.3433520041
97.1235846754	-66.3432151307
97.1263116649	-66.3430782053
97.1286975761	-66.341845826
97.131424373	-66.3417088035
97.1341511373	-66.3415717289
97.1368778692	-66.3414346022
97.1392630444	-66.3402020534
97.1419895835	-66.3400648297
97.1447160902	-66.3399275539
97.1471006894	-66.3386948805
97.1498270033	-66.3385575077
97.1525532847	-66.3384200828
97.152211187	-66.3373247548
97.1549373081	-66.3371872849
97.1576633967	-66.337049763
97.1603894527	-66.3369121891
97.163115476	-66.3367745631
97.1658414668	-66.3366368851
97.168567425	-66.336499155
97.1712933506	-66.3363613729
97.1740192435	-66.3362235387
97.1743623624	-66.3373188101
97.1770883503	-66.3371809168
97.1798143056	-66.3370429714
97.1825402281	-66.336904974
97.1828837626	-66.3380002275
97.1856097802	-66.337862171
97.188335765	-66.3377240624
97.1886795874	-66.3388193051
97.1914056672	-66.3386811374
97.1941317142	-66.3385429176
97.1944758247	-66.3396381495
97.1972019666	-66.3394998705
97.1999280757	-66.3393615396
97.2026541521	-66.3392231566
97.2053801956	-66.3390847215
97.2081062064	-66.3389462345
97.2108321844	-66.3388076953
97.2135581296	-66.3386691042
97.2162840419	-66.338530461
97.2186646624	-66.337296598
97.2210450277	-66.3360627006
97.2237705863	-66.3359239156
97.2234251378	-66.3348287689
97.226150536	-66.334689939
97.2288759013	-66.3345510571
97.2285302306	-66.333455928
97.2312554354	-66.3333170012
97.2339806074	-66.3331780224
97.2367057465	-66.3330389915
97.2370517998	-66.3341340991
97.2397770335	-66.3339950091
97.2401232473	-66.3350901129
97.2428485756	-66.3349509637
97.2431949499	-66.3360460638
97.2459203727	-66.3359068554
97.2462669075	-66.3370019516
97.2466134753	-66.3380970513
97.2493391203	-66.3379577766
97.2496858486	-66.3390528724
97.2524115882	-66.3389135385
97.2551372948	-66.3387741526
97.2578629684	-66.3386347146
97.2605886089	-66.3384952246
97.2633142164	-66.3383556826
97.2660397909	-66.3382160885
97.2687653323	-66.3380764425
97.2714908407	-66.3379367444
97.2742163159	-66.3377969942
97.2769417581	-66.3376571921
97.2765937543	-66.336562168
97.2793190358	-66.3364223211
97.2820442842	-66.3362824221
97.2847694995	-66.3361424711
97.2874946817	-66.3360024681
97.2898712225	-66.3347674283
97.2925962108	-66.3346273285
97.295321166	-66.3344871767
97.298046088	-66.3343469728
97.3007709768	-66.334206717
97.3034958324	-66.3340664091
97.3062206548	-66.3339260493
97.3065700277	-66.3350209907
97.3092949443	-66.3348805717
97.3123694888	-66.335835031
97.3127191832	-66.3369299648
97.3154442883	-66.3367894272
97.3157941434	-66.3378843572
97.3168439086	-66.3411691671
97.3195694903	-66.3410285486
97.3199196062	-66.3421234848
97.3202697553	-66.3432184243
97.3206199378	-66.3443133671
97.3178939734	-66.3444540073
97.3182440617	-66.3455489607
97.3209701536	-66.3454083133
97.3213204027	-66.3465032629
97.3240465888	-66.3463625563
97.3243969988	-66.347457502
97.3271232792	-66.3473167361
97.3298495262	-66.3471759181
97.3325757398	-66.3470350481
97.3353019201	-66.3468941261
97.3356528738	-66.3479890462
97.3383791482	-66.3478480649
97.3414566315	-66.3488019405
97.3441829666	-66.3486608479
97.3445343699	-66.349755753
97.3472607992	-66.3496146011
97.3476123634	-66.3507095022
97.3503388868	-66.350568291
97.3506906122	-66.3516631882
97.3537691161	-66.3526168111
97.354121036	-66.3537117077
97.3544729894	-66.3548066077
97.3571999563	-66.3546652634
97.3575520709	-66.3557601595
97.3606314075	-66.356713648
97.3609837168	-66.3578085435
97.3613360596	-66.3589034424
97.3616884359	-66.3599983446
97.3644159739	-66.3598568598
97.3647685115	-66.3609517581
97.3651210826	-66.3620466597
97.3678488425	-66.3619051083
97.3682015749	-66.363000006
97.3685543409	-66.364094907
97.3689071405	-66.3651898114
97.3716352498	-66.3650481861
97.3719882108	-66.3661430865
97.3750695365	-66.3670962983
97.3754226924	-66.3681911982
97.3785044351	-66.3691443427
97.378857786	-66.3702392419
97.3815864332	-66.3700974239
97.3819399456	-66.3711923192
97.3822934916	-66.3722872178
97.3826470714	-66.3733821197
97.3830006848	-66.374477025
97.3833543319	-66.3755719337
97.3860835844	-66.3754300271
97.386437393	-66.3765249317
97.3867912353	-66.3776198397
97.3871451114	-66.3787147511
97.3874990212	-66.3798096658
97.3878529646	-66.3809045838
97.3882069419	-66.3819995051
97.3885609528	-66.3830944298
97.3912910666	-66.38295242
97.3916452392	-66.3840473407
97.3919994456	-66.3851422648
97.3923536857	-66.3862371921
97.3927079596	-66.3873321229
97.3930622672	-66.3884270569
97.3934166086	-66.3895219943
97.3937709838	-66.3906169351
97.3965019595	-66.3904748219
97.3968564964	-66.3915697586
97.3972110672	-66.3926646987
97.3975656718	-66.3937596421
97.3979203102	-66.3948545889
97.4010065642	-66.395807337
97.4013613983	-66.3969022831
97.4040930743	-66.3967600217
97.4044480702	-66.3978549638
97.4071798405	-66.3977126429
97.4075349983	-66.398807581
97.40789019	-66.3999025224
97.4082454156	-66.4009974672
97.4086006751	-66.4020924152
97.4089559684	-66.4031873666
97.4062235578	-66.4033297242
97.406578757	-66.4044246862
97.40693399	-66.4055196516
97.4042012892	-66.4056619717
97.404556428	-66.4067569478
97.4018235652	-66.406899223
97.4021786097	-66.4079942097
97.4025336881	-66.4090891998
97.4028888003	-66.4101841932
97.4001555192	-66.4103264382
97.4005105371	-66.4114214423
97.3977770939	-66.4115636425
97.3981320175	-66.4126586572
97.3984869749	-66.4137536753
97.3988419662	-66.4148486966
97.3991969914	-66.4159437213
97.4019309476	-66.4158014917
97.4022861349	-66.4168965124
97.4050201854	-66.4167542233
97.407754202	-66.416611882
97.4081096798	-66.4177068914
97.4108437907	-66.4175644906
97.4135778677	-66.4174220376
97.4139336359	-66.4185170356
97.4166678072	-66.4183745231
97.4170237376	-66.419469517
97.4197580032	-66.419326945
97.4224922348	-66.4191843208
97.4228484558	-66.4202793033
97.4232047108	-66.4213742892
97.4259391649	-66.4212315981
97.4262955822	-66.4223265799
97.4266520335	-66.4234215651
97.4270085189	-66.4245165536
97.4273650383	-66.4256115454
97.4277215917	-66.4267065405
97.4249864959	-66.4268492684
97.425342955	-66.4279442742
97.4226076969	-66.4280869573
97.4198724048	-66.4282295882
97.4171370786	-66.4283721668
97.4144017185	-66.4285146933
97.4116663243	-66.4286571675
97.4089308962	-66.4287995896
97.4061954341	-66.4289419594
97.4034599381	-66.429084277
97.4007244081	-66.4292265425
97.3979888442	-66.4293687557
97.3952532464	-66.4295109166
97.3948981995	-66.42841583
97.3945431865	-66.4273207467
97.3918078116	-66.4274628409
97.3914529608	-66.4263677536
97.3887176804	-66.4265097881
97.3883629919	-66.4254146969
97.385627806	-66.4255566719
97.3852732798	-66.4244615766
97.3825381884	-66.4246034921
97.3798030632	-66.4247453555
97.3770679042	-66.4248871666
97.3743327114	-66.4250289255
97.3715974847	-66.4251706321
97.3688622243	-66.4253122866
97.3685085022	-66.4242171508
97.3657733364	-66.4243587457
97.3654197764	-66.423263606
97.3626847052	-66.4234051414
97.3599496003	-66.4235466246
97.3595963308	-66.4224514736
97.3568613206	-66.4225928973
97.3541262766	-66.4227342689
97.3513911989	-66.4228755882
97.3486560875	-66.4230168553
97.3404505514	-66.4234403434
97.3377153054	-66.4235814016
97.3349800258	-66.4237224077
97.332596698	-66.4249585854
97.3298612227	-66.4250994943
97.3302131133	-66.4261947288
97.3274774759	-66.4263355927
97.324741805	-66.4264764044
97.3220061005	-66.4266171639
97.3216545953	-66.4255219076
97.3189189857	-66.4256626076
97.3161833425	-66.4258032554
97.3158321277	-66.4247079879
97.3130965795	-66.4248485762
97.3103609977	-66.4249891123
97.3072745866	-66.4240343103
97.3041884324	-66.4230794449
97.301453007	-66.4232198098
97.2987175482	-66.4233601225
97.2959820559	-66.423500383
97.2932465302	-66.4236405912
97.2905109711	-66.4237807472
97.2877753785	-66.423920851
97.2881252416	-66.4250161842
97.2853894872	-66.425156243
97.2826536993	-66.4252962495
97.2799178781	-66.4254362038
97.2771820235	-66.4255761059
97.2744461355	-66.4257159558
97.2717102142	-66.4258557534
97.2689742595	-66.4259954987
97.2662382715	-66.4261351919
97.2635022502	-66.4262748328
97.2607661956	-66.4264144214
97.2611148069	-66.4275098301
97.2583785904	-66.4276493737
97.2556423407	-66.4277888651
97.2529060577	-66.4279283042
97.252557832	-66.426832874
97.2494735804	-66.4258768196
97.2491255497	-66.4247813889
97.2487775523	-66.4236859615
97.2484295882	-66.4225905375
97.2480816572	-66.4214951169
97.2508172023	-66.4213557731
97.2532045595	-66.4201209743
97.2559399097	-66.4199815333
97.2586752266	-66.4198420401
97.2583268482	-66.4187466549
97.2579785031	-66.4176512732
97.2552434431	-66.417790752
97.2548952597	-66.4166953664
97.2521602949	-66.4168347858
97.2518122731	-66.4157393964
97.2490774035	-66.4158787564
97.2463425007	-66.4160180642
97.2436075647	-66.4161573198
97.2408725956	-66.4162965232
97.2384849727	-66.4175310997
97.2357498088	-66.4176702058
97.2330146116	-66.4178092596
97.2302793814	-66.4179482613
97.227544118	-66.4180872107
97.2248088214	-66.4182261079
97.2220734918	-66.4183649528
97.2193381291	-66.4185037456
97.2166027333	-66.4186424861
97.2162563815	-66.4175470034
97.2135210812	-66.4176856845
97.2138673044	-66.4187811743
97.2111318424	-66.4189198103
97.2083963474	-66.4190583941
97.2080503812	-66.41796289
97.2053149817	-66.4181014144
97.2025795492	-66.4182398866
97.1998440836	-66.4183783065
97.1994985359	-66.4172827844
97.1967631659	-66.4174211449
97.1940277629	-66.4175594532
97.1909471977	-66.4166021691
97.1882118573	-66.4167403659
97.1878668896	-66.4156448219
97.1906021015	-66.4155066323
97.1902570382	-66.4144110989
97.1875219548	-66.4145492814
97.1871770529	-66.4134537442
97.186832184	-66.4123582104
97.1840973246	-66.4124963264
97.183752617	-66.4114007888
97.1810178532	-66.4115388455
97.1782830564	-66.4116768499
97.1779386387	-66.4105813015
97.1752039375	-66.4107192466
97.1724692035	-66.4108571394
97.1721250756	-66.4097615802
97.1693904372	-66.4098994137
97.1666557659	-66.410037195
97.1639210618	-66.4101749241
97.1642648044	-66.4112705046
97.161529939	-66.4114081886
97.1587950409	-66.4115458203
97.1560601099	-66.4116833998
97.1533251462	-66.411820927
97.1505901497	-66.4119584021
97.1502470495	-66.410862786
97.1475121487	-66.4110002017
97.1447772152	-66.4111375652
97.1444344048	-66.4100419384
97.1416995671	-66.4101792426
97.1389646966	-66.4103164945
97.1386221759	-66.4092208569
97.1358874012	-66.4093580495
97.1331525939	-66.4094951899
97.1304177539	-66.4096322781
97.1276828812	-66.409769314
97.1249479759	-66.4099062977
97.1225547876	-66.4111389092
97.1198196885	-66.4112757955
97.1170845568	-66.4114126295
97.1143493924	-66.4115494113
97.1116141955	-66.4116861409
97.108878966	-66.4118228182
97.1061437039	-66.4119594433
97.1034084093	-66.4120960161
97.1006730821	-66.4122325367
97.0979377224	-66.4123690051
97.0948618659	-66.4114096707
97.0921265697	-66.4115460275
97.089391241	-66.411682332
97.0890510663	-66.4105865709
97.0863158338	-66.4107228162
97.0859758201	-66.4096270514
97.0832406836	-66.4097632374
97.082900831	-66.408667469
97.0801657906	-66.4088035958
97.0798260989	-66.4077078238
97.076751624	-66.4067481157
97.0740167758	-66.4068841239
97.073677406	-66.4057883447
97.070942654	-66.4059242937
97.0706034451	-66.4048285109
97.0678687892	-66.4049644006
97.0647951815	-66.4040044447
97.0620605894	-66.4041402229
97.0617218308	-66.4030444259
97.0589873349	-66.403180145
97.0562528066	-66.4033158118
97.0559143374	-66.4022200042
97.0531799053	-66.4023556117
97.0528415969	-66.4012598006
97.050107261	-66.4013953489
97.0497691133	-66.4002995342
97.0494309979	-66.3992037229
97.0466968868	-66.399339205
97.0463589321	-66.3982433901
97.0436249172	-66.398378813
97.0432871232	-66.3972829946
97.0402155712	-66.3963225363
97.0398779702	-66.3952267177
97.0371442762	-66.3953620152
97.0368068358	-66.3942661931
97.0337359582	-66.3933056057
97.0333987106	-66.3922097835
97.0306653375	-66.3923449557
97.0303282505	-66.3912491299
97.0299911957	-66.3901533075
97.0272580472	-66.3902884135
97.0269211529	-66.3891925876
97.0241881007	-66.3893276344
97.0238513669	-66.388231805
97.0211184109	-66.3883667927
97.0207818377	-66.3872709597
97.018048978	-66.3874058882
97.0149798018	-66.3864449211
97.0122470063	-66.3865797383
97.0119108823	-66.3854838913
97.0091781831	-66.3856186493
97.0088422195	-66.3845227988
97.008506288	-66.3834269517
97.0081703885	-66.3823311081
97.0078345211	-66.3812352679
97.0105667069	-66.3811005376
97.0102307431	-66.3800047078
97.0098948114	-66.3789088814
97.0122906807	-66.3776782968
97.0119546848	-66.3765824842
97.0116187209	-66.375486675
97.0143502012	-66.3753518751
97.0140141412	-66.3742560764
97.0167454612	-66.3741212312
97.0164093049	-66.3730254428
97.0191404647	-66.3728905525
97.0188042123	-66.3717947745
97.0184679919	-66.3706989999
97.0211988632	-66.3705640713
97.0208625467	-66.369468307
97.0205262623	-66.3683725463
97.0229204647	-66.367141829
97.0225841162	-66.366046082
97.0253144107	-66.3659110769
97.0249779662	-66.3648153404
97.0246415537	-66.3637196072
97.0270350514	-66.3624888411
97.0266985749	-66.3613931218
97.029428293	-66.3612580402
97.0290917205	-66.3601623312
97.0287551801	-66.3590666257
97.0314846099	-66.3589315059
97.0311479735	-66.3578358108
97.0338772432	-66.3577006458
