> -L"antarctic_islands_coastlines"
-62.94344306	-64.8683436511
-62.942268403	-64.8693215117
-62.944568206	-64.8698209774
-62.943393522	-64.8707988532
-62.944518778	-64.8722761935
-62.943343975	-64.8732540779
-62.942169077	-64.8742319556
-62.940994084	-64.8752098266
-62.938693845	-64.8747102898
-62.936393701	-64.8742107147
-62.934093652	-64.8737111012
-62.931793696	-64.8732114494
-62.929493835	-64.8727117594
-62.928318407	-64.8736895143
-62.926018572	-64.873189764
-62.924842981	-64.8741674904
-62.923667296	-64.8751452101
-62.922491517	-64.8761229232
-62.921315643	-64.8771006295
-62.923615751	-64.8776004674
-62.922439851	-64.878578189
-62.924740122	-64.8790780104
-62.927040487	-64.8795777936
-62.925864629	-64.8805555523
-62.928165156	-64.881055319
-62.926989272	-64.8820330929
-62.925813294	-64.8830108602
-62.928114052	-64.8835106324
-62.926938047	-64.8844884149
-62.929238968	-64.8849881706
-62.928062937	-64.8859659684
-62.930364021	-64.8864657077
-62.929187964	-64.8874435206
-62.930313127	-64.8889210717
-62.92913695	-64.8898988932
-62.931438427	-64.8903986215
-62.930262223	-64.8913764583
-62.929085925	-64.8923542883
-62.931387634	-64.8928540221
-62.933689437	-64.8933537176
-62.935991335	-64.8938533747
-62.938293327	-64.8943529935
-62.940595414	-64.8948525739
-62.941771371	-64.8938746343
-62.944073484	-64.8943741545
-62.945249278	-64.8933961864
-62.947551417	-64.8938956463
-62.948727048	-64.8929176496
-62.951029213	-64.8934170492
-62.952204681	-64.8924390239
-62.954506872	-64.8929383633
-62.955682178	-64.8919603095
-62.957984395	-64.8924595886
-62.960286707	-64.8929588294
-62.962589113	-64.8934580318
-62.964891614	-64.8939571958
-62.967194209	-64.8944563214
-62.969496898	-64.8949554087
-62.968322003	-64.8959335938
-62.970624856	-64.8964326646
-62.969449935	-64.897410865
-62.97175295	-64.8979099192
-62.97405606	-64.8984089351
-62.976359264	-64.8989079126
-62.97753398	-64.8979296466
-62.97983721	-64.8984285638
-62.981011762	-64.8974502692
-62.983315018	-64.8979491261
-62.984489408	-64.896970803
-62.98679269	-64.8974695997
-62.989096066	-64.8979683579
-62.991399537	-64.8984670778
-62.993703102	-64.8989657592
-62.994877123	-64.897987342
-62.997180714	-64.8984859632
-62.998354572	-64.8975075174
-63.000658189	-64.8980060783
-63.001831884	-64.8970276041
-63.004135526	-64.8975261047
-63.005309058	-64.8965476019
-63.006482496	-64.8955690926
-63.008786096	-64.896067511
-63.009959371	-64.8950889732
-63.011132551	-64.8941104287
-63.013436108	-64.894608765
-63.014609125	-64.8936301921
-63.016912708	-64.8941284681
-63.019216385	-64.8946267057
-63.020389171	-64.8936480825
-63.022692874	-64.8941462598
-63.024996671	-64.8946443988
-63.026169225	-64.8936657252
-63.028473048	-64.8941638038
-63.029645439	-64.8931851018
-63.031949288	-64.8936831201
-63.033121516	-64.8927043896
-63.03542539	-64.8932023477
-63.036597456	-64.8922235888
-63.038901355	-64.8927214866
-63.040073258	-64.8917426992
-63.041245066	-64.8907639052
-63.043548923	-64.8912617209
-63.044720568	-64.8902828985
-63.04589212	-64.8893040695
-63.047063577	-64.8883252339
-63.04823494	-64.8873463917
-63.049406208	-64.8863675429
-63.050577383	-64.8853886876
-63.052880921	-64.8858863338
-63.054051933	-64.88490745
-63.055222851	-64.8839285597
-63.057526346	-64.8844261239
-63.059829935	-64.8849236496
-63.061000621	-64.883944709
-63.063304236	-64.8844421745
-63.065607946	-64.8849396016
-63.067911749	-64.8854369902
-63.070215646	-64.8859343404
-63.072519638	-64.8864316521
-63.074823723	-64.8869289254
-63.075993903	-64.8859498473
-63.078298014	-64.8864470603
-63.080602219	-64.8869442349
-63.081772167	-64.8859651066
-63.084076397	-64.8864622209
-63.085246182	-64.8854830642
-63.087550438	-64.8859801183
-63.089854788	-64.8864771338
-63.092159231	-64.886974111
-63.094463769	-64.8874710496
-63.096768401	-64.8879679498
-63.097937748	-64.8869886776
-63.100242406	-64.8874855175
-63.101411589	-64.8865062169
-63.103716272	-64.8870029965
-63.104885293	-64.8860236675
-63.10605422	-64.885044332
-63.108358859	-64.8855410296
-63.109527623	-64.8845616657
-63.110696293	-64.8835822953
-63.111864869	-64.8826029184
-63.113033351	-64.8816235349
-63.114201739	-64.8806441449
-63.115370033	-64.8796647484
-63.113065807	-64.8791681816
-63.110761676	-64.8786715763
-63.111930014	-64.8776922169
-63.109626045	-64.8771955949
-63.10732217	-64.8766989346
-63.108490551	-64.8757196121
-63.106186839	-64.8752229351
-63.107355195	-64.8742436279
-63.108523458	-64.8732643143
-63.110827032	-64.8737609477
-63.111995132	-64.8727816057
-63.114298732	-64.8732781789
-63.115466669	-64.8722988086
-63.117770294	-64.8727953216
-63.118938068	-64.8718159229
-63.120105748	-64.8708365178
-63.122409329	-64.8713329487
-63.123576847	-64.8703535153
-63.124744271	-64.8693740753
-63.122440827	-64.8688776879
-63.123608226	-64.8678982632
-63.121304945	-64.8674018591
-63.122472319	-64.8664224497
-63.1201692	-64.8659260289
-63.121336549	-64.8649466347
-63.122503804	-64.863967234
-63.120200917	-64.8634708184
-63.121368147	-64.862491433
-63.119065423	-64.8619950007
-63.116762792	-64.86149853
-63.115595425	-64.8624778719
-63.11329282	-64.8619813409
-63.110990308	-64.8614847716
-63.108687891	-64.8609881638
-63.107520224	-64.8619674338
-63.105217831	-64.8614707658
-63.102915533	-64.8609740594
-63.104083337	-64.8599948329
-63.101781201	-64.8594981099
-63.099479159	-64.8590013484
-63.097177211	-64.8585045485
-63.098345128	-64.8575253808
-63.096043342	-64.8570285643
-63.097211234	-64.8560494119
-63.098379032	-64.855070253
-63.099546736	-64.8540910876
-63.100714346	-64.8531119156
-63.103015857	-64.853608645
-63.104183305	-64.8526294447
-63.106484841	-64.8531261139
-63.108786471	-64.8536227447
-63.109953688	-64.8526434944
-63.112255343	-64.853140065
-63.113422398	-64.8521607864
-63.114589358	-64.8511815012
-63.115756225	-64.8502022095
-63.116922998	-64.8492229114
-63.118089677	-64.8482436067
-63.115788365	-64.8477471449
-63.116955019	-64.8467678555
-63.11465387	-64.8462713771
-63.115820499	-64.8452921029
-63.116987035	-64.8443128222
-63.114686116	-64.8438163489
-63.112385292	-64.8433198372
-63.111218619	-64.8442990744
-63.108917819	-64.8438025025
-63.107750984	-64.8447817114
-63.10545021	-64.8442850794
-63.104283212	-64.84526426
-63.101982463	-64.8447675678
-63.099681807	-64.8442708373
-63.098514579	-64.8452499678
-63.097347256	-64.8462290918
-63.095046557	-64.8457322793
-63.093879073	-64.846711375
-63.092711495	-64.8476904642
-63.090410752	-64.8471935697
-63.088110103	-64.8466966369
-63.086942294	-64.847675676
-63.08464167	-64.847178683
-63.08234114	-64.8466816516
-63.0811731	-64.8476606406
-63.080004966	-64.8486396231
-63.077704393	-64.8481425097
-63.075403914	-64.847645358
-63.073103528	-64.8471481679
-63.070803237	-64.8466509395
-63.069634735	-64.8476298282
-63.067334468	-64.8471325396
-63.065034296	-64.8466352126
-63.066202935	-64.8456563674
-63.063902925	-64.8451590239
-63.065071538	-64.8441801939
-63.06277169	-64.8436828338
-63.060471936	-64.8431854353
-63.058172276	-64.8426879984
-63.05587271	-64.8421905232
-63.054703822	-64.843169266
-63.052404281	-64.8426717306
-63.050104834	-64.8421741569
-63.048935716	-64.8431528495
-63.046636294	-64.8426552157
-63.044336966	-64.8421575435
-63.043167617	-64.8431361859
-63.040868314	-64.8426384536
-63.039698803	-64.8436170677
-63.037399526	-64.8431192752
-63.036229853	-64.8440978609
-63.033930601	-64.8436000082
-63.032760765	-64.8445785656
-63.031590836	-64.8455571164
-63.029291541	-64.8450591818
-63.02812145	-64.8460377041
-63.025822181	-64.8455397094
-63.024651926	-64.8465182034
-63.022352683	-64.8460201485
-63.020053534	-64.8455220553
-63.017754478	-64.8450239237
-63.016583925	-64.8460023457
-63.015413278	-64.846980761
-63.01311418	-64.8464825475
-63.01194337	-64.8474609345
-63.010772467	-64.8484393149
-63.00960147	-64.8494176887
-63.011900773	-64.8499159677
-63.01072975	-64.8508943567
-63.013029216	-64.8513926192
-63.011858167	-64.8523710234
-63.010687025	-64.8533494211
-63.012986721	-64.8538476889
-63.015286511	-64.8543459184
-63.017586396	-64.8548441095
-63.016415364	-64.8558225661
-63.018715411	-64.8563207407
-63.017544354	-64.8572992125
-63.019844563	-64.8577973706
-63.01867348	-64.8587758576
-63.017502303	-64.8597543381
-63.016331033	-64.8607328119
-63.018631541	-64.8612309971
-63.017460245	-64.8622094862
-63.019760916	-64.8627076549
-63.02206168	-64.8632057853
-63.020890427	-64.8641843114
-63.019719079	-64.865162831
-63.022020075	-64.8656609666
-63.020848702	-64.8666395014
-63.019677235	-64.8676180297
-63.018505673	-64.8685965513
-63.017334017	-64.8695750663
-63.015032748	-64.8690768433
-63.013860929	-64.8700553299
-63.012689017	-64.8710338099
-63.010387704	-64.8705355049
-63.009215629	-64.8715139564
-63.006914342	-64.8710155912
-63.005742105	-64.8719940143
-63.003440844	-64.8714955888
-63.002268443	-64.8724739834
-62.999967208	-64.8719754978
-62.998794645	-64.8729538639
-62.996493435	-64.8724553181
-62.99532071	-64.8734336558
-62.993019526	-64.8729350497
-62.99419232	-64.8719567338
-62.991891299	-64.8714581112
-62.989590372	-64.8709594502
-62.990763208	-64.8699811715
-62.99193595	-64.8690028861
-62.993108598	-64.8680245941
-62.994281152	-64.8670462955
-62.995453612	-64.8660679903
-62.996625978	-64.8650896784
-62.997798249	-64.86411136
-62.998970426	-64.8631330349
-62.99667014	-64.8626345104
-62.997842292	-64.8616562006
-62.995542168	-64.8611576595
-62.993242139	-64.8606590802
-62.990942204	-64.8601604625
-62.988642363	-64.8596618065
-62.989814694	-64.8586835774
-62.987515015	-64.8581849049
-62.98868732	-64.8572066911
-62.989859531	-64.8562284706
-62.987560083	-64.8557298035
-62.988732268	-64.8547515983
-62.989904359	-64.8537733865
-62.987605142	-64.8532747247
-62.985306019	-64.8527760246
-62.98300699	-64.8522772861
-62.981834694	-64.8532554324
-62.979535691	-64.8527566338
-62.977236781	-64.8522577969
-62.976064255	-64.8532358929
-62.974891634	-64.8542139823
-62.972592683	-64.8537150634
-62.9714199	-64.8546931242
-62.970247023	-64.8556711785
-62.969074051	-64.8566492262
-62.967900986	-64.8576272672
-62.966727827	-64.8586053016
-62.969027119	-64.8591043297
-62.967853934	-64.8600823793
-62.966680654	-64.8610604223
-62.965507281	-64.8620384587
-62.964333813	-64.8630164884
-62.962034247	-64.8625173728
-62.960860616	-64.863495374
-62.959686892	-64.8644733686
-62.957387284	-64.8639741709
-62.956213397	-64.864952137
-62.953913814	-64.8644528791
-62.952739765	-64.8654308167
-62.950440209	-64.8649314987
-62.949265997	-64.8659094077
-62.94809169	-64.8668873101
-62.945792092	-64.86638791
-62.944617623	-64.8673657839
-62.94344306	-64.8683436511
