> -L"antarctic_islands_coastlines"
100.289714693	-65.655862273
100.279701591	-65.6454203377
100.279225633	-65.6443368269
100.278749717	-65.6432533188
100.278273846	-65.6421698133
100.277798018	-65.6410863105
100.277322233	-65.6400028103
100.276846492	-65.6389193127
100.276370795	-65.6378358177
100.275895141	-65.6367523254
100.275419531	-65.6356688357
100.274943964	-65.6345853486
100.274468441	-65.6335018642
100.273992961	-65.6324183824
100.273517525	-65.6313349032
100.27614043	-65.6311384945
100.275664922	-65.6300550277
100.275189456	-65.6289715636
100.277812086	-65.6287751249
100.277336548	-65.6276916732
100.276861054	-65.6266082241
100.276385603	-65.6255247776
100.279007841	-65.6253283188
100.278532317	-65.6242448847
100.278056838	-65.6231614533
100.277581402	-65.6220780245
100.277106009	-65.6209945983
100.27663066	-65.6199111748
100.276155354	-65.6188277539
100.275680092	-65.6177443356
100.275204873	-65.61666092
100.274729698	-65.615577507
100.274254566	-65.6144940967
100.273779478	-65.613410689
100.273304433	-65.6123272839
100.272829432	-65.6112438814
100.272354474	-65.6101604816
100.27187956	-65.6090770845
100.271404689	-65.60799369
100.270929861	-65.6069102981
100.270455077	-65.6058269088
100.269980336	-65.6047435222
100.269505639	-65.6036601383
100.269030985	-65.602576757
100.268556375	-65.6014933783
100.268081808	-65.6004100023
100.267607284	-65.5993266289
100.267132804	-65.5982432581
100.266658367	-65.59715989
100.266183973	-65.5960765246
100.265709623	-65.5949931617
100.268328571	-65.5947969266
100.267854149	-65.5937135762
100.267379769	-65.5926302284
100.266905434	-65.5915468833
100.266431141	-65.5904635408
100.269049583	-65.5902672952
100.268575218	-65.5891839651
100.268100896	-65.5881006377
100.270244669	-65.5868210472
100.269770319	-65.5857377347
100.269296012	-65.584654425
100.271913788	-65.5844581294
100.271439409	-65.583374832
100.270965072	-65.5822915373
100.27049078	-65.5812082452
100.273108166	-65.5810119295
100.272633801	-65.5799286498
100.272159479	-65.5788453727
100.2716852	-65.5777620983
100.274302196	-65.5775657625
100.273827846	-65.5764825005
100.273353538	-65.5753992411
100.272879274	-65.5743159843
100.27549588	-65.5741196284
100.275021544	-65.5730363841
100.274547251	-65.5719531424
100.274073001	-65.5708699033
100.276689217	-65.5706735273
100.276214895	-65.5695903006
100.275740616	-65.5685070766
100.278356558	-65.5683106708
100.277882207	-65.5672274591
100.277407899	-65.5661442501
100.280023567	-65.5659478145
100.279549187	-65.5648646179
100.27907485	-65.5637814239
100.281690243	-65.5635849584
100.281215835	-65.5625017769
100.28074147	-65.561418598
100.283356588	-65.5612221027
100.282882151	-65.5601389361
100.282407757	-65.5590557722
100.285022602	-65.5588592471
100.284548136	-65.5577760957
100.284073713	-65.5566929468
100.286688283	-65.5564963919
100.286213788	-65.5554132555
100.2888282	-65.555216661
100.288353633	-65.554133537
100.28787911	-65.5530504155
100.290493247	-65.5528537913
100.290018652	-65.5517706823
100.289544099	-65.5506875759
100.292157963	-65.5504909219
100.291683339	-65.5494078279
100.294297044	-65.5492111344
100.293822348	-65.5481280528
100.296435894	-65.5479313198
100.298574514	-65.546651478
100.301187859	-65.5464546562
100.303326089	-65.5451747479
100.30546409	-65.5438948124
100.308077074	-65.5436978624
100.307601859	-65.5426148499
100.309739398	-65.5413348603
100.312352066	-65.5411378312
100.311876707	-65.5400548436
100.314489216	-65.5398577751
100.314013786	-65.5387747998
100.316626136	-65.5385776918
100.316150634	-65.5374947289
100.318762826	-65.5372975815
100.318287252	-65.536214631
100.320899285	-65.5360174441
100.323511275	-65.535820208
100.325647345	-65.5345400041
100.328259133	-65.5343426793
100.33680048	-65.5292214358
100.336324246	-65.5281385793
100.338458936	-65.5268582133
100.337982673	-65.5257753719
100.337506454	-65.5246925332
100.340117061	-65.5244949913
100.339640771	-65.523412165
100.339164524	-65.5223293413
100.341774857	-65.5221317698
100.341298539	-65.5210489585
100.343432324	-65.5197685488
100.342955977	-65.5186857526
100.345565879	-65.5184881121
100.345089461	-65.5174053283
100.344613086	-65.5163225471
100.347222715	-65.516124877
100.346746268	-65.5150421083
100.349355739	-65.5148443988
100.348879221	-65.5137616424
100.348402746	-65.5126788887
100.351011944	-65.5124811496
100.350535398	-65.5113984084
100.350058895	-65.5103156697
100.35266782	-65.510117901
100.352191246	-65.5090351748
100.351714715	-65.5079524512
100.354323366	-65.507754653
100.353846764	-65.5066719418
100.356455257	-65.5064741042
100.355978584	-65.5053914055
100.358586919	-65.5051935285
100.358110174	-65.5041108422
100.360718351	-65.5039129258
100.362849553	-65.5026322963
100.365457529	-65.5024342915
100.364980526	-65.5013516398
100.367588343	-65.5011535956
100.36711127	-65.5000709564
100.369718929	-65.4998728729
100.369241784	-65.4987902461
100.371372069	-65.4975095089
100.373502124	-65.4962287448
100.376109309	-65.4960305433
100.37563195	-65.4949479538
100.378238977	-65.4947497131
100.380368415	-65.4934688559
100.38297524	-65.4932705267
100.382497625	-65.4921879719
100.385104292	-65.4919896034
100.384626605	-65.490907061
100.387233114	-65.4907086532
100.386755356	-65.4896261232
100.386277641	-65.4885435959
100.388883878	-65.4883451586
100.388406092	-65.4872626437
100.390534314	-65.4859816647
100.390056501	-65.4848991648
100.392184422	-65.4836181714
100.391706581	-65.4825356867
100.391228784	-65.4814532045
100.393834203	-65.4812546789
100.393356335	-65.4801722092
100.39287851	-65.4790897421
100.392400728	-65.4780072777
100.39500576	-65.4778087324
100.394527908	-65.4767262804
100.397132782	-65.4765276958
100.396654858	-65.4754452562
100.39878158	-65.4741642053
100.401386138	-65.4739655423
100.400908073	-65.4728831276
100.403034337	-65.4716020231
100.405638579	-65.4714032815
100.405160372	-65.4703208917
100.407764457	-65.470122111
100.407286179	-65.4690397336
100.409890105	-65.4688409137
100.409411756	-65.4677585488
100.412015525	-65.4675596896
100.411537106	-65.4664773371
100.411058729	-65.4653949873
100.413662226	-65.4651960987
100.413183779	-65.4641137613
100.415787118	-65.4639148335
100.4153086	-65.4628325086
100.414830126	-65.4617501863
100.417433193	-65.4615512291
100.416954648	-65.4604689193
100.419557557	-65.4602699229
100.419078941	-65.4591876255
100.418600368	-65.4581053307
100.421203006	-65.457906305
100.423326842	-65.4566249577
100.425929278	-65.4564258438
100.428052728	-65.4551444306
100.430654963	-65.4549452285
100.433257154	-65.4547459773
100.432778027	-65.4536637494
100.435380061	-65.4534644591
100.437982051	-65.4532651198
100.440583998	-65.4530657315
100.440104572	-65.4519835358
100.44270636	-65.4517841083
100.442226864	-65.450701925
100.444828495	-65.4505024584
100.444348928	-65.4494202876
100.446950401	-65.4492207818
100.446470763	-65.4481386234
100.449072079	-65.4479390785
100.448592371	-65.4468569326
100.451193529	-65.4466573486
100.45071375	-65.4455752152
100.453314751	-65.445375592
100.452834902	-65.4442934711
100.455435745	-65.4440938088
100.454955825	-65.4430117003
100.45755651	-65.4428119989
100.45707652	-65.4417299028
100.459677048	-65.4415301623
100.459196987	-65.4404480788
100.461797357	-65.4402482992
100.464397684	-65.4400484706
100.463917439	-65.4389664094
100.466517608	-65.4387665417
100.469117734	-65.4385666251
100.468637304	-65.4374845862
100.471237272	-65.4372846304
100.470756772	-65.436202604
100.473356583	-65.4360026092
100.47595635	-65.4358025655
100.475475666	-65.4347205614
100.478075275	-65.4345204785
100.47759452	-65.433438487
100.480193972	-65.433238365
100.48279338	-65.4330381942
100.482312442	-65.431956225
100.484911692	-65.4317560151
100.487510899	-65.4315557562
100.487029777	-65.4304738093
100.489628826	-65.4302735114
100.492227832	-65.4300731646
100.491746525	-65.4289912401
100.494345373	-65.4287908542
100.496462687	-65.4275085173
100.498579773	-65.4262261538
100.500696632	-65.4249437637
100.502813263	-65.4236613472
100.505411438	-65.4234607562
100.504929667	-65.4223789041
100.507045843	-65.4210964344
100.509161791	-65.4198139383
100.511759494	-65.4196132303
100.511277512	-65.4185314156
100.513875057	-65.4183306687
100.513393006	-65.4172488665
100.515990393	-65.4170480805
100.515508272	-65.4159662908
100.518105502	-65.4157654659
100.520702689	-65.415564592
100.520220384	-65.4144828247
100.522817413	-65.4142819119
100.525414398	-65.4140809502
100.52493191	-65.4129992053
100.527528738	-65.4127982046
100.530125522	-65.4125971551
100.52964285	-65.4115154326
100.532239477	-65.411314344
100.53483606	-65.4111132066
100.534353204	-65.4100315066
100.53694963	-65.4098303302
100.539546012	-65.409629105
100.54214235	-65.4094278309
100.541659198	-65.4083461632
100.544255378	-65.4081448501
100.546851515	-65.4079434882
100.54636818	-65.4068618429
100.548964159	-65.4066604421
100.551560095	-65.4064589924
100.554155987	-65.4062574938
100.553672355	-65.4051758809
100.556268089	-65.4049743434
100.55886378	-65.4047727571
100.558379964	-65.4036911666
100.560975498	-65.4034895414
100.563570987	-65.4032878673
100.566166433	-65.4030861443
100.565682321	-65.4020045862
100.568277609	-65.4018028244
100.570872854	-65.4016010137
100.573468055	-65.4013991542
100.576063212	-65.4011972458
100.575578689	-65.4001157301
100.578173689	-65.3999137828
100.580768644	-65.3997117867
100.583363556	-65.3995097418
100.585958424	-65.3993076481
100.585473492	-65.3982261747
100.588068202	-65.3980240421
100.590662869	-65.3978218607
100.593257491	-65.3976196304
100.59585207	-65.3974173513
100.598446605	-65.3972150234
100.59796115	-65.3961336024
100.600555527	-65.3959312357
100.60314986	-65.3957288201
100.605258399	-65.3944449672
100.607852531	-65.394242464
100.610446619	-65.3940399119
100.613040663	-65.3938373111
100.615634663	-65.3936346614
100.625523609	-65.3917422686
100.628117276	-65.3915393849
100.630710898	-65.3913364524
100.633304477	-65.3911334712
100.635898011	-65.3909304411
100.638491502	-65.3907273622
100.641084948	-65.3905242346
100.64367835	-65.3903210581
100.644165756	-65.3914022942
100.646759227	-65.391199059
100.649352654	-65.3909957749
100.651946037	-65.3907924421
100.654539376	-65.3905890605
100.657132671	-65.3903856301
100.659725921	-65.3901821509
100.662319127	-65.389978623
100.664912289	-65.3897750462
100.667505407	-65.3895714207
100.670098481	-65.3893677464
100.67269151	-65.3891640233
100.675284495	-65.3889602515
100.677877436	-65.3887564309
100.680470333	-65.3885525615
100.683063185	-65.3883486433
100.685655993	-65.3881446763
100.688248757	-65.3879406606
100.690841477	-65.3877365962
100.693434152	-65.3875324829
100.696026783	-65.3873283209
100.69861937	-65.3871241101
100.701211912	-65.3869198506
100.70380441	-65.3867155423
100.706396863	-65.3865111853
100.708989273	-65.3863067794
100.711581638	-65.3861023249
100.714173958	-65.3858978216
100.719358466	-65.3854886686
100.721950653	-65.3852840191
100.724542796	-65.3850793207
100.727134895	-65.3848745737
100.729726949	-65.3846697778
100.731827705	-65.3833840386
100.734419558	-65.3831791554
100.737011365	-65.3829742234
100.739603129	-65.3827692427
100.742194847	-65.3825642132
100.744786522	-65.382359135
100.747378151	-65.3821540081
100.749969737	-65.3819488325
100.752561278	-65.3817436081
100.753053435	-65.382824422
100.755645044	-65.3826191388
100.758236609	-65.3824138068
100.760828129	-65.3822084261
100.763419605	-65.3820029967
100.763912259	-65.3830837728
100.766503803	-65.3828782845
100.769095302	-65.3826727476
100.772179795	-65.3835479101
100.774771318	-65.3833422655
100.777362797	-65.3831365723
100.779954231	-65.3829308303
100.78254562	-65.3827250395
100.785136965	-65.3825192001
100.787728265	-65.3823133119
100.79031952	-65.382107375
100.790813393	-65.3831880549
100.793404717	-65.3829820592
100.795995996	-65.3827760147
100.79858723	-65.3825699215
100.80117842	-65.3823637797
100.803769565	-65.382157589
100.806360665	-65.3819513497
100.809446428	-65.3828256731
100.812037552	-65.3826193262
100.815123609	-65.3834935242
100.817714756	-65.3832870697
100.820305858	-65.3830805665
100.820801108	-65.3841611423
100.823392278	-65.3839545803
100.825983403	-65.3837479695
100.826478923	-65.3848285275
100.829070117	-65.3846218578
100.831661265	-65.3844151395
100.834252369	-65.3842083724
100.834748273	-65.3852889024
100.837339444	-65.3850820764
100.839930572	-65.3848752018
100.842521654	-65.3846682784
100.843017941	-65.3857487804
100.845609091	-65.3855417981
100.848200196	-65.3853347672
100.850791256	-65.3851276875
100.851287927	-65.3862081614
100.853879055	-65.3860010228
100.856470138	-65.3857938356
100.859061177	-65.3855865996
100.859558231	-65.3866670454
100.862149337	-65.3864597505
100.864740399	-65.386252407
100.867331415	-65.3860450147
100.867828852	-65.3871254324
100.870419937	-65.3869179812
100.873010976	-65.3867104814
100.87560197	-65.3865029328
100.876099791	-65.3875833223
100.878690853	-65.3873757149
100.88128187	-65.3871680587
100.883872842	-65.3869603538
100.886463769	-65.3867526002
100.889054651	-65.386544798
100.889553081	-65.3876251389
100.892144031	-65.3874172777
100.894734935	-65.3872093679
100.897325795	-65.3870014093
100.899916609	-65.386793402
100.902507378	-65.3865853461
100.905098103	-65.3863772415
100.907688782	-65.3861690881
100.910279415	-65.3859608861
100.912870004	-65.3857526354
100.915460547	-65.3855443361
100.918051046	-65.385335988
100.920641499	-65.3851275913
100.923231907	-65.3849191458
100.92582227	-65.3847106517
100.928912754	-65.3855822988
100.931503139	-65.3853736971
100.932003464	-65.3864538791
100.934593917	-65.3862452185
100.93768492	-65.3871166731
100.940275395	-65.3869079048
100.940776148	-65.387988061
100.943366691	-65.3877792338
100.945957188	-65.3875703579
100.946458212	-65.3886504959
100.949048777	-65.3884415611
100.951639296	-65.3882325776
100.954229769	-65.3880235454
100.954731178	-65.3891036551
100.957321719	-65.388894564
100.959912214	-65.3886854242
100.962502665	-65.3884762357
100.963004457	-65.389556317
100.965594974	-65.3893470695
100.968687509	-65.3902178365
100.971278049	-65.3900084815
100.973868543	-65.3897990777
100.974370877	-65.3908791227
100.976961438	-65.39066966
100.979551954	-65.3904601486
100.980054559	-65.3915401754
100.982645142	-65.391330605
100.98523568	-65.391120986
100.987826173	-65.3909113183
100.99091972	-65.3917815899
100.993510234	-65.3915718146
100.994013493	-65.3926517947
100.996604075	-65.3924419604
100.997107492	-65.3935219327
100.99969814	-65.3933120393
101.002288743	-65.3931020973
101.002792431	-65.3941820514
101.005383101	-65.3939720504
101.005886948	-65.3950519965
101.008477685	-65.3948419365
101.00898169	-65.3959218748
101.011572494	-65.3957117558
101.012076657	-65.3967916862
101.014667529	-65.3965815082
101.01517185	-65.3976614306
101.017762788	-65.3974511936
101.018267268	-65.3985311081
101.020858274	-65.3983208121
101.023449234	-65.3981104674
101.023953985	-65.3991903637
101.026545012	-65.39897996
101.027049921	-65.4000598483
101.029641015	-65.3998493856
101.032232064	-65.3996388742
101.032737244	-65.4007187442
101.03532836	-65.4005081738
101.03791943	-65.4002975547
101.038424881	-65.4013774064
101.041016018	-65.4011667283
101.043607109	-65.4009560015
101.044112831	-65.4020358349
101.04670399	-65.4018250491
101.049295102	-65.4016142146
101.052392275	-65.4024831361
101.054983409	-65.4022721939
101.055489674	-65.4033519907
101.058080874	-65.4031409894
101.058587298	-65.4042207782
101.061178565	-65.4040097179
101.061685147	-65.4050894988
101.062191774	-65.4061692821
101.064783222	-65.4059581523
101.065290008	-65.4070379276
101.068388467	-65.4079065061
101.071487151	-65.4087750175
101.074078798	-65.4085637105
101.074586061	-65.4096434619
101.077177775	-65.4094320958
101.080276977	-65.410300414
101.080784556	-65.4113801494
101.083376405	-65.4111686652
101.083884143	-65.4122483925
101.086476058	-65.4120368492
101.09165975	-65.4116136166
101.092167872	-65.4126933151
101.094759762	-65.4124816154
101.095268043	-65.4135613059
101.09786	-65.4133495471
101.100960463	-65.4142174116
101.10355244	-65.414005545
101.104061151	-65.415085209
101.106653195	-65.4148732833
101.107162065	-65.4159529393
101.109754176	-65.4157409545
101.110263205	-65.4168206024
101.112855382	-65.4166085585
101.115447514	-65.4163964659
101.115956814	-65.4174760954
101.118549012	-65.4172639436
101.121650736	-65.4181313542
101.124242954	-65.4179190947
101.124752685	-65.4189986976
101.12734497	-65.418786379
101.12785486	-65.4198659738
101.128364796	-65.420945571
101.13095726	-65.4207331828
101.131467355	-65.421812772
101.134059886	-65.4216003246
101.13457014	-65.4226799057
101.137162738	-65.4224673992
101.13767315	-65.4235469722
101.138183609	-65.4246265476
101.140776386	-65.4244139715
101.141287004	-65.4254935388
101.143879848	-65.4252809035
101.144390625	-65.4263604627
101.146983535	-65.4261477683
101.147494471	-65.4272273194
101.150087447	-65.4270145659
101.150598542	-65.4280941089
101.153191586	-65.4278812962
101.153702839	-65.4289608311
101.15421414	-65.4300403684
101.156807362	-65.429827486
101.157318822	-65.4309070152
101.157830327	-65.4319865467
101.160423729	-65.4317735947
101.160935394	-65.4328531181
101.161447105	-65.4339326439
101.164040686	-65.4337196222
101.164552556	-65.4347991399
101.165064473	-65.43587866
101.167658233	-65.4356655686
101.168170309	-65.4367450805
101.168682431	-65.4378245948
101.1691946	-65.4389041114
101.171788653	-65.4386909399
101.17230098	-65.4397704484
101.172813354	-65.4408499593
101.173325775	-65.4419294725
101.17592012	-65.4417162207
101.1764327	-65.4427957258
101.176945326	-65.4438752333
101.17953985	-65.4436619118
101.180052636	-65.4447414111
101.180565468	-65.4458209128
101.181078346	-65.4469004168
101.181591271	-65.4479799231
101.182104243	-65.4490594319
101.182617261	-65.4501389429
101.183130325	-65.4512184564
101.183643436	-65.4522979722
101.184156593	-65.4533774903
101.187265404	-65.4542435355
101.187778767	-65.4553230478
101.188292177	-65.4564025625
101.190887964	-65.4561890175
101.191401533	-65.457268524
101.191915149	-65.4583480328
101.194511116	-65.458134418
101.195024891	-65.4592139187
101.195538713	-65.4602934217
101.198134859	-65.4600797371
101.198648841	-65.461159232
101.199162869	-65.4622387292
101.201759194	-65.4620249748
101.202273382	-65.4631044638
101.202787616	-65.4641839551
101.205898515	-65.4650496141
101.206412956	-65.4661290996
101.206927443	-65.4672085874
101.20952424	-65.4669946828
101.210038887	-65.4680741625
101.210553581	-65.4691536444
101.211068321	-65.4702331288
101.211583109	-65.4713126154
101.212097942	-65.4723921044
101.212612823	-65.4734715958
101.215210252	-65.4732575792
101.215725292	-65.4743370623
101.216240379	-65.4754165478
101.218837988	-65.4752024613
101.219353234	-65.4762819385
101.219868528	-65.4773614181
101.222466316	-65.4771472618
101.22298177	-65.4782267331
101.22349727	-65.4793062068
101.226610898	-65.480171446
101.229208932	-65.4799571604
101.230240619	-65.4821160772
101.232838833	-65.4819017217
101.233354859	-65.4829811731
101.233870933	-65.4840606267
101.236469326	-65.4838462013
101.23698556	-65.4849256467
101.23958402	-65.4847111619
101.240100413	-65.4857905991
101.240616853	-65.4868700386
101.243215493	-65.4866554838
101.243732093	-65.4877349151
101.244248741	-65.4888143486
101.244765435	-65.4898937845
101.247364367	-65.4896791493
101.247881221	-65.4907585769
101.248398122	-65.4918380068
101.24891507	-65.4929174391
101.249432065	-65.4939968737
101.252031404	-65.4937821473
101.252548559	-65.4948615736
101.253065761	-65.4959410022
101.255665279	-65.4957262058
101.256182641	-65.4968056262
101.25670005	-65.4978850489
101.257217506	-65.4989644739
101.254617649	-65.499179302
101.255135038	-65.5002587399
101.255652475	-65.5013381801
101.256169959	-65.5024176226
101.25668749	-65.5034970675
101.257205067	-65.5045765146
101.257722692	-65.5056559641
101.258240364	-65.5067354159
101.255639666	-65.5069502694
101.256157271	-65.5080297341
101.256674923	-65.5091092011
101.254073951	-65.509324027
101.254591537	-65.5104035069
101.25510917	-65.5114829891
101.25562685	-65.5125624737
101.253025491	-65.5127772825
101.253543104	-65.51385678
101.254060765	-65.5149362798
101.254578472	-65.5160157818
101.251976726	-65.5162305736
101.252494367	-65.5173100886
101.253012055	-65.5183896059
101.250410035	-65.5186043701
101.250927656	-65.5196839003
101.251445325	-65.5207634328
101.248843031	-65.5209781693
101.249360633	-65.5220577148
101.246758178	-65.522272413
101.247275713	-65.5233519713
101.247793296	-65.524431532
101.245190567	-65.5246462025
101.245708083	-65.5257257761
101.246225646	-65.526805352
101.243622643	-65.5270199948
101.244140139	-65.5280995836
101.244657683	-65.5291791748
101.245175273	-65.5302587682
101.245692911	-65.5313383639
101.246210596	-65.532417962
101.246728327	-65.5334975623
101.247246106	-65.534577165
101.247763932	-65.53565677
101.250367844	-65.5354420423
101.250885831	-65.536521639
101.251403864	-65.537601238
101.251921945	-65.5386808393
101.252440073	-65.5397604429
101.252958248	-65.5408400488
101.25347647	-65.541919657
101.253994739	-65.5429992675
101.254513056	-65.5440788804
101.255031419	-65.5451584955
101.25554983	-65.546238113
101.256068287	-65.5473177327
101.256586792	-65.5483973547
101.254499954	-65.5496918447
101.255018439	-65.550771482
101.255536972	-65.5518511215
101.256055551	-65.5529307634
101.256574178	-65.5540104076
101.257092852	-65.5550900541
101.257611573	-65.5561697029
101.255005453	-65.5563845832
101.255524107	-65.5574642449
101.252917826	-65.557679087
101.253436414	-65.5587587616
101.250829971	-65.5589735653
101.251348492	-65.5600532529
101.251867061	-65.5611329427
101.252385676	-65.5622126349
101.252904339	-65.5632923293
101.250297394	-65.5635071265
101.25081599	-65.5645868339
101.251334633	-65.5656665436
101.248727412	-65.5658813131
101.249245989	-65.5669610357
101.246638607	-65.5671757668
101.247157117	-65.5682555023
101.244549574	-65.5684701951
101.245068017	-65.5695499436
101.242460313	-65.569764598
101.242978689	-65.5708443593
101.240370824	-65.5710589754
101.240889133	-65.5721387497
101.238281107	-65.5723533274
101.23879935	-65.5734331146
101.236191162	-65.5736476539
101.236709338	-65.574727454
101.23722756	-65.5758072564
101.23774583	-65.5768870611
101.238264147	-65.5779668681
101.238782512	-65.5790466774
101.239300923	-65.580126489
101.236692004	-65.580341043
101.237210349	-65.5814208675
101.237728741	-65.5825006943
101.23824718	-65.5835805235
101.235637871	-65.5837950603
101.236156243	-65.5848749024
101.233546773	-65.5850894008
101.230937256	-65.5853038502
101.231455447	-65.5863837158
101.228845768	-65.5865981268
101.229363892	-65.5876780053
101.226754052	-65.5878923779
101.224144165	-65.5881067015
101.22153423	-65.588320976
101.218924248	-65.5885352016
101.21631422	-65.5887493781
101.213704144	-65.5889635056
101.21109402	-65.589177584
101.20848385	-65.5893916134
101.205873633	-65.5896055938
101.202746386	-65.5887395407
101.200653057	-65.5900334075
101.195948978	-65.5915410435
101.193338411	-65.5917547893
101.191244301	-65.593048528
101.188633526	-65.5932621862
101.186022703	-65.5934757955
101.186539026	-65.5945558609
101.183928042	-65.5947694316
101.181317011	-65.5949829533
101.181833153	-65.5960630422
101.17922196	-65.5962765254
101.179738034	-65.5973566272
101.17712668	-65.5975700719
101.174515279	-65.5977834675
101.17241961	-65.5990769499
101.169808	-65.599290258
101.167196344	-65.599503517
101.16458464	-65.5997167269
101.165100122	-65.6007968967
101.162488257	-65.6010100681
101.159876346	-65.6012231905
101.160391646	-65.6023033837
101.157779572	-65.6025164675
101.158294805	-65.6035966736
101.15568257	-65.6038097189
101.156197735	-65.6048899379
101.154100437	-65.6061831765
101.151487879	-65.6063961447
101.152002909	-65.6074763895
101.14939019	-65.6076893191
101.146777424	-65.6079021997
101.147292272	-65.6089824678
101.144679345	-65.6091953098
101.145194125	-65.6102755909
101.142581036	-65.6104883943
101.143095749	-65.6115686882
101.140482499	-65.6117814531
101.140997144	-65.6128617599
101.138383732	-65.6130744862
101.138898309	-65.6141548058
101.136284736	-65.6143674935
101.133671115	-65.6145801321
101.134185511	-65.6156604752
101.131571729	-65.6158730752
101.132086056	-65.6169534311
101.129472113	-65.6171659926
101.129986372	-65.6182463614
101.127372267	-65.6184588842
101.127886459	-65.6195392658
101.125272193	-65.6197517501
101.125786317	-65.6208321446
101.123171889	-65.6210445902
101.123685945	-65.6221249976
101.121071355	-65.6223374046
101.121585344	-65.6234178249
101.118970593	-65.6236301933
101.116355794	-65.6238425126
101.116869601	-65.6249229562
101.114254641	-65.6251352368
101.114768379	-65.6262156933
101.112153257	-65.6264279353
101.112666928	-65.6275084047
101.110051644	-65.627720608
101.110565247	-65.6288010902
101.107949802	-65.629013255
101.108463337	-65.63009375
101.10584773	-65.6303058761
101.106361197	-65.631386384
101.103745429	-65.6315984715
101.101642898	-65.632891041
101.099026921	-65.6331030407
101.099540137	-65.6341835848
101.096923998	-65.6343955458
101.097437146	-65.6354761027
101.094820846	-65.635688025
101.092717464	-65.6369804785
101.090100955	-65.6371923129
101.090613852	-65.6382729061
101.087997181	-65.6384847019
101.085380463	-65.6386964484
101.085893178	-65.639777065
101.083276298	-65.6399887729
101.080659372	-65.6402004315
101.081171903	-65.6412810714
101.078554815	-65.6414926914
101.079067278	-65.6425733441
101.076450029	-65.6427849254
101.076962423	-65.643865591
101.074857339	-65.6451578119
101.072239765	-65.6453693158
101.072752024	-65.6464500071
101.070134289	-65.6466614722
101.067516507	-65.6468728881
101.068028582	-65.6479536027
101.065410638	-65.6481649799
101.065922645	-65.6492457073
101.063304539	-65.6494570458
101.061198211	-65.6507490857
101.061710081	-65.6518298388
101.059091652	-65.6520410998
101.059603454	-65.6531218657
101.056984863	-65.6533330879
101.057496597	-65.6544138667
101.054877843	-65.6546250502
101.055389509	-65.6557058417
101.052770594	-65.6559169865
101.053282191	-65.6569977909
101.050663114	-65.6572088968
101.04804399	-65.6574199536
101.048555404	-65.6585007813
101.045936118	-65.6587117992
101.043316786	-65.6589227679
101.043828016	-65.6600036189
101.041208521	-65.6602145488
101.041719683	-65.6612954127
101.039100027	-65.6615063038
101.03961112	-65.6625871805
101.036991301	-65.6627980328
101.037502326	-65.6638789223
101.034882346	-65.6640897358
101.035393302	-65.6651706382
101.03277316	-65.6653814129
101.033284047	-65.666462328
101.030663743	-65.666673064
101.031174562	-65.6677539919
101.028554096	-65.667964689
101.029064846	-65.6690456298
101.029575643	-65.670126573
101.027465628	-65.6714181977
101.027976403	-65.672499156
101.028487225	-65.6735801167
101.028998094	-65.6746610797
101.029509009	-65.6757420451
101.030019971	-65.6768230128
101.027909383	-65.6781146757
101.028420323	-65.6791956586
101.02893131	-65.6802766439
101.026309435	-65.6804873082
101.023687512	-65.6806979233
101.021065543	-65.680908489
101.018443528	-65.6811190054
101.015821465	-65.6813294725
101.013199356	-65.6815398903
101.010577201	-65.6817502588
101.007954998	-65.681960578
101.005332749	-65.6821708478
101.002710453	-65.6823810684
101.00008811	-65.6825912396
100.997465721	-65.6828013615
100.994843285	-65.6830114341
100.99273022	-65.6843025913
100.990107576	-65.6845125757
100.987484884	-65.6847225107
100.987994117	-65.6858036679
100.985371264	-65.686013564
100.982748364	-65.6862234108
100.983257412	-65.6873045912
100.98063435	-65.6875143991
100.978011241	-65.6877241577
100.975388086	-65.6879338669
100.972764884	-65.6881435267
100.972256298	-65.6870623046
100.969633165	-65.6872719047
100.967009985	-65.6874814555
100.964386759	-65.6876909569
100.961763487	-65.687900409
100.959140167	-65.6881098117
100.956516802	-65.6883191651
100.95389339	-65.6885284691
100.951269931	-65.6887377238
100.949153971	-65.6900282449
100.946530304	-65.6902374113
100.94390659	-65.6904465283
100.94128283	-65.690655596
100.941790075	-65.6917369453
100.939166153	-65.691945974
100.936542184	-65.6921549533
100.933918169	-65.6923638833
100.931294107	-65.6925727639
100.928669999	-65.6927815951
100.926045845	-65.6929903769
100.923421644	-65.6931991094
100.920797397	-65.6934077925
100.918173103	-65.6936164262
100.915548763	-65.6938250106
100.915042675	-65.6927435574
100.912418404	-65.692952082
100.909794087	-65.6931605573
100.909288277	-65.6920790858
100.906664029	-65.6922875013
100.906158381	-65.6912060218
100.903534203	-65.6914143776
100.900909978	-65.6916226839
100.898285707	-65.6918309409
100.89566139	-65.6920391486
100.896166576	-65.6931206695
100.893542097	-65.693328838
100.890917571	-65.6935369573
100.891422571	-65.6946185012
100.888797884	-65.6948265814
100.88617315	-65.6950346122
100.88354837	-65.6952425936
100.884053069	-65.696324171
100.881428127	-65.6965321134
100.878803139	-65.6967400063
100.876178104	-65.6969478498
100.873553024	-65.697155644
100.873048788	-65.6960740252
100.870423777	-65.6962817596
100.86779872	-65.6964894447
100.865173616	-65.6966970803
100.862548467	-65.6969046665
100.851040927	-65.6955711218
100.848415779	-65.6957784404
100.845790584	-65.6959857095
100.843165344	-65.6961929293
100.84003735	-65.6953183643
100.837412133	-65.6955254749
100.83478687	-65.6957325361
100.83216156	-65.6959395479
100.829536205	-65.6961465103
100.826910804	-65.6963534233
100.824285357	-65.6965602869
100.821659864	-65.696767101
100.819034324	-65.6969738658
100.816408739	-65.6971805811
100.813783108	-65.697387247
100.811157431	-65.6975938634
100.808531708	-65.6978004305
100.805905939	-65.6980069481
100.803280124	-65.6982134163
100.800654263	-65.6984198351
100.798028356	-65.6986262044
100.795402403	-65.6988325243
100.792776405	-65.6990387948
100.79015036	-65.6992450158
100.78752427	-65.6994511875
100.787023928	-65.698369249
100.784397907	-65.6985753609
100.781771841	-65.6987814234
100.779145729	-65.6989874364
100.776519571	-65.6991934
100.773893368	-65.6993993142
100.771267118	-65.6996051789
100.768640823	-65.6998109942
100.766014482	-65.7000167601
100.766513896	-65.7010987805
100.763887394	-65.7013045072
100.761260845	-65.7015101843
100.758634251	-65.7017158121
100.756007611	-65.7019213904
100.753380925	-65.7021269192
100.750754193	-65.7023323986
100.748127416	-65.7025378285
100.745500593	-65.702743209
100.742873724	-65.70294854
100.740246809	-65.7031538215
100.740745108	-65.7042359467
100.738118032	-65.704441189
100.73549091	-65.7046463818
100.732863742	-65.7048515252
100.730236529	-65.7050566191
100.72760927	-65.7052616635
100.727111552	-65.7041794873
100.724484363	-65.704384472
100.723986806	-65.7033022881
100.721359688	-65.7035072131
100.718732525	-65.7037120888
100.718235246	-65.7026298869
100.715608153	-65.7028347028
100.712981014	-65.7030394693
100.71035383	-65.7032441863
100.7077266	-65.7034488538
100.705099325	-65.7036534719
100.702472004	-65.7038580405
100.699844637	-65.7040625596
100.697217225	-65.7042670292
100.694589768	-65.7044714494
100.691466193	-65.7035935188
100.688838761	-65.7037978298
100.686211283	-65.7040020914
100.68358376	-65.7042063034
100.680956191	-65.704410466
100.678328577	-65.7046145791
100.675700917	-65.7048186427
100.673073212	-65.7050226568
100.670445462	-65.7052266214
100.667817666	-65.7054305366
100.667322686	-65.7043481463
100.664694961	-65.7045520018
100.66206719	-65.7047558078
100.661572488	-65.7036733998
100.658944788	-65.7038771461
100.655822619	-65.7029984172
100.653194945	-65.7032020544
100.650567225	-65.7034056421
100.647939461	-65.7036091804
100.64531165	-65.7038126692
100.642683795	-65.7040161084
100.640055894	-65.7042194982
100.640549621	-65.7053019849
100.637921559	-65.7055053352
100.635293452	-65.7057086361
100.632665299	-65.7059118875
100.619523856	-65.7069274018
100.616895432	-65.7071303561
100.614266962	-65.707333261
100.613774399	-65.7062506732
100.61328188	-65.7051680879
100.615910117	-65.7049652033
100.615417527	-65.7038826306
100.618045602	-65.7036797066
100.617552942	-65.7025971465
100.619688123	-65.7013116356
100.619195437	-65.7002290906
100.621823073	-65.7000260979
100.621330315	-65.6989435655
100.620837602	-65.6978610356
100.62346496	-65.6976580137
100.622972177	-65.6965754964
100.625599374	-65.696372435
100.628226525	-65.6961693241
100.627733554	-65.6950868296
100.630360545	-65.6948836793
100.629867503	-65.6938011974
100.629374506	-65.6927187179
100.628881554	-65.691636241
100.628388648	-65.6905537665
100.625762123	-65.6907568763
100.623135552	-65.6909599366
100.620508936	-65.6911629474
100.617882275	-65.6913659088
100.615255569	-65.6915688207
100.615747894	-65.6926513457
100.613121027	-65.6928542182
100.610494114	-65.6930570412
100.607867156	-65.6932598148
100.605240153	-65.6934625388
100.602613105	-65.6936652134
100.603104895	-65.6947477913
100.600477686	-65.6949504265
100.597850431	-65.6951530122
100.598342033	-65.6962356128
100.595714617	-65.6964381591
100.593087157	-65.6966406558
100.593578571	-65.6977232791
100.590950949	-65.6979257365
100.588323282	-65.6981281443
100.58618668	-65.6994131587
100.583558806	-65.6996154776
100.580930888	-65.699817747
100.581421811	-65.7009004257
100.578793731	-65.7011026556
100.576165606	-65.7013048361
100.573537436	-65.701506967
100.57090922	-65.7017090484
100.56828096	-65.7019110803
100.565652655	-65.7021130627
100.56516243	-65.7010303236
100.562534196	-65.7012322464
100.559905918	-65.7014341197
100.55941597	-65.700351363
100.556787763	-65.7005531767
100.554159511	-65.7007549409
100.553669841	-65.6996721667
100.551041661	-65.6998738713
100.548413435	-65.7000755264
100.545785164	-65.700277132
100.543156849	-65.7004786881
100.54266769	-65.6993958762
100.540039446	-65.6995973727
100.537411157	-65.6997988197
100.534782823	-65.7000002171
100.531665796	-65.6991187156
100.529037489	-65.6993200039
100.526409137	-65.6995212428
100.525920766	-65.6984383758
100.523292486	-65.6986395551
100.520664161	-65.6988406849
100.520176067	-65.6977578004
100.517547814	-65.6979588706
100.514919516	-65.6981598913
100.5144317	-65.6970769894
100.513943929	-65.6959940899
100.516571994	-65.6957930893
100.516084151	-65.6947102024
100.515596353	-65.6936273181
100.518224141	-65.6934262879
100.520363898	-65.6921423464
100.52299148	-65.6919412272
100.525619017	-65.6917400585
100.527758219	-65.690456011
100.53038555	-65.6902547533
100.529897188	-65.6891719367
100.532524358	-65.6889706395
100.532035925	-65.6878878353
100.534662934	-65.6876864987
100.537289898	-65.6874851125
100.539916818	-65.6872836768
100.542543693	-65.6870821916
100.544681553	-65.6857979055
100.547308221	-65.6855963314
100.549934845	-65.6853947077
100.549445688	-65.6843119789
100.55207215	-65.6841103158
100.554698568	-65.6839086033
100.557324942	-65.6837068412
100.55683548	-65.682624145
100.559461692	-65.6824223435
100.55897216	-65.6813396599
100.561598211	-65.6811378189
100.561108607	-65.6800551479
100.560619048	-65.6789724793
100.563244821	-65.678770609
100.562755191	-65.677687953
100.562265605	-65.6766052995
100.559640064	-65.6768071498
100.559150639	-65.6757244888
100.55866126	-65.6746418303
100.555546687	-65.673760945
100.552921404	-65.6739626662
100.552432346	-65.6728799927
100.549807135	-65.6730816544
100.547181879	-65.6732832666
100.546693098	-65.6722005756
100.544067913	-65.6724021283
100.541442683	-65.6726036316
100.540954179	-65.6715209231
100.538329021	-65.6717223669
100.535703818	-65.6719237612
100.53307857	-65.6721251061
100.530453277	-65.6723264015
100.52782794	-65.6725276474
100.525202558	-65.6727288439
100.522577131	-65.6729299909
100.51995166	-65.6731310885
100.51946413	-65.6720483024
100.51683873	-65.6722493404
100.514213285	-65.672450329
100.511587796	-65.6726512681
100.508962262	-65.6728521578
100.506336683	-65.673052998
100.505849779	-65.6719701644
100.503224272	-65.6721709452
100.50059872	-65.6723716764
100.497973124	-65.6725723582
100.497486612	-65.6714894972
100.494861088	-65.6716901195
100.492235518	-65.6718906924
100.489609905	-65.6720912157
100.486984246	-65.6722916896
100.484358543	-65.672492114
100.481247026	-65.6716095706
100.478621351	-65.6718098861
100.47599563	-65.6720101521
100.473369866	-65.6722103686
100.470744056	-65.6724105356
100.468118202	-65.6726106531
100.465977376	-65.6738936992
100.463351317	-65.6740937277
100.460725214	-65.6742937067
100.458099066	-65.6744936362
100.455472874	-65.6746935162
100.455957526	-65.6757765366
100.453331173	-65.6759763771
100.450704775	-65.6761761681
100.448078333	-65.6763759095
100.447594031	-65.6752928593
100.444967661	-65.6754925414
100.442341246	-65.6756921739
100.439714788	-65.6758917569
100.437088285	-65.6760912904
100.434461737	-65.6762907744
100.431835146	-65.6764902089
100.431351585	-65.6754071017
100.428725065	-65.6756064768
100.426098501	-65.6758058024
100.422988726	-65.674921944
100.420362189	-65.6751211606
100.417735609	-65.6753203278
100.415108984	-65.6755194454
100.412482315	-65.6757185135
100.409855601	-65.675917532
100.407228843	-65.6761165011
100.404602042	-65.6763154207
100.401975195	-65.6765142907
100.399348305	-65.6767131112
100.39672137	-65.6769118822
100.394094392	-65.6771106037
100.391467369	-65.6773092756
100.388840302	-65.6775078981
100.38621319	-65.677706471
100.383586035	-65.6779049943
100.380958835	-65.6781034682
100.378331591	-65.6783018925
100.375704304	-65.6785002673
100.373076972	-65.6786985925
100.370449595	-65.6788968682
100.367822175	-65.6790950944
100.367341497	-65.6780117548
100.364714149	-65.6782099216
100.362086757	-65.6784080389
100.361606355	-65.6773246822
100.358979036	-65.67752274
100.356351672	-65.6777207483
100.355871547	-65.6766373745
100.353244256	-65.6768353234
100.350616921	-65.6770332228
100.347989542	-65.6772310726
100.345362119	-65.6774288729
100.342734651	-65.6776266237
100.34010714	-65.6778243249
100.339627758	-65.6767408946
100.33700032	-65.6769385364
100.333893732	-65.6760526813
100.331266322	-65.6762502142
100.330787377	-65.6751667596
100.32816004	-65.6753642332
100.325053991	-65.6744781855
100.321948174	-65.6735920712
100.319320938	-65.6737893765
100.318842591	-65.6727058904
100.316215428	-65.6729031363
100.315737241	-65.671819643
100.312632123	-65.670933329
100.310005105	-65.6711304562
100.309527239	-65.6700469485
100.306900293	-65.6702440163
100.306422587	-65.6691605014
100.303795714	-65.6693575099
100.303318169	-65.6682739878
100.302840667	-65.6671904684
100.302363209	-65.6661069515
100.299736641	-65.666303881
100.299259343	-65.665220357
100.298782089	-65.6641368355
100.298304879	-65.6630533167
100.295678617	-65.6632501674
100.295201567	-65.6621666414
100.29472456	-65.661083118
100.294247598	-65.6599995972
100.291621641	-65.6601963689
100.291144838	-65.659112841
100.290668079	-65.6580293157
100.290191364	-65.656945793
100.289714693	-65.655862273
