> -L"antarctic_islands_coastlines"
-67.086656788	-79.5715023449
-67.095817322	-79.5734422232
-67.101625661	-79.5738863687
-67.107434498	-79.5743304079
-67.113243831	-79.5747743409
-67.110791101	-79.5758258207
-67.108337874	-79.5768772833
-67.102527572	-79.5764332589
-67.100073362	-79.5774846584
-67.094263074	-79.5770404819
-67.088453284	-79.5765961992
-67.082643991	-79.5761518101
-67.076835197	-79.5757073148
-67.0710269	-79.5752627132
-67.065219102	-79.5748180054
-67.067676213	-79.5737668805
-67.061869396	-79.5733221122
-67.056063077	-79.5728772377
-67.050257257	-79.572432257
-67.044451934	-79.5719871701
-67.03864711	-79.571541977
-67.041106137	-79.5704910638
-67.035302293	-79.5700458103
-67.029498948	-79.5696004508
-67.023696101	-79.5691549851
-67.017893752	-79.5687094133
-67.012091901	-79.5682637354
-67.006290549	-79.5678179514
-67.00875197	-79.5667672957
-67.002951598	-79.5663214515
-66.997151724	-79.5658755013
-66.991352349	-79.565429445
-66.985553472	-79.5649832826
-66.979755094	-79.5645370143
-66.973957214	-79.56409064
-66.968159833	-79.5636441597
-66.962362951	-79.5631975734
-66.956566568	-79.5627508812
-66.950770683	-79.562304083
-66.944975297	-79.5618571789
-66.942508587	-79.5629073298
-66.936713221	-79.5624602738
-66.930918353	-79.562013112
-66.928450184	-79.5630631534
-66.922655336	-79.5626158397
-66.920186188	-79.5636658175
-66.91439136	-79.563218352
-66.909450606	-79.565318163
-66.90697948	-79.566368042
-66.912775747	-79.5668156455
-66.910304601	-79.567865553
-66.916101848	-79.5683130966
-66.913630681	-79.5693630324
-66.919428909	-79.569810516
-66.916957722	-79.5708604803
-66.92275693	-79.571307904
-66.920285724	-79.5723578966
-66.917814017	-79.5734078716
-66.923614686	-79.5738552813
-66.921142959	-79.5749052847
-66.92694461	-79.5753526345
-66.930275496	-79.576849956
-66.936078629	-79.5772971397
-66.933607344	-79.5783472459
-66.939411458	-79.5787943696
-66.945216074	-79.5792413871
-66.95102119	-79.5796882986
-66.956826807	-79.580135104
-66.962632924	-79.5805818032
-66.968439541	-79.5810283963
-66.965970646	-79.582078761
-66.971778246	-79.5825252939
-66.969309333	-79.5835756869
-66.963501251	-79.583129108
-66.961031354	-79.5841794375
-66.95522329	-79.5837327064
-66.952752411	-79.5847829723
-66.946944365	-79.5843360891
-66.941136821	-79.5838890997
-66.938664476	-79.5849392559
-66.932856951	-79.5844921144
-66.927049927	-79.5840448667
-66.921243405	-79.5835975128
-66.915437384	-79.5831500529
-66.909631865	-79.5827024869
-66.90715661	-79.5837523953
-66.901351111	-79.5833046771
-66.898874874	-79.5843545218
-66.893069395	-79.5839066515
-66.890592175	-79.5849564323
-66.888114453	-79.5860061955
-66.893920893	-79.586454158
-66.899727837	-79.5869020144
-66.897250575	-79.5879518521
-66.89144315	-79.5875039496
-66.888964904	-79.5885537235
-66.883157501	-79.5881056687
-66.8773506	-79.5876575078
-66.874870889	-79.5887071718
-66.869064009	-79.5882588587
-66.866583314	-79.5893084587
-66.860776456	-79.5888599934
-66.858294777	-79.5899095295
-66.855812595	-79.5909590479
-66.85332991	-79.5920085485
-66.850846722	-79.5930580314
-66.84836303	-79.5941074965
-66.845878834	-79.5951569438
-66.840069593	-79.5947080952
-66.837584412	-79.5957574786
-66.831775193	-79.5953084776
-66.825966478	-79.5948593707
-66.823479831	-79.5959086437
-66.81767114	-79.5954593844
-66.815183507	-79.5965085933
-66.809374839	-79.5960591816
-66.806886222	-79.5971083264
-66.801077577	-79.5966587624
-66.798587974	-79.5977078431
-66.796097867	-79.5987569059
-66.790288766	-79.5983071433
-66.787797672	-79.5993561419
-66.781988596	-79.5989062268
-66.779496516	-79.5999551612
-66.773687465	-79.5995050938
-66.771194399	-79.6005539639
-66.765385373	-79.6001037441
-66.762891321	-79.60115255
-66.75708232	-79.6007021778
-66.754587282	-79.6017509193
-66.752091738	-79.6027996429
-66.746282283	-79.6023490719
-66.743785753	-79.6033977311
-66.741288716	-79.6044463724
-66.735478806	-79.6039956025
-66.732980783	-79.6050441794
-66.730482253	-79.6060927383
-66.724671889	-79.6056417695
-66.722172372	-79.606690264
-66.716362034	-79.6062391427
-66.71386153	-79.6072875727
-66.70805122	-79.6068362989
-66.705549729	-79.6078846644
-66.70304773	-79.6089330118
-66.697236967	-79.6084815391
-66.694733981	-79.6095298219
-66.688923245	-79.6090781967
-66.686419271	-79.610126415
-66.683914789	-79.6111746152
-66.681409799	-79.6122227973
-66.6789043	-79.6132709614
-66.676398293	-79.6143191074
-66.673891778	-79.6153672353
-66.671384754	-79.6164153451
-66.668877221	-79.6174634367
-66.663063153	-79.617011333
-66.660554631	-79.6180593599
-66.6580456	-79.6191073688
-66.655536059	-79.6201553595
-66.653026009	-79.621203332
-66.64721053	-79.6207509357
-66.64469949	-79.6217988435
-66.64218794	-79.6228467331
-66.636372011	-79.6223941375
-66.633859471	-79.6234419622
-66.628043572	-79.6229892139
-66.625530041	-79.6240369738
-66.619714172	-79.6235840727
-66.613898813	-79.6231310655
-66.608083965	-79.6226779524
-66.602269627	-79.6222247332
-66.5964558	-79.6217714081
-66.598971729	-79.6207238817
-66.593158891	-79.6202704973
-66.587346564	-79.6198170069
-66.589862941	-79.6187695558
-66.584051604	-79.6183160062
-66.586567949	-79.6172685835
-66.580757601	-79.6168149748
-66.583273914	-79.6157675805
-66.577464555	-79.6153139126
-66.574947763	-79.6163612601
-66.569138435	-79.6159074396
-66.566620654	-79.6169547221
-66.560811359	-79.6165007489
-66.558292589	-79.6175479664
-66.555773308	-79.6185951656
-66.553253517	-79.6196423464
-66.547443297	-79.6191881271
-66.544922516	-79.6202352429
-66.53911233	-79.6197808709
-66.536590559	-79.6208279216
-66.530780406	-79.6203733969
-66.528257645	-79.6214203824
-66.522447526	-79.6209657051
-66.519923775	-79.6220126254
-66.514113689	-79.6215577953
-66.508304116	-79.6211028595
-66.505778898	-79.6221496677
-66.499969358	-79.6216945792
-66.494160331	-79.6212393848
-66.488351816	-79.6207840846
-66.485824653	-79.6218307338
-66.480016173	-79.621375281
-66.474208206	-79.6209197223
-66.471679575	-79.6219662593
-66.465871644	-79.621510548
-66.463342023	-79.6225570196
-66.46081189	-79.6236034727
-66.455003517	-79.6231475618
-66.452472394	-79.6241939495
-66.446664057	-79.6237378859
-66.444131944	-79.6247842081
-66.438323644	-79.6243279918
-66.43579054	-79.6253742486
-66.429982276	-79.6249178795
-66.427448182	-79.6259640708
-66.421639955	-79.6255075489
-66.419104871	-79.6265536747
-66.416569272	-79.6275997819
-66.410760606	-79.6271430603
-66.408224017	-79.628189102
-66.405686913	-79.6292351251
-66.403149294	-79.6302811296
-66.397339713	-79.6298241611
-66.394801103	-79.6308701
-66.392261978	-79.6319160202
-66.389722339	-79.6329619219
-66.387182184	-79.634007805
-66.381371211	-79.6335505425
-66.375560753	-79.6330931742
-66.369750811	-79.6326357001
-66.363941384	-79.6321781204
-66.358132473	-79.6317204349
-66.352324077	-79.6312626438
-66.35486709	-79.6302170434
-66.349059686	-79.6297591937
-66.343252797	-79.6293012383
-66.345796246	-79.6282557136
-66.339990348	-79.6277976997
-66.334184966	-79.6273395803
-66.3283801	-79.6268813552
-66.330924459	-79.6258359532
-66.325120583	-79.6253776698
-66.319317222	-79.6249192807
-66.316059645	-79.6234155069
-66.31025779	-79.6229569539
-66.312803016	-79.6219117031
-66.307002151	-79.6214530918
-66.301201802	-79.620994375
-66.295401967	-79.6205355527
-66.297948101	-79.6194904247
-66.292149256	-79.6190315441
-66.286350926	-79.618572558
-66.280553112	-79.6181134665
-66.278005557	-79.619158453
-66.272207785	-79.6186992089
-66.269659242	-79.6197441294
-66.267110183	-79.6207890311
-66.272908901	-79.6212483696
-66.2703598	-79.6222932998
-66.276159508	-79.62275258
-66.273610364	-79.6237975387
-66.279411062	-79.6242567607
-66.276861876	-79.6253017478
-66.274312173	-79.626346716
-66.268510527	-79.6258873995
-66.262709397	-79.6254279775
-66.256908784	-79.6249684501
-66.254357143	-79.6260132578
-66.248556573	-79.6255535777
-66.24275652	-79.6250937921
-66.240203415	-79.6261384864
-66.237649794	-79.627183162
-66.231849311	-79.6267231764
-66.229294699	-79.6277677858
-66.22673957	-79.6288123764
-66.224183923	-79.6298569481
-66.218382537	-79.629396715
-66.212581669	-79.6289363766
-66.206781318	-79.6284759327
-66.204223734	-79.6295203435
-66.198423429	-79.6290597469
-66.195864854	-79.6301040915
-66.19330576	-79.6311484171
-66.199107012	-79.6316091084
-66.196547874	-79.6326534625
-66.202350117	-79.6331140958
-66.208152879	-79.6335746237
-66.205594169	-79.6346190536
-66.211397922	-79.6350795234
-66.208839167	-79.6361239818
-66.20303494	-79.6356634646
-66.197231232	-79.635202842
-66.191428042	-79.6347421139
-66.185625371	-79.6342812804
-66.179823219	-79.6338203414
-66.174021585	-79.6333592971
-66.16822047	-79.6328981473
-66.170782537	-79.6318540207
-66.164982414	-79.6313928129
-66.159182809	-79.6309314998
-66.153383723	-79.6304700814
-66.155946688	-79.6294260781
-66.150148593	-79.6289646017
-66.144351017	-79.6285030201
-66.13855396	-79.6280413331
-66.141117822	-79.6269974531
-66.135321755	-79.6265357083
-66.137885571	-79.6254918568
-66.132090494	-79.6250300542
-66.126295936	-79.6245681463
-66.128860176	-79.6235243706
-66.123066607	-79.623062405
-66.117273557	-79.6226003341
-66.111481026	-79.622138158
-66.105689014	-79.6216758768
-66.097330927	-79.6222570287
-66.091539481	-79.6217944897
-66.088971898	-79.6228379614
-66.083180502	-79.6223752698
-66.080611929	-79.6234186749
-66.078042838	-79.624462061
-66.083835175	-79.6249248478
-66.089628032	-79.6253875293
-66.087059361	-79.6264309913
-66.092853208	-79.6268936152
-66.096079326	-79.6283996719
-66.090284489	-79.6279371057
-66.08771525	-79.6289805771
-66.081920462	-79.6285178582
-66.076126194	-79.628055034
-66.070332445	-79.6275921047
-66.064539217	-79.6271290702
-66.067110338	-79.626085789
-66.061318099	-79.6256226969
-66.05552638	-79.6251594997
-66.058097922	-79.6241162944
-66.052307193	-79.6236530397
-66.046516984	-79.6231896798
-66.049088945	-79.6221465505
-66.043299725	-79.6216831331
-66.037511025	-79.6212196107
-66.031722845	-79.6207559831
-66.025935185	-79.6202922506
-66.020148045	-79.619828413
-66.014361425	-79.6193644705
-66.008575324	-79.6189004229
-66.00600008	-79.6199432191
-66.000214031	-79.6194790189
-65.994428502	-79.6190147138
-65.991851801	-79.6200573956
-65.989274579	-79.6211000581
-65.983488634	-79.6206355527
-65.980910423	-79.6216781483
-65.978331691	-79.6227207247
-65.97254533	-79.6222560191
-65.975124531	-79.6212134904
-65.969339159	-79.6207487275
-65.963554309	-79.6202838597
-65.966133924	-79.619241407
-65.968713018	-79.6181989351
-65.962929624	-79.6177340577
-65.95714675	-79.6172690755
-65.95972626	-79.6162266796
-65.953944374	-79.6157616401
-65.951364398	-79.6168039883
-65.945582566	-79.6163387963
-65.939801255	-79.6158734994
-65.937219823	-79.6169157329
-65.931438566	-79.6164502835
-65.92565783	-79.6159847293
-65.919877615	-79.6155190703
-65.914097921	-79.6150533064
-65.911514101	-79.6160953297
-65.90892976	-79.6171373337
-65.903149654	-79.6166713696
-65.900564325	-79.6177133065
-65.894784275	-79.6172471899
-65.889004746	-79.6167809685
-65.891591008	-79.6157391271
-65.894176748	-79.6146972664
-65.888398673	-79.6142310358
-65.890984357	-79.6131892035
-65.88520727	-79.6127229159
-65.879430704	-79.6122565236
-65.882016799	-79.6112147674
-65.87624122	-79.6107483182
-65.870466162	-79.6102817643
-65.864691626	-79.6098151058
-65.867278595	-79.6087734734
-65.861505045	-79.608306758
-65.855732017	-79.607839938
-65.853144118	-79.6088814748
-65.847371146	-79.6084145023
-65.841598697	-79.6079474253
-65.839009347	-79.6089888471
-65.833236954	-79.6085216176
-65.830646618	-79.6095629721
-65.824874282	-79.6090955903
-65.819102469	-79.6086281039
-65.816510682	-79.6096693432
-65.813918373	-79.610710563
-65.808146154	-79.6102428763
-65.805552858	-79.6112840288
-65.80295904	-79.6123251617
-65.808732187	-79.6127929441
-65.806138311	-79.6138341053
-65.803543911	-79.614875247
-65.800948988	-79.6159163692
-65.798353543	-79.6169574719
-65.795757574	-79.617998555
-65.793161081	-79.6190396185
-65.790564065	-79.6200806625
-65.787966525	-79.621121687
-65.785368462	-79.6221626918
-65.782769874	-79.6232036771
-65.788548191	-79.623671834
-65.785949544	-79.6247128476
-65.791728851	-79.6251809479
-65.789130144	-79.6262219899
-65.786530914	-79.6272630123
-65.792311675	-79.6277311038
-65.789712385	-79.6287721546
-65.795494136	-79.6292401893
-65.801276412	-79.6297081193
-65.807059212	-79.6301759445
-65.812842537	-79.630643665
-65.815439964	-79.6296024224
-65.818036866	-79.6285611602
-65.823819783	-79.62902868
-65.83219867	-79.6284547175
-65.837982169	-79.6289219799
-65.840576625	-79.6278805349
-65.846360181	-79.6283476446
-65.852144261	-79.6288146495
-65.849550738	-79.6298561903
-65.855335808	-79.6303231382
-65.852742228	-79.6313647074
-65.858528289	-79.6318315984
-65.855934652	-79.6328731959
-65.861721703	-79.6333400299
-65.859128009	-79.6343816559
-65.864916052	-79.6348484329
-65.862322302	-79.6358900873
-65.868111336	-79.6363568074
-65.865517529	-79.6373984902
-65.871307555	-79.6378651531
-65.868713691	-79.6389068644
-65.874504709	-79.6393734703
-65.871910789	-79.64041521
-65.877702799	-79.6408817588
-65.883495334	-79.6413482027
-65.880901826	-79.6423900187
-65.878307793	-79.6434318152
-65.884101789	-79.6438982498
-65.8815077	-79.6449400748
-65.887302689	-79.6454064523
-65.884708544	-79.6464483057
-65.890504527	-79.6469146261
-65.887910326	-79.647956508
-65.893707303	-79.6484227712
-65.891113046	-79.6494646815
-65.896911017	-79.6499308875
-65.894316704	-79.6509728263
-65.900115669	-79.6514389751
-65.90591516	-79.6519050188
-65.911715175	-79.6523709574
-65.917515716	-79.6528367908
-65.923316782	-79.653302519
-65.929118372	-79.653768142
-65.934920488	-79.6542336599
-65.940723128	-79.6546990725
-65.946526294	-79.6551643798
-65.943935686	-79.6562067302
-65.949739847	-79.6566719801
-65.947149185	-79.6577143589
-65.952954342	-79.6581795515
-65.958760023	-79.6586446388
-65.96456623	-79.6591096207
-65.970372961	-79.6595744974
-65.972961738	-79.6585319271
-65.978768522	-79.6589966506
-65.98716314	-79.6584185835
-65.989749924	-79.657375879
-65.992336184	-79.6563331551
-65.99492192	-79.6552904119
-65.989116497	-79.654825985
-65.991702181	-79.6537832703
-65.985897754	-79.6533187859
-65.988483385	-79.6522760997
-65.982679952	-79.6518115578
-65.985265531	-79.6507689
-65.979463093	-79.6503043006
-65.982048619	-79.6492616713
-65.976247176	-79.6487970145
-65.978832649	-79.6477544137
-65.9730322	-79.6472896994
-65.97561762	-79.646247127
-65.969818165	-79.6457823553
-65.972403532	-79.6447398114
-65.966605071	-79.6442749822
-65.969190384	-79.6432324668
-65.963392916	-79.6427675802
-65.957595971	-79.6423025886
-65.960181702	-79.6412601493
-65.95438575	-79.6407951003
-65.956971426	-79.6397526895
-65.951176467	-79.6392875832
-65.95376209	-79.6382452008
-65.95955658	-79.6387102594
-65.965351593	-79.6391752129
-65.971147128	-79.6396400613
-65.968562914	-79.6406825869
-65.974359442	-79.641147378
-65.980156493	-79.6416120638
-65.985954066	-79.6420766445
-65.983370739	-79.6431192941
-65.989169306	-79.6435838173
-65.986585926	-79.6446264954
-65.992385487	-79.6450909612
-65.989802054	-79.6461336677
-65.995602608	-79.646598076
-66.001403685	-79.6470623791
-66.007205285	-79.6475265769
-66.013007408	-79.6479906694
-66.010425337	-79.6490335476
-66.016228454	-79.6494975826
-66.022032095	-79.6499615123
-66.027836258	-79.6504253366
-66.033640944	-79.6508890557
-66.039446153	-79.6513526693
-66.036865917	-79.6523957669
-66.042672122	-79.6528593229
-66.048478848	-79.6533227735
-66.05105814	-79.6522795806
-66.056864917	-79.6527428781
-66.062672217	-79.6532060702
-66.06848004	-79.6536691569
-66.071057391	-79.6526258017
-66.076865263	-79.6530887353
-66.082673658	-79.6535515635
-66.088482575	-79.6540142862
-66.094292015	-79.6544769034
-66.100101977	-79.6549394151
-66.105912461	-79.6554018213
-66.103337949	-79.6564454624
-66.109149429	-79.6569078107
-66.114961431	-79.6573700535
-66.120773955	-79.6578321907
-66.123347045	-79.6567884068
-66.129159617	-79.6572503908
-66.134972711	-79.6577122693
-66.140786327	-79.6581740422
-66.146600465	-79.6586357094
-66.152415125	-79.6590972711
-66.158230306	-79.6595587271
-66.160800027	-79.6585146386
-66.166615255	-79.6589759415
-66.172431005	-79.6594371386
-66.174999254	-79.658392936
-66.18081505	-79.65885398
-66.183382302	-79.6578097108
-66.189198144	-79.6582706016
-66.195014507	-79.6587313867
-66.20083139	-79.659192066
-66.206648795	-79.6596526397
-66.212466721	-79.6601131076
-66.209901846	-79.6611576143
-66.215720769	-79.6616180239
-66.221540212	-79.6620783278
-66.21897577	-79.6631229105
-66.224796211	-79.6635831561
-66.230617172	-79.6640432958
-66.236438655	-79.6645033298
-66.242260659	-79.664963258
-66.248083184	-79.6654230802
-66.253906229	-79.6658827967
-66.251344126	-79.6669276452
-66.25716817	-79.6673873032
-66.254606024	-79.6684321803
-66.260431066	-79.6688917799
-66.266256629	-79.6693512735
-66.26881782	-79.6683063015
-66.274643426	-79.6687656418
-66.280469552	-79.6692248761
-66.286296199	-79.6696840045
-66.288855435	-79.6686388714
-66.29141415	-79.6675937194
-66.297240362	-79.668052647
-66.299798078	-79.6670074288
-66.293972345	-79.6665485486
-66.29653002	-79.665503359
-66.299087175	-79.6644581505
-66.304911952	-79.664916936
-66.310737249	-79.6653756155
-66.316563065	-79.665834189
-66.322389401	-79.6662926566
-66.324944123	-79.6652472399
-66.3307705	-79.6657055541
-66.333324224	-79.6646600713
-66.335877428	-79.6636145697
-66.338430114	-79.6625690494
-66.34098228	-79.6615235103
-66.346807262	-79.6619815293
-66.352632763	-79.6624394424
-66.358458782	-79.6628972494
-66.355908052	-79.6639429303
-66.361735069	-79.6644006786
-66.367562605	-79.6648583209
-66.365012315	-79.6659040776
-66.370840849	-79.6663616611
-66.379219234	-79.6657732872
-66.385048326	-79.6662306112
-66.390877936	-79.6666878292
-66.396708066	-79.667144941
-66.394160173	-79.6681909341
-66.399991301	-79.668647987
-66.39744337	-79.6696940087
-66.403275497	-79.6701510027
-66.409108143	-79.6706078906
-66.414941307	-79.6710646723
-66.420774989	-79.6715213478
-66.426609191	-79.6719779171
-66.43244391	-79.6724343801
-66.438279148	-79.672890737
-66.444114905	-79.6733469875
-66.446658989	-79.6723005882
-66.452494782	-79.6727566853
-66.455037867	-79.6717102202
-66.457580433	-79.6706637365
-66.460122482	-79.6696172343
-66.462664013	-79.6685707134
-66.465205026	-79.6675241741
-66.467745522	-79.6664776161
-66.461912617	-79.6660218019
-66.464453077	-79.6649752726
-66.46699302	-79.6639287246
-66.461161594	-79.6634728985
-66.4637015	-79.6624263791
-66.457871072	-79.6619704939
-66.460410943	-79.6609240031
-66.454581512	-79.6604680588
-66.448752598	-79.6600120083
-66.451292912	-79.6589655932
-66.445464995	-79.6585094838
-66.439637595	-79.6580532682
-66.43635195	-79.6565506542
-66.430526063	-79.6560942736
-66.433067264	-79.6550480098
-66.438892671	-79.6555043433
-66.444718594	-79.6559605708
-66.450545035	-79.6564166921
-66.453084279	-79.6553702685
-66.458910756	-79.6558262366
-66.464737749	-79.6562820987
-66.470565258	-79.6567378546
-66.476393284	-79.6571935044
-66.482221825	-79.657649048
-66.488050883	-79.6581044855
-66.493880457	-79.6585598168
-66.499710547	-79.6590150419
-66.502245431	-79.6579682232
-66.508075555	-79.6584232951
-66.513906196	-79.6588782607
-66.516439602	-79.6578313295
-66.522270277	-79.6582861419
-66.524802686	-79.6572391452
-66.530633395	-79.6576938044
-66.533164807	-79.6566467423
-66.538995549	-79.6571012482
-66.544826807	-79.6575556479
-66.550658579	-79.6580099414
-66.556490866	-79.6584641285
-66.553961381	-79.6595113785
-66.559794666	-79.6599655063
-66.565628465	-79.6604195278
-66.563099429	-79.6614668533
-66.568934227	-79.6619208154
-66.574769539	-79.6623746711
-66.572240953	-79.6634220722
-66.578077263	-79.6638758685
-66.583914088	-79.6643295584
-66.589751428	-79.664783142
-66.595589284	-79.6652366191
-66.601427654	-79.6656899898
-66.603953823	-79.6646423541
-66.609792225	-79.6650955715
-66.615631141	-79.6655486824
-66.618155829	-79.6645009346
-66.620680002	-79.6634531686
-66.626518465	-79.6639060792
-66.62904164	-79.662858248
-66.634880133	-79.6633110053
-66.63740231	-79.662263109
-66.639923973	-79.6612151944
-66.634086448	-79.6607625308
-66.63660808	-79.6597146448
-66.6391292	-79.6586667405
-66.633293155	-79.6582140641
-66.635814244	-79.6571661884
-66.629979196	-79.6567134524
-66.624144662	-79.65626061
-66.626666204	-79.6552128097
-66.629187233	-79.6541649911
-66.635020801	-79.6546177399
-66.640854882	-79.6550703822
-66.646689477	-79.6555229182
-66.652524584	-79.6559753478
-66.650005489	-79.6570233536
-66.655841593	-79.6574757235
-66.661678211	-79.657927987
-66.667515342	-79.658380144
-66.664997185	-79.6594282719
-66.670835313	-79.6598803692
-66.676673954	-79.6603323601
-66.674156252	-79.6613805634
-66.679995891	-79.6618324945
-66.685836043	-79.662284319
-66.691676707	-79.662736037
-66.689159947	-79.6637843625
-66.69500161	-79.6642360207
-66.700843786	-79.6646875723
-66.698327483	-79.6657359731
-66.695810666	-79.6667843558
-66.693293335	-79.6678327202
-66.690775491	-79.6688810665
-66.688257133	-79.6699293946
-66.685738262	-79.6709777045
-66.683218877	-79.6720259962
-66.680698977	-79.6730742697
-66.678178563	-79.674122525
-66.675657634	-79.6751707621
-66.673136192	-79.676218981
-66.670614234	-79.6772671816
-66.668091761	-79.678315364
-66.665568773	-79.6793635281
-66.66304527	-79.680411674
-66.660521252	-79.6814598016
-66.657996719	-79.682507911
-66.655471669	-79.6835560021
-66.652946104	-79.6846040749
-66.650420023	-79.6856521295
-66.647893426	-79.6867001658
-66.645366313	-79.6877481837
-66.642838683	-79.6887961834
-66.636985333	-79.688343554
-66.6344567	-79.6893914884
-66.628603381	-79.6889387053
-66.622750578	-79.6884858155
-66.620220456	-79.6895336376
-66.614367684	-79.6890805941
-66.611836559	-79.6901283508
-66.609304916	-79.6911760892
-66.603451689	-79.6907228449
-66.600919044	-79.691770518
-66.598385881	-79.6928181726
-66.592532199	-79.6923647275
-66.589998032	-79.6934123167
-66.587463347	-79.6944598875
-66.581609212	-79.6940062416
-66.579073523	-79.6950537469
-66.573219419	-79.6945999472
-66.570682726	-79.695647387
-66.564828656	-79.6951934335
-66.562290958	-79.6962408078
-66.55643692	-79.6957867005
-66.553898219	-79.6968340092
-66.534568596	-79.6990669125
-66.532026847	-79.700114053
-66.526171938	-79.6996593898
-66.523629184	-79.7007064646
-66.52108591	-79.7017535208
-66.518542116	-79.7028005584
-66.512686271	-79.702345647
-66.510141471	-79.7033926189
-66.504285661	-79.7029375536
-66.501739856	-79.7039844597
-66.49919353	-79.7050313473
-66.493337269	-79.7045760808
-66.490789937	-79.7056229025
-66.484933712	-79.7051674821
-66.479078007	-79.704711955
-66.473222824	-79.7042563212
-66.470673516	-79.7053029825
-66.464818368	-79.7048471948
-66.462268054	-79.7058937901
-66.456412943	-79.7054378485
-66.453861623	-79.7064843779
-66.448006549	-79.7060282823
-66.445454223	-79.7070747457
-66.442901375	-79.7081211904
-66.437045852	-79.7076648935
-66.434491998	-79.7087112722
-66.428636513	-79.7082548213
-66.426081652	-79.709301134
-66.423526269	-79.7103474279
-66.417670337	-79.7098907756
-66.415113947	-79.7109370034
-66.409258054	-79.7104801971
-66.406700656	-79.7115263588
-66.400844802	-79.7110693985
-66.398286397	-79.712115494
-66.39572747	-79.7131615707
-66.389871169	-79.7127044089
-66.387311234	-79.7137504195
-66.381454973	-79.7132931036
-66.37889403	-79.7143390479
-66.373037808	-79.713881578
-66.370475858	-79.714927456
-66.367913384	-79.7159733151
-66.362056718	-79.7155156437
-66.359493236	-79.7165614365
-66.35363661	-79.7161036109
-66.35107212	-79.7171493374
-66.348507105	-79.7181950451
-66.342650036	-79.7177370178
-66.340084013	-79.7187826591
-66.334226984	-79.7183244777
-66.331659953	-79.7193700525
-66.325802965	-79.7189117171
-66.323234926	-79.7199572254
-66.320666361	-79.7210027148
-66.314808931	-79.7205441776
-66.312239357	-79.7215896005
-66.309669257	-79.7226350045
-66.307098633	-79.7236803896
-66.304527482	-79.7247257557
-66.298668643	-79.7242669215
-66.296096483	-79.725312221
-66.293523796	-79.7263575016
-66.290950584	-79.7274027632
-66.288376844	-79.7284480059
-66.285802579	-79.7294932295
-66.279941848	-79.7290340504
-66.277366572	-79.7300792073
-66.271505884	-79.7296198739
-66.265645723	-79.7291604338
-66.263068952	-79.7302054764
-66.257208835	-79.729745882
-66.254631054	-79.7307908578
-66.24877098	-79.7303311092
-66.246192189	-79.7313760182
-66.243612869	-79.7324209082
-66.237752357	-79.7319609575
-66.235172026	-79.7330057806
-66.232591168	-79.7340505846
-66.230009782	-79.7350953696
-66.224148347	-79.7346351689
-66.221565949	-79.735679887
-66.218983023	-79.736724586
-66.216399568	-79.7377692658
-66.213815584	-79.7388139265
-66.211231072	-79.7398585681
-66.20864603	-79.7409031906
-66.206060459	-79.7419477939
-66.203474359	-79.7429923781
-66.200887729	-79.7440369431
-66.19830057	-79.745081489
-66.19243483	-79.7446207033
-66.189846657	-79.7456651821
-66.187257954	-79.7467096417
-66.184668721	-79.7477540822
-66.178802061	-79.7472930461
-66.176211814	-79.7483374194
-66.173621036	-79.7493817735
-66.171029728	-79.7504261084
-66.165162147	-79.7499648218
-66.162569824	-79.7510090895
-66.15670229	-79.7505476484
-66.154108953	-79.7515918489
-66.148241467	-79.7511302531
-66.145647115	-79.7521743863
-66.143052231	-79.7532185003
-66.13718431	-79.7527567019
-66.134588411	-79.7538007486
-66.128720538	-79.7533387956
-66.126123625	-79.7543827749
-66.123526179	-79.7554267349
-66.117657871	-79.7549645792
-66.11505941	-79.7560084719
-66.112460417	-79.7570523452
-66.109860891	-79.7580961991
-66.107260833	-79.7591400337
-66.101391125	-79.7586775791
-66.09879005	-79.7597213463
-66.096188442	-79.7607650941
-66.093586302	-79.7618088225
-66.087715677	-79.7613461169
-66.085112519	-79.7623897779
-66.082508828	-79.7634334194
-66.07663777	-79.7629705109
-66.074033063	-79.7640140848
-66.071427821	-79.7650576394
-66.06555633	-79.7645945279
-66.062950071	-79.7656380149
-66.060343278	-79.7666814824
-66.054471355	-79.7662181679
-66.051863545	-79.7672615677
-66.045991673	-79.7667980985
-66.043382845	-79.7678414306
-66.037511025	-79.7673778065
-66.034901179	-79.7684210709
-66.029029412	-79.767957292
-66.026418548	-79.7690004886
-66.023807149	-79.7700436658
-66.021195214	-79.7710868234
-66.018582744	-79.7721299616
-66.01270958	-79.7716658829
-66.010096092	-79.7727089532
-66.007482067	-79.773752004
-66.001608474	-79.7732877221
-65.998993431	-79.774330705
-65.993119891	-79.7738662682
-65.987246887	-79.7734017248
-65.984630342	-79.7744445914
-65.978757393	-79.7739798931
-65.972884979	-79.7735150883
-65.967013103	-79.7730501769
-65.969631095	-79.7720074553
-65.963760236	-79.7715424858
-65.957889915	-79.7710774097
-65.95202013	-79.7706122271
-65.954639031	-79.7695696311
-65.948770264	-79.7691043904
-65.942902034	-79.7686390433
-65.93703434	-79.7681735897
-65.931167183	-79.7677080297
-65.925300562	-79.7672423633
-65.927921332	-79.7661999896
-65.922055729	-79.7657342652
-65.916190662	-79.7652684344
-65.913568932	-79.7663107113
-65.907703922	-79.7658447257
-65.901839448	-79.7653786338
-65.89921622	-79.7664207941
-65.893351804	-79.7659545474
-65.887487925	-79.7654881944
-65.890112113	-79.764446131
-65.88424925	-79.7639797201
-65.878386925	-79.7635132029
-65.872525137	-79.7630465794
-65.866663886	-79.7625798497
-65.860803172	-79.7621130137
-65.858176587	-79.7631548348
-65.852315931	-79.762687844
-65.849688329	-79.7637295968
-65.843827733	-79.7632624514
-65.841199114	-79.7643041358
-65.835338576	-79.7638368356
-65.829478576	-79.7633694292
-65.823619114	-79.7629019166
-65.817760189	-79.7624342978
-65.820390722	-79.7613928075
-65.814532814	-79.7609251311
-65.817163287	-79.7598836695
-65.811306394	-79.7594159355
-65.813936807	-79.7583745026
-65.808080931	-79.757906711
-65.799594223	-79.7584801492
-65.793738945	-79.7580120969
-65.791106561	-79.7590533642
-65.785251343	-79.7585851573
-65.782617943	-79.7596263562
-65.776762786	-79.7591579946
-65.770908167	-79.7586895269
-65.765054087	-79.7582209531
-65.759200545	-79.7577522734
-65.753347541	-79.7572834876
-65.747495077	-79.7568145958
-65.74164315	-79.756345598
-65.735791762	-79.7558764943
-65.729940913	-79.7554072846
-65.724090603	-79.7549379689
-65.718240831	-79.7544685474
-65.712391599	-79.7539990199
-65.706542905	-79.7535293865
-65.70069475	-79.7530596472
-65.694847134	-79.7525898021
-65.692206053	-79.7536302514
-65.686358501	-79.7531602517
-65.680511489	-79.7526901462
-65.677868919	-79.7537304781
-65.672021971	-79.753260218
-65.666175562	-79.7527898521
-65.663531503	-79.7538300664
-65.65768516	-79.753359546
-65.655040087	-79.7543996915
-65.660886905	-79.7548702607
-65.658241767	-79.7559104349
-65.6640896	-79.756380947
-65.661444396	-79.7574211498
-65.667293244	-79.7578916049
-65.664647975	-79.7589318363
-65.662002166	-79.7599720477
-65.65085818	-79.76158176
-65.648210275	-79.7626218623
-65.645561829	-79.7636619444
-65.642912841	-79.7647020064
-65.637061209	-79.7642311039
-65.634411206	-79.7652710969
-65.631760661	-79.7663110698
-65.62590862	-79.7658399637
-65.623257059	-79.7668798675
-65.617405085	-79.7664086067
-65.614752506	-79.7674484415
-65.612099386	-79.768488256
-65.609445724	-79.7695280504
-65.603592867	-79.7690565371
-65.600938188	-79.7700962623
-65.598282966	-79.7711359673
-65.595627202	-79.772175652
-65.589773463	-79.7717038861
-65.587116681	-79.7727435016
-65.584459356	-79.7737830969
-65.578605209	-79.7733111272
-65.575946866	-79.7743506533
-65.570092789	-79.7738785287
-65.567433428	-79.7749179855
-65.564773523	-79.775957422
-65.562113075	-79.7769968382
-65.559452083	-79.7780362341
-65.556790547	-79.7790756097
-65.554128467	-79.7801149649
-65.559985394	-79.7805873835
-65.557323245	-79.7816267674
-65.563181191	-79.7820991291
-65.560518973	-79.7831385417
-65.566377939	-79.7836108465
-65.563715651	-79.7846502878
-65.569575637	-79.7851225357
-65.566913281	-79.7861620057
-65.572774287	-79.7866341966
-65.570111862	-79.7876736954
-65.575973889	-79.7881458293
-65.573311395	-79.7891853568
-65.579174443	-79.7896574337
-65.57651188	-79.7906969899
-65.573848773	-79.7917365258
-65.571185119	-79.7927760413
-65.568520921	-79.7938155366
-65.57438642	-79.7942877037
-65.571722153	-79.7953272276
-65.565856177	-79.7948550114
-65.563190888	-79.795894466
-65.560525052	-79.7969339001
-65.557858671	-79.7979733139
-65.555191743	-79.7990127074
-65.55252427	-79.8000520804
-65.549856249	-79.8010914331
-65.547187683	-79.8021307654
-65.544518569	-79.8031700773
-65.541848908	-79.8042093688
-65.539178701	-79.8052486398
-65.545049445	-79.8057213472
-65.542379167	-79.8067606471
-65.548250936	-79.8072332975
-65.545580588	-79.8082726261
-65.551453382	-79.8087452195
-65.548782964	-79.8097845768
-65.546111999	-79.8108239137
-65.543440486	-79.8118632302
-65.54931526	-79.812335865
-65.555190582	-79.8128083935
-65.561066451	-79.8132808157
-65.566942869	-79.8137531317
-65.569612469	-79.8127136185
-65.575488956	-79.813185779
-65.58136599	-79.8136578332
-65.587243572	-79.8141297812
-65.593121701	-79.8146016227
-65.59578884	-79.8135618926
-65.601667037	-79.8140335787
-65.60433315	-79.812993779
-65.610211415	-79.8134653097
-65.616090227	-79.813936734
-65.621969587	-79.8144080519
-65.619304911	-79.8154479989
-65.625185297	-79.8159192595
-65.622520554	-79.8169592353
-65.628401967	-79.8174304387
-65.634283926	-79.8179015355
-65.631619596	-79.8189415892
-65.637502583	-79.8194126288
-65.634838186	-79.8204527113
-65.6407222	-79.8209236934
-65.646606761	-79.8213945691
-65.643942778	-79.8224347295
-65.641278247	-79.8234748696
-65.647164317	-79.823945737
-65.653050934	-79.8244164978
-65.658938099	-79.8248871521
-65.664825811	-79.8253576998
-65.67071407	-79.8258281409
-65.673376195	-79.8247877554
-65.67926452	-79.8252580409
-65.685153392	-79.8257282198
-65.687814007	-79.8246877159
-65.690474075	-79.8236471918
-65.693133597	-79.8226066475
-65.695792572	-79.821566083
-65.698451	-79.8205254983
-65.701108883	-79.8194848934
-65.703766219	-79.8184442684
-65.706423009	-79.8174036232
-65.709079254	-79.8163629578
-65.703194715	-79.8158932201
-65.705850895	-79.8148525835
-65.70850653	-79.8138119268
-65.71116162	-79.8127712499
-65.717044715	-79.8132408408
-65.714390107	-79.8142815666
-65.720274229	-79.8147510999
-65.726158896	-79.8152205266
-65.732044108	-79.8156898467
-65.737929866	-79.8161590603
-65.743816168	-79.8166281672
-65.749703016	-79.8170971675
-65.755590408	-79.8175660612
-65.758827047	-79.8190759454
-65.764716012	-79.8195446747
-65.770605522	-79.8200132973
-65.776495576	-79.8204818131
-65.782386176	-79.8209502223
-65.788277321	-79.8214185247
-65.79416901	-79.8218867204
-65.791520064	-79.8229280908
-65.797412782	-79.8233962286
-65.803306045	-79.8238642597
-65.800657521	-79.8249057078
-65.806551813	-79.8253736809
-65.803903228	-79.8264151579
-65.809798549	-79.826883073
-65.815694414	-79.8273508813
-65.821590824	-79.8278185827
-65.827487779	-79.8282861772
-65.83338528	-79.8287536649
-65.839283324	-79.8292210457
-65.841929002	-79.8281792756
-65.847827106	-79.8286465006
-65.853725756	-79.8291136187
-65.859624949	-79.8295806298
-65.865524687	-79.830047534
-65.87142497	-79.8305143312
-65.877325797	-79.8309810215
-65.874683033	-79.8320230844
-65.88058489	-79.8324897164
-65.886487291	-79.8329562414
-65.892390238	-79.8334226594
-65.889748387	-79.8344648488
-65.895652364	-79.8349312085
-65.893010456	-79.8359734268
-65.890368003	-79.8370156252
-65.896273498	-79.8374819754
-65.893630987	-79.8385242027
-65.890987932	-79.8395664101
-65.896894945	-79.8400327508
-65.894251832	-79.8410749871
-65.891608173	-79.8421172035
-65.897516707	-79.8425835347
-65.89487299	-79.84362578
-65.892228728	-79.8446680055
-65.889583921	-79.845710211
-65.883673925	-79.8452437334
-65.877764476	-79.8447771487
-65.875118148	-79.8458192366
-65.869208757	-79.8453524958
-65.866561395	-79.8463945149
-65.863913488	-79.8474365141
-65.861265034	-79.8484784933
-65.858616034	-79.8495204526
-65.855966487	-79.8505623918
-65.853316394	-79.8516043111
-65.850665753	-79.8526462104
-65.848014565	-79.8536880897
-65.845362831	-79.854729949
-65.842710548	-79.8557717883
-65.840057718	-79.8568136075
-65.837404341	-79.8578554067
-65.834750415	-79.8588971859
-65.832095941	-79.8599389451
-65.829440919	-79.8609806842
-65.826785349	-79.8620224033
-65.82412923	-79.8630641023
-65.821472563	-79.8641057812
-65.818815346	-79.8651474401
-65.812897238	-79.864679662
-65.810238985	-79.8657212517
-65.807580182	-79.8667628213
-65.80492083	-79.8678043709
-65.802260929	-79.8688459003
-65.796341418	-79.8683778187
-65.793680479	-79.8694192789
-65.79101899	-79.870460719
-65.78835695	-79.8715021389
-65.785694361	-79.8725435387
-65.783031221	-79.8735849183
-65.780367531	-79.8746262778
-65.78628997	-79.875094654
-65.783626218	-79.8761360425
-65.777703289	-79.8756676171
-65.775038498	-79.8767089362
-65.772373154	-79.8777502351
-65.766449801	-79.8772816041
-65.763783418	-79.8783228336
-65.761116484	-79.879364043
-65.755192705	-79.8788952063
-65.752524731	-79.8799363462
-65.749856206	-79.8809774659
-65.743932002	-79.8805084235
-65.741262436	-79.8815494737
-65.735338296	-79.8810802747
-65.729414708	-79.8806109683
-65.723491673	-79.8801415547
-65.717569189	-79.8796720338
-65.711647258	-79.8792024057
-65.70572588	-79.8787326703
-65.703052836	-79.8797734048
-65.697131522	-79.8793035129
-65.691210762	-79.8788335138
-65.688536191	-79.8798741293
-65.685861067	-79.8809147245
-65.679939885	-79.8804445196
-65.674019256	-79.8799742074
-65.671342605	-79.8810146836
-65.665422043	-79.880544215
-65.659502034	-79.8800736392
-65.653582578	-79.8796029562
-65.656260688	-79.878562628
-65.650342272	-79.8780918872
-65.644424409	-79.8776210393
-65.647102938	-79.8765807895
-65.641186115	-79.8761098838
-65.643864576	-79.8750696629
-65.637948791	-79.8745986995
-65.640627186	-79.8735585075
-65.634712439	-79.8730874865
-65.628798246	-79.8726163583
-65.622884606	-79.8721451232
-65.620204756	-79.8731851671
-65.614291184	-79.8727137755
-65.608378165	-79.872242277
-65.6024657	-79.8717706714
-65.599783842	-79.8728105467
-65.593871445	-79.8723387848
-65.587959603	-79.8718669159
-65.585276222	-79.8729066719
-65.579364449	-79.8724346466
-65.573453229	-79.8719625144
-65.570768327	-79.873002151
-65.564857177	-79.8725298624
-65.562171237	-79.873569429
-65.559484742	-79.874608975
-65.556797693	-79.8756485005
-65.554110089	-79.8766880054
-65.55142193	-79.8777274898
-65.548733217	-79.8787669536
-65.546043948	-79.8798063968
-65.543354124	-79.8808458195
-65.537439657	-79.880373028
-65.534748793	-79.8814123805
-65.532057374	-79.8824517124
-65.529365399	-79.8834910237
-65.526672868	-79.8845303143
-65.532589273	-79.885003304
-65.52989667	-79.8860426236
-65.527203512	-79.8870819226
-65.524509797	-79.8881212009
-65.518591938	-79.8876480625
-65.515897182	-79.8886872706
-65.509979396	-79.8882139755
-65.507283599	-79.8892531133
-65.504587244	-79.8902922305
-65.498669047	-79.8898187292
-65.495971651	-79.890857776
-65.493273698	-79.8918968021
-65.499192864	-79.8923704027
-65.496494838	-79.8934094578
-65.502415047	-79.893883001
-65.508335813	-79.8943564372
-65.505638199	-79.8953955709
-65.511560008	-79.8958689496
-65.508862321	-79.8969081123
-65.514785173	-79.8973814336
-65.512087413	-79.8984206253
-65.509389096	-79.8994597962
-65.506690221	-79.9004989464
-65.503990788	-79.901538076
-65.501290796	-79.9025771848
-65.498590245	-79.9036162729
-65.504516568	-79.9040897852
-65.501815945	-79.9051289023
-65.499114763	-79.9061679987
-65.505042616	-79.9066415033
-65.502341361	-79.9076806286
-65.499639547	-79.9087197333
-65.496937173	-79.9097588172
-65.49423424	-79.9107978804
-65.491530748	-79.9118369228
-65.497461591	-79.9123105688
-65.494758026	-79.9133496402
-65.4920539	-79.9143886909
-65.497986276	-79.9148623293
-65.495282077	-79.9159014089
-65.492577318	-79.9169404678
-65.498511228	-79.9174140985
-65.495806395	-79.9184531864
-65.493101002	-79.9194922536
-65.499036446	-79.9199658765
-65.504972451	-79.9204393921
-65.510909016	-79.9209128003
-65.508204524	-79.9219519961
-65.514142137	-79.9224253468
-65.511437573	-79.9234645716
-65.517376234	-79.9239378646
-65.514671597	-79.9249771185
-65.511966399	-79.9260163516
-65.50926064	-79.9270555639
-65.50655432	-79.9280947554
-65.509789102	-79.9296073609
-65.507082147	-79.9306465608
-65.51302486	-79.9311199379
-65.510317832	-79.9321591668
-65.516261595	-79.9326324862
-65.513554495	-79.9336717441
-65.519499308	-79.9341450059
-65.516792135	-79.9351842929
-65.5140844	-79.9362235592
-65.511376102	-79.9372628047
-65.508667243	-79.9383020294
-65.502720474	-79.9378285682
-65.500010563	-79.9388677222
-65.494063867	-79.9383941037
-65.491352904	-79.939433187
-65.488641379	-79.9404722495
-65.482694268	-79.9399984236
-65.479981691	-79.9410374154
-65.47726855	-79.9420763863
-65.483216639	-79.942550312
-65.480503424	-79.943589312
-65.486452565	-79.9440631801
-65.483739276	-79.9451022092
-65.48968947	-79.9455760196
-65.486976107	-79.9466150778
-65.48426218	-79.9476541151
-65.48154769	-79.9486931316
-65.475596027	-79.9482191713
-65.472880482	-79.9492581169
-65.466928894	-79.9487839991
-65.464212296	-79.9498228738
-65.458260783	-79.9493485984
-65.455543131	-79.9503874023
-65.452824915	-79.9514261853
-65.450106133	-79.9524649473
-65.456059115	-79.9529393727
-65.462012661	-79.9534136906
-65.459294293	-79.9544525317
-65.465248895	-79.9549267919
-65.471204061	-79.9554009445
-65.468486108	-79.9564398648
-65.474442329	-79.9569139597
-65.471724302	-79.9579529091
-65.46900571	-79.9589918376
-65.474963477	-79.9594659248
-65.47224481	-79.9605048824
-65.478203633	-79.960978912
-65.475484891	-79.9620178987
-65.481444771	-79.9624918706
-65.478725954	-79.9635308864
-65.48468689	-79.9640048006
-65.490648392	-79.9644786069
-65.487929992	-79.9655177019
-65.493892551	-79.9659914505
-65.499855677	-79.9664650913
-65.497137694	-79.9675042655
-65.503101877	-79.9679778484
-65.509066625	-79.9684513235
-65.50634906	-79.9694905769
-65.512314867	-79.9699639941
-65.518281239	-79.9704373035
-65.524248178	-79.970910505
-65.521531525	-79.9719498875
-65.527499521	-79.972423031
-65.533468084	-79.9728960666
-65.530751851	-79.9739355283
-65.536721473	-79.9744085059
-65.542691661	-79.9748813756
-65.564409361	-79.9803634134
-65.570384427	-79.9808357848
-65.576360059	-79.981308048
-65.582336257	-79.9817802031
-65.588313021	-79.9822522501
-65.594290352	-79.9827241889
-65.600268248	-79.9831960195
-65.60624671	-79.983667742
-65.612225738	-79.9841393562
-65.618205331	-79.9846108622
-65.615494747	-79.9856510402
-65.621475402	-79.9861224879
-65.627456624	-79.9865938274
-65.633438411	-79.9870650586
-65.639420764	-79.9875361814
-65.636711598	-79.9885765384
-65.642695014	-79.9890476029
-65.645970257	-79.9905589952
-65.649246495	-79.9920703583
-65.646537123	-79.993110803
-65.652523728	-79.9935816921
-65.649814287	-79.9946221661
-65.655801955	-79.9950929968
-65.653092445	-79.9961334999
-65.659081178	-79.9966042721
-65.6563716	-79.9976448045
-65.662361396	-79.9981155182
-65.66835176	-79.9985861234
-65.665642611	-79.999626735
-65.671634039	-80.0000972817
-65.677626034	-80.0005677198
-65.683618595	-80.0010380495
-65.689611723	-80.0015082706
-65.695605417	-80.0019783831
-65.701599678	-80.0024483871
-65.707594504	-80.0029182825
-65.713589898	-80.0033880694
-65.719585857	-80.0038577476
-65.725582382	-80.0043273171
-65.731579474	-80.0047967781
-65.737577132	-80.0052661303
-65.743575355	-80.005735374
-65.749574145	-80.0062045089
-65.755573501	-80.0066735351
-65.761573422	-80.0071424526
-65.758871702	-80.0081838415
-65.76487269	-80.0086527001
-65.762170905	-80.0096941183
-65.768172961	-80.010162918
-65.765471111	-80.0112043655
-65.771474235	-80.0116731062
-65.76877232	-80.0127145831
-65.774776511	-80.0131832647
-65.772074533	-80.0142247709
-65.769371987	-80.0152662566
-65.766668876	-80.0163077218
-65.772675139	-80.0167764441
-65.769971962	-80.0178179386
-65.767268219	-80.0188594126
-65.773276054	-80.0193281258
-65.779284456	-80.0197967301
-65.77658115	-80.0208382832
-65.782590622	-80.0213068285
-65.78860066	-80.0217752648
-65.785897793	-80.0228168971
-65.791908902	-80.0232852744
-65.797920578	-80.0237535426
-65.80393282	-80.0242217019
-65.80994563	-80.0246897522
-65.815959007	-80.0251576934
-65.82197295	-80.0256255257
-65.827987461	-80.0260932488
-65.834002538	-80.026560863
-65.840018182	-80.027028368
-65.846034393	-80.0274957639
-65.85205117	-80.0279630508
-65.854748493	-80.0269208705
-65.860765332	-80.0273879984
-65.866782738	-80.0278550172
-65.872800709	-80.0283219268
-65.878819247	-80.0287887273
-65.884838351	-80.0292554186
-65.887532582	-80.0282129692
-65.893551747	-80.0286795016
-65.890858022	-80.0297220007
-65.896878258	-80.0301884736
-65.894184473	-80.0312310021
-65.891490122	-80.0322735103
-65.897511936	-80.0327399734
-65.894817525	-80.033782511
-65.900840412	-80.0342489145
-65.898145941	-80.0352914815
-65.895450902	-80.0363340281
-65.901475369	-80.0368004219
-65.898780271	-80.0378429979
-65.904805812	-80.0383093321
-65.902110653	-80.0393519376
-65.899414928	-80.0403945226
-65.90544205	-80.040860847
-65.902746265	-80.0419034615
-65.908774461	-80.0423697263
-65.914803225	-80.0428358817
-65.920832555	-80.0433019277
-65.926862453	-80.0437678643
-65.924168131	-80.0448106574
-65.930199104	-80.0452765343
-65.936230645	-80.0457423017
-65.942262752	-80.0462079597
-65.948295427	-80.0466735082
-65.945602571	-80.04771648
-65.951636322	-80.0481819686
-65.957670639	-80.0486473478
-65.954978234	-80.0496903988
-65.961013628	-80.0501557181
-65.967049589	-80.0506209279
-65.964357635	-80.051664058
-65.970394673	-80.0521292079
-65.976432278	-80.0525942482
-65.973740777	-80.0536374575
-65.979779459	-80.0541024379
-65.985818709	-80.0545673086
-65.991858525	-80.0550320697
-65.997898909	-80.0554967211
-66.00393986	-80.0559612629
-66.009981379	-80.0564256949
-66.016023464	-80.0568900172
-66.022066116	-80.0573542297
-66.028109336	-80.0578183325
-66.034153122	-80.0582823255
-66.040197475	-80.0587462088
-66.037511025	-80.0597899443
-66.043556457	-80.0602537674
-66.049602456	-80.0607174807
-66.055649021	-80.0611810841
-66.061696153	-80.0616445777
-66.067743852	-80.0621079614
-66.074473525	-80.0651225046
-66.080523949	-80.0655856578
-66.086574941	-80.066048701
-66.089943477	-80.0675558057
-66.095996116	-80.0680186786
-66.102049322	-80.0684814415
-66.108103095	-80.0689440944
-66.105421047	-80.0699883945
-66.111475901	-80.070450987
-66.117531321	-80.0709134693
-66.123587309	-80.0713758417
-66.129643863	-80.0718381039
-66.135700983	-80.072300256
-66.14175867	-80.072762298
-66.139079145	-80.0738068755
-66.145137914	-80.0742688569
-66.15119725	-80.0747307281
-66.148518188	-80.0757753847
-66.154578606	-80.0762371953
-66.151899494	-80.0772818815
-66.157960995	-80.0777436314
-66.155281831	-80.0787883471
-66.161344415	-80.0792500364
-66.158665201	-80.0802947816
-66.164728868	-80.0807564103
-66.162049603	-80.081801185
-66.159369771	-80.0828459398
-66.165435039	-80.0833075573
-66.162755156	-80.0843523416
-66.168821508	-80.0848138984
-66.174888427	-80.0852753448
-66.180955914	-80.0857366809
-66.187023968	-80.0861979066
-66.189701782	-80.085152924
-66.195769886	-80.0856139898
-66.201838557	-80.0860749453
-66.207907795	-80.0865357904
-66.210583489	-80.0854906393
-66.216652775	-80.0859513244
-66.222722629	-80.0864118992
-66.22539672	-80.0853666292
-66.231466622	-80.085827044
-66.23753709	-80.0862873484
-66.240209578	-80.0852419595
-66.246280094	-80.085702104
-66.252351176	-80.086162138
-66.25502206	-80.0851166304
-66.257692379	-80.084071103
-66.263762989	-80.0845309277
-66.266432223	-80.083485331
-66.269100891	-80.0824397145
-66.271768994	-80.0813940781
-66.277838614	-80.0818536441
-66.280505633	-80.0808079386
-66.283172087	-80.0797622133
-66.289241234	-80.0802215701
-66.295310946	-80.0806808164
-66.297975797	-80.0796349726
-66.304045555	-80.0800940591
-66.306709322	-80.0790481462
-66.312779125	-80.0795070729
-66.318849492	-80.0799658891
-66.321511657	-80.0789198578
-66.327582068	-80.0793785142
-66.330243149	-80.0783324139
-66.336313605	-80.0787909105
-66.338973603	-80.0777447412
-66.341633038	-80.0766985523
-66.344291909	-80.0756523437
-66.346950216	-80.0746061154
-66.349607961	-80.0735598675
-66.352265143	-80.0725135999
-66.354921762	-80.0714673127
-66.357577818	-80.0704210058
-66.360233313	-80.0693746792
-66.362888245	-80.0683283331
-66.365542614	-80.0672819673
-66.37160792	-80.0677398119
-66.374261209	-80.0666933774
-66.376913936	-80.0656469232
-66.379566101	-80.0646004495
-66.385630411	-80.0650580362
-66.388281496	-80.0640114937
-66.39093202	-80.0629649317
-66.393581983	-80.0619183501
-66.387519231	-80.0614609107
-66.390169152	-80.0604143587
-66.384107479	-80.059956858
-66.386757359	-80.0589103355
-66.389406678	-80.0578637934
-66.383346603	-80.0574062805
-66.385995879	-80.0563597679
-66.379936883	-80.0559021937
-66.382586118	-80.0548557107
-66.385234792	-80.0538092081
-66.381826025	-80.0523051487
-66.384474098	-80.0512586561
-66.38712161	-80.0502121439
-66.381066324	-80.0497545944
-66.383713794	-80.0487081118
-66.386360706	-80.0476616096
-66.389007058	-80.0466150879
-66.382953883	-80.0461575752
-66.385600193	-80.045111083
-66.382194363	-80.0436070464
-66.384840072	-80.0425605642
-66.387485223	-80.0415140624
-66.390129815	-80.0404675411
-66.392773848	-80.0394210002
-66.395417323	-80.0383744399
-66.398060241	-80.0373278601
-66.4007026	-80.0362812608
-66.394655194	-80.0358239687
-66.397297512	-80.0347773989
-66.399939272	-80.0337308096
-66.402580475	-80.0326842007
-66.40522112	-80.0316375725
-66.407861209	-80.0305909247
-66.41050074	-80.0295442575
-66.404456988	-80.029087149
-66.407096478	-80.0280405112
-66.409735412	-80.0269938541
-66.412373789	-80.0259471774
-66.406332141	-80.0254901055
-66.408970478	-80.0244434583
-66.402929901	-80.0239863253
-66.396889881	-80.0235290822
-66.390850418	-80.0230717291
-66.393489743	-80.0220252092
-66.387451351	-80.021567795
-66.381413515	-80.0211102708
-66.375376235	-80.0206526367
-66.369339512	-80.0201948926
-66.363303346	-80.0197370386
-66.365944687	-80.0186907438
-66.359909591	-80.0182328288
-66.353875051	-80.017774804
-66.347841068	-80.0173166692
-66.341807642	-80.0168584246
-66.335774772	-80.0164000701
-66.338418125	-80.0153540005
-66.341060921	-80.0143079114
-66.335029634	-80.013849545
-66.337672387	-80.0128034853
-66.340314584	-80.011757406
-66.342956225	-80.0107113072
-66.336927032	-80.0102529779
-66.33956863	-80.0092069085
-66.342209671	-80.0081608196
-66.344850157	-80.0071147112
-66.338823058	-80.0066564188
-66.341463501	-80.0056103398
-66.344103388	-80.0045642412
-66.338077869	-80.004105937
-66.340717713	-80.0030598678
-66.343357002	-80.0020137792
-66.345995736	-80.000967671
-66.348633915	-79.9999215433
-66.342610998	-79.9994633249
-66.345249135	-79.9984172266
-66.347886716	-79.9973711088
-66.350523744	-79.9963249716
-66.344502916	-79.9958667901
-66.3471399	-79.9948206822
-66.349776331	-79.9937745548
-66.352412207	-79.992728408
-66.35504753	-79.9916822416
-66.3576823	-79.9906360558
-66.360316516	-79.9895898506
-66.362950178	-79.9885436259
-66.356933481	-79.9880856767
-66.359567101	-79.9870394813
-66.362200168	-79.9859932665
-66.356185045	-79.9855353053
-66.35881807	-79.9844891199
-66.361450542	-79.983442915
-66.364082462	-79.9823966907
-66.366713829	-79.981350447
-66.3607013	-79.9808925713
-66.363332625	-79.9798463569
-66.365963398	-79.9788001231
-66.368593619	-79.9777538699
-66.371223288	-79.9767075973
-66.373852405	-79.9756613053
-66.376480972	-79.9746149938
-66.379108986	-79.973568663
-66.38173645	-79.9725223129
-66.384363363	-79.9714759433
-66.386989724	-79.9704295544
-66.389615536	-79.9693831462
-66.392240796	-79.9683367186
-66.394865506	-79.9672902716
-66.397489667	-79.9662438053
-66.40349506	-79.9667009993
-66.406118161	-79.9656544651
-66.408740712	-79.9646079115
-66.414745637	-79.9650648989
-66.420751111	-79.965521777
-66.423372093	-79.9644751069
-66.429377607	-79.964931827
-66.431997531	-79.9638850891
-66.434616905	-79.9628383319
-66.437235731	-79.9617915555
-66.439854008	-79.9607447599
-66.442471736	-79.959697945
-66.448475251	-79.9601543129
-66.451091921	-79.9591074302
-66.457095475	-79.9595636402
-66.463099577	-79.9600197408
-66.469104227	-79.960475732
-66.47171882	-79.9594286846
-66.474332865	-79.9583816181
-66.476946361	-79.9573345324
-66.48295003	-79.9577902687
-66.485562469	-79.9567431153
-66.491566175	-79.9571986938
-66.497570428	-79.9576541629
-66.503575229	-79.9581095225
-66.509580577	-79.9585647726
-66.515586472	-79.9590199133
-66.521592914	-79.9594749445
-66.527599903	-79.9599298661
-66.533607439	-79.9603846783
-66.536215246	-79.9593371185
-66.542222818	-79.9597917727
-66.548230936	-79.9602463174
-66.554239602	-79.9607007525
-66.560248813	-79.9611550781
-66.562854028	-79.9601073058
-66.565458697	-79.9590595144
-66.571467431	-79.9595136337
-66.574071042	-79.958465775
-66.576674106	-79.9574178973
-66.579276624	-79.9563700006
-66.581878597	-79.9553220849
-66.584480024	-79.9542741502
-66.587080906	-79.9532261966
-66.581075241	-79.9527723671
-66.583676089	-79.9517244427
-66.586276392	-79.9506764993
-66.588876151	-79.9496285369
-66.591475364	-79.9485805556
-66.594074032	-79.9475325554
-66.596672157	-79.9464845361
-66.599269736	-79.945436498
-66.601866772	-79.9443884408
-66.604463264	-79.9433403648
-66.607059212	-79.9422922698
-66.613059765	-79.9427456171
-66.615654659	-79.941697455
-66.618249009	-79.940649274
-66.620842815	-79.9396010741
-66.626842379	-79.9400541674
-66.629435132	-79.9390059005
-66.632027342	-79.9379576147
-66.638026427	-79.9384105023
-66.640617583	-79.9373621496
-66.643208197	-79.9363137779
-66.649206803	-79.9367664598
-66.655205952	-79.9372190323
-66.661205642	-79.9376714952
-66.667205875	-79.9381238487
-66.664617306	-79.9391724127
-66.670618593	-79.9396247047
-66.676620422	-79.9400768871
-66.682622793	-79.9405289601
-66.688625706	-79.9409809234
-66.691212227	-79.9399321672
-66.69721517	-79.9403839729
-66.699800638	-79.9393351499
-66.702385563	-79.9382863082
-66.704969947	-79.9372374477
-66.710971895	-79.9376889998
-66.72213948	-79.9360424731
-66.724721216	-79.9349934604
-66.727302412	-79.933944429
-66.729883067	-79.9328953789
-66.723883138	-79.9324441762
-66.726463765	-79.9313951554
-66.729043851	-79.9303461159
-66.731623397	-79.9292970577
-66.737621789	-79.9297481165
-66.740200283	-79.9286989917
-66.746198703	-79.9291498931
-66.748776146	-79.9281007017
-66.754774593	-79.9285514457
-66.757350984	-79.9275021878
-66.759926835	-79.9264529112
-66.765924798	-79.9269034499
-66.768499598	-79.9258541069
-66.771073859	-79.9248047452
-66.773647581	-79.9237553649
-66.770224849	-79.9222556188
-66.772798006	-79.9212062491
-66.775370624	-79.9201568609
-66.769376271	-79.9197064998
-66.771948863	-79.9186571407
-66.774520916	-79.9176077631
-66.777092432	-79.916558367
-66.779663409	-79.9155089522
-66.785655716	-79.9159591222
-66.78308525	-79.9170085847
-66.789078606	-79.917458693
-66.786508114	-79.9185081848
-66.792502519	-79.9189582313
-66.789932001	-79.9200077523
-66.795927456	-79.9204577372
-66.793356912	-79.9215072874
-66.799353418	-79.9219572105
-66.796782848	-79.9230067899
-66.802780404	-79.9234566512
-66.800209808	-79.9245062599
-66.806208415	-79.9249560594
-66.81220756	-79.9254057494
-66.818207243	-79.9258553297
-66.815637648	-79.9269050631
-66.821638383	-79.9273545816
-66.827639655	-79.9278039904
-66.825070548	-79.9288538009
-66.831072873	-79.9293031478
-66.834507118	-79.9308022725
-66.840511033	-79.9312514478
-66.837942391	-79.9323013646
-66.843947358	-79.9327504779
-66.841378692	-79.9338004239
-66.847384712	-79.9342494752
-66.853391271	-79.9346984168
-66.850823095	-79.9357484398
-66.856830707	-79.9361973193
-66.862838857	-79.936646089
-66.868847546	-79.9370947489
-66.874856773	-79.937543299
-66.877422889	-79.9364930849
-66.883432139	-79.9369414774
-66.889441928	-79.93738976
-66.895452254	-79.9378379327
-66.898016286	-79.9367875571
-66.904026634	-79.9372355723
-66.906589612	-79.9361851305
-66.912599982	-79.9366329881
-66.915161906	-79.9355824803
-66.917723293	-79.9345319541
-66.920284142	-79.9334814095
-66.922844455	-79.9324308465
-66.92540423	-79.9313802652
-66.927963469	-79.9303296655
-66.93052217	-79.9292790475
-66.933080336	-79.9282284111
-66.927074091	-79.9277809346
-66.929632235	-79.9267303275
-66.932189843	-79.925679702
-66.934746916	-79.9246290582
-66.937303452	-79.923578396
-66.939859453	-79.9225277155
-66.942414918	-79.9214770167
-66.944969847	-79.9204262996
-66.950972486	-79.920873443
-66.953526366	-79.9198226601
-66.95607971	-79.9187718588
-66.962081854	-79.9192187974
-66.968084533	-79.9196656262
-66.970636312	-79.9186147117
-66.97663901	-79.9190613832
-66.97918974	-79.9180104029
-66.985192457	-79.9184569171
-66.991195709	-79.9189033215
-66.993744873	-79.917852228
-66.999748144	-79.9182984751
-67.005751948	-79.9187446123
-67.008299547	-79.9176934057
-67.010846612	-79.916642181
-67.013393143	-79.915590938
-67.019395934	-79.9160368231
-67.021941416	-79.9149855145
-67.015939141	-79.9145396768
-67.018484605	-79.9134883975
-67.021029537	-79.9124371
-67.023573935	-79.9113857843
-67.0261178	-79.9103344505
-67.028661133	-79.9092830985
-67.031203933	-79.9082317284
-67.025205283	-79.9077860651
-67.027748066	-79.9067347242
-67.030290316	-79.9056833651
-67.032832035	-79.904631988
-67.026835463	-79.904186357
-67.029377164	-79.903135009
-67.031918333	-79.9020836429
-67.025923322	-79.9016379968
-67.028464474	-79.9005866599
-67.031005094	-79.8995353048
-67.025011644	-79.8990896437
-67.027552247	-79.8980383178
-67.030092319	-79.8969869738
-67.024100428	-79.8965412976
-67.026640483	-79.8954899828
-67.029180006	-79.8944386499
-67.023189674	-79.8939929587
-67.02572918	-79.8929416549
-67.028268155	-79.8918903331
-67.022279382	-79.8914446268
-67.02481834	-79.8903933341
-67.01883061	-79.8899475656
-67.02136955	-79.888896302
-67.015382864	-79.8884504712
-67.009396709	-79.8880045308
-67.011936145	-79.8869533437
-67.01447505	-79.8859021385
-67.008490451	-79.8854561832
-67.011029338	-79.8844050071
-67.013567696	-79.883353813
-67.007584651	-79.8829078427
-67.010122991	-79.8818566776
-67.0126608	-79.8808054945
-67.00667931	-79.8803595093
-67.009217102	-79.8793083553
-67.003236654	-79.8788623079
-67.005774428	-79.877811183
-66.999795021	-79.8773650734
-67.002332776	-79.8763139777
-66.996354411	-79.875867806
-66.998892148	-79.8748167394
-66.992914824	-79.8743705056
-66.986938029	-79.8739241624
-66.989476259	-79.8728731722
-66.983500504	-79.872426767
-66.986038715	-79.8713758059
-66.980064001	-79.8709293386
-66.974089816	-79.870482762
-66.976628519	-79.8694318773
-66.970655373	-79.8689852387
-66.964682757	-79.8685384909
-66.967221951	-79.8674876825
-66.961250374	-79.8670408727
-66.955279327	-79.8665939537
-66.957819011	-79.8655432217
-66.951849002	-79.8650962408
-66.954388667	-79.8640455379
-66.948419697	-79.8635984951
-66.950959341	-79.8625478213
-66.94499141	-79.8621007166
-66.939024007	-79.8616535027
-66.94156414	-79.8606029053
-66.935597775	-79.8601556296
-66.938137888	-79.8591050613
-66.932172561	-79.8586577238
-66.926207763	-79.8582102772
-66.921903017	-79.85416381
-66.918481868	-79.8526657734
-66.921021877	-79.8516153505
-66.915061733	-79.8511677042
-66.911642613	-79.8496696023
-66.905684033	-79.8492217854
-66.908224507	-79.8481714678
-66.902266962	-79.8477235893
-66.896309946	-79.8472756018
-66.898850905	-79.8462253606
-66.892894923	-79.8457773115
-66.889480914	-79.8442789886
-66.89202183	-79.8432288055
-66.886067917	-79.8427806332
-66.882655932	-79.8412822454
-66.879244958	-79.839783825
-66.875834995	-79.8382853721
-66.869884711	-79.8378369066
-66.872426043	-79.8367868868
-66.866476792	-79.8363383598
-66.869018101	-79.8352883691
-66.863069882	-79.8348397806
-66.857122192	-79.8343910834
-66.859663983	-79.833341169
-66.853717324	-79.8328924105
-66.856259092	-79.831842525
-66.850313465	-79.8313937051
-66.85285521	-79.8303438487
-66.855396427	-79.829293974
-66.849452336	-79.82884514
-66.851993529	-79.8277952943
-66.846050469	-79.827346399
-66.84859164	-79.8262965823
-66.84264961	-79.8258476256
-66.845190757	-79.824797838
-66.839249758	-79.82434882
-66.833309286	-79.8238996934
-66.835850913	-79.822849982
-66.834994149	-79.8203014111
-66.837534697	-79.8192516922
-66.834137816	-79.8177528477
-66.830741939	-79.8162539709
-66.833281913	-79.8152042916
-66.829887017	-79.8137054116
-66.832426442	-79.812655743
-66.826493125	-79.8122064994
-66.829032525	-79.8111568598
-66.823100236	-79.810707555
-66.825639612	-79.8096579443
-66.819708351	-79.8092085784
-66.822247703	-79.8081589966
-66.824786529	-79.8071093967
-66.82732483	-79.8060597784
-66.821395598	-79.8056104458
-66.823933874	-79.8045608565
-66.826471626	-79.8035112489
-66.829008852	-79.8024616231
-66.823081648	-79.8020123238
-66.82561885	-79.8009627269
-66.819692671	-79.8005133665
-66.822229849	-79.7994637985
-66.824766503	-79.7984142123
-66.81884185	-79.797964838
-66.821378479	-79.7969152808
-66.815454851	-79.7964658454
-66.817991455	-79.7954163171
-66.820527535	-79.7943667705
-66.823063091	-79.7933172057
-66.817141487	-79.7928678036
-66.819677019	-79.7918182677
-66.822212027	-79.7907687135
-66.824746511	-79.7897191411
-66.830666615	-79.7901684018
-66.836587244	-79.7906175543
-66.834053759	-79.7916672209
-66.839975411	-79.7921163123
-66.845897587	-79.7925652955
-66.843364579	-79.7936150382
-66.849287779	-79.7940639604
-66.846754747	-79.7951137319
-66.852678971	-79.795562593
-66.858603719	-79.7960113457
-66.86452899	-79.7964599902
-66.867060519	-79.7954100773
-66.872985813	-79.7958585665
-66.878911631	-79.7963069473
-66.881441634	-79.7952569221
-66.887367474	-79.7957051476
-66.889896453	-79.7946550571
-66.892424909	-79.7936049486
-66.894952843	-79.7925548219
-66.897480253	-79.7915046771
-66.900007141	-79.7904545142
-66.902533507	-79.7894043332
-66.90505935	-79.7883541341
-66.907584671	-79.787303917
-66.91010947	-79.7862536817
-66.912633747	-79.7852034284
-66.915157503	-79.784153157
-66.909237173	-79.7837054486
-66.911760908	-79.7826552061
-66.914284121	-79.7816049455
-66.916806813	-79.7805546669
-66.922725641	-79.7810022344
-66.925247312	-79.7799518908
-66.927768462	-79.7789015291
-66.93368681	-79.7793488945
-66.939605679	-79.7797961517
-66.942125307	-79.7787456782
-66.948044196	-79.7791927803
-66.950562802	-79.7781422419
-66.953080889	-79.7770916855
-66.958999297	-79.7775385856
-66.961516362	-79.7764879643
-66.964032908	-79.7754373251
-66.966548934	-79.7743866679
-66.96906444	-79.7733359928
-66.974981365	-79.7737825973
-66.977495851	-79.7727318574
-66.980009817	-79.7716810995
-66.98592626	-79.7721275022
-66.993463545	-79.7689749807
-66.995974936	-79.7679241044
-66.998485808	-79.7668732102
-67.000996162	-79.7658222981
-67.003505998	-79.7647713682
-67.009419455	-79.7652173353
-67.011928273	-79.7641663407
-67.014436573	-79.7631153283
-67.016944355	-79.762064298
-67.019451619	-79.7610132498
-67.021958366	-79.7599621838
-67.024464597	-79.7589111
-67.02697031	-79.7578599983
-67.032880782	-79.7583055304
-67.035385478	-79.7572543643
-67.041295968	-79.7576997416
-67.043799647	-79.756648511
-67.046302809	-79.7555972626
-67.052212815	-79.7560424385
-67.054714961	-79.7549911256
-67.060624982	-79.7554361468
-67.063126111	-79.7543847696
-67.069036148	-79.754829636
-67.071536261	-79.7537781944
-67.074035859	-79.7527267352
-67.07994541	-79.7531714002
-67.090851123	-79.7515127992
-67.093348174	-79.7504611936
-67.095844709	-79.7494095704
-67.09834073	-79.7483579294
-67.100836235	-79.7473062708
-67.103331227	-79.7462545945
-67.105825704	-79.7452029005
-67.108319666	-79.7441511888
-67.110813115	-79.7430994595
-67.11330605	-79.7420477125
-67.115798471	-79.7409959479
-67.118290378	-79.7399441656
-67.120781772	-79.7388923657
-67.123272652	-79.7378405481
-67.12576302	-79.7367887129
-67.128252874	-79.7357368601
-67.130742215	-79.7346849897
-67.133231044	-79.7336331017
-67.139132121	-79.7340766675
-67.141619938	-79.7330247155
-67.147521028	-79.7334681269
-67.150007832	-79.7324161109
-67.152494124	-79.7313640774
-67.158394727	-79.731807288
-67.164295841	-79.7322503906
-67.166780622	-79.7311982468
-67.16926489	-79.7301460855
-67.175165517	-79.7305889873
-67.177648773	-79.7295367621
-67.180131519	-79.7284845195
-67.182613753	-79.7274322592
-67.185095477	-79.7263799815
-67.187576689	-79.7253276863
-67.19005739	-79.7242753736
-67.192537581	-79.7232230434
-67.195017261	-79.7221706957
-67.197496431	-79.7211183305
-67.199975091	-79.7200659479
-67.20587123	-79.720508279
-67.20834888	-79.7194558327
-67.21082602	-79.7184033689
-67.21672167	-79.7188454996
-67.219197801	-79.7177929722
-67.221673422	-79.7167404274
-67.227568583	-79.7171823577
-67.230043195	-79.7161297493
-67.232517298	-79.7150771234
-67.238411968	-79.7155188534
-67.240885063	-79.714466164
-67.243357649	-79.7134134573
-67.249251829	-79.713854987
-67.251723406	-79.7128022167
-67.260088164	-79.7121907586
-67.262558225	-79.7111379075
-67.268451922	-79.7115790829
-67.270920975	-79.7105261684
-67.27681468	-79.7109671897
-67.279282726	-79.7099142118
-67.281750263	-79.7088612165
-67.287643476	-79.7093020377
-67.290110007	-79.7082489792
-67.296003227	-79.7086896463
-67.29846875	-79.7076365244
-67.300933766	-79.7065833852
-67.306826494	-79.7070238523
-67.309290503	-79.7059706498
-67.311754005	-79.7049174301
-67.317646239	-79.7053576972
-67.320108734	-79.7043044143
-67.328462464	-79.7036911812
-67.330923447	-79.7026378178
-67.33927517	-79.7020243045
-67.341734641	-79.7009708608
-67.347625892	-79.7014105741
-67.350084357	-79.7003570672
-67.352542317	-79.6993035432
-67.358433073	-79.6997430567
-67.360890027	-79.6986894696
-67.363346476	-79.6976358653
-67.369236737	-79.698075179
-67.371692181	-79.6970215118
-67.374147119	-79.6959678274
-67.380036885	-79.6964069413
-67.382490819	-79.695353194
-67.384944248	-79.6942994295
-67.387397173	-79.6932456478
-67.393285942	-79.6936845163
-67.395737863	-79.6926306718
-67.398189279	-79.6915768102
-67.404077552	-79.692015479
-67.406527965	-79.6909615545
-67.408977874	-79.689907613
-67.414865649	-79.6903460823
-67.417314554	-79.6892920779
-67.419762956	-79.6882380565
-67.425650235	-79.6886763263
-67.428097633	-79.6876222421
-67.436431309	-79.6870062112
-67.438877202	-79.6859520472
-67.444763984	-79.6863899638
-67.447208874	-79.6853357372
-67.453095658	-79.6857735001
-67.455539545	-79.6847192107
-67.461426331	-79.68515682
-67.463869215	-79.684102468
-67.466311598	-79.683048099
-67.472197884	-79.6834855089
-67.474639264	-79.6824310774
-67.482965929	-79.6818138395
-67.485405806	-79.6807593284
-67.491291593	-79.6811963854
-67.493730467	-79.6801418118
-67.496168841	-79.6790872213
-67.502054127	-79.6795240791
-67.504491499	-79.6784694261
-67.50692837	-79.6774147563
-67.512813156	-79.6778514149
-67.515249026	-79.6767966826
-67.517684395	-79.6757419334
-67.520119264	-79.6746871674
-67.522553634	-79.6736323845
-67.533303155	-79.6719590457
-67.535735524	-79.6709041667
-67.538167394	-79.669849271
-67.540598765	-79.6687943584
-67.543029637	-79.667739429
-67.54546001	-79.6666844828
-67.547889884	-79.6656295198
-67.55031926	-79.6645745399
-67.552748137	-79.6635195433
-67.555176516	-79.6624645299
-67.557604396	-79.6614094997
-67.560031779	-79.6603544528
-67.562458663	-79.6592993891
-67.56488505	-79.6582443086
-67.567310939	-79.6571892113
-67.569736331	-79.6561340973
-67.572161225	-79.6550789666
-67.574585622	-79.6540238191
-67.580459899	-79.6544592166
-67.5828833	-79.6534040071
-67.585306203	-79.6523487808
-67.591179978	-79.6527839798
-67.593601885	-79.6517286915
-67.599475656	-79.6521637373
-67.601896567	-79.6511083871
-67.604316981	-79.6500530201
-67.610190249	-79.6504878674
-67.612609668	-79.6494324385
-67.61502859	-79.6483769929
-67.620901354	-79.6488116418
-67.623319281	-79.6477561344
-67.625736712	-79.6467006102
-67.628153648	-79.6456450695
-67.630570089	-79.644589512
-67.632986034	-79.643533938
-67.638856795	-79.6439682529
-67.641271746	-79.6429126171
-67.643686201	-79.6418569646
-67.646100163	-79.6408012956
-67.648513629	-79.6397456099
-67.650926602	-79.6386899077
-67.656795359	-79.6391238889
-67.659207337	-79.6380681249
-67.661618821	-79.6370123444
-67.664029812	-79.6359565473
-67.666440309	-79.6349007336
-67.668850312	-79.6338449034
-67.671259822	-79.6327890567
-67.673668838	-79.6317331934
-67.679534593	-79.6321667509
-67.681942617	-79.631110826
-67.684350148	-79.6300548846
-67.686757186	-79.6289989267
-67.689163732	-79.6279429522
-67.691569785	-79.6268869613
-67.693975345	-79.6258309538
-67.699838597	-79.6262641332
-67.702243167	-79.6252080643
-67.704647244	-79.6241519788
-67.707050829	-79.6230958769
-67.709453923	-79.6220397586
-67.711856525	-79.6209836237
-67.714258635	-79.6199274725
-67.720119385	-79.6203602741
-67.722520506	-79.6193040615
-67.724921135	-79.6182478323
-67.727321273	-79.6171915868
-67.72972092	-79.6161353248
-67.732120076	-79.6150790464
-67.726261819	-79.6146464695
-67.728660984	-79.6135902196
-67.731059657	-79.6125339533
-67.733457841	-79.6114776706
-67.735855534	-79.6104213715
-67.738252738	-79.609365056
-67.740649451	-79.6083087241
-67.743045674	-79.6072523758
-67.745441408	-79.6061960112
-67.747836653	-79.6051396302
-67.750231408	-79.6040832328
-67.752625674	-79.6030268191
-67.75501945	-79.601970389
-67.757412738	-79.6009139425
-67.759805537	-79.5998574797
-67.762197847	-79.5988010006
-67.764589669	-79.5977445052
-67.758739869	-79.5973125384
-67.7611317	-79.5962560714
-67.763523042	-79.5951995881
-67.765913897	-79.5941430884
-67.760066076	-79.5937111484
-67.76245694	-79.5926546772
-67.764847315	-79.5915981898
-67.767237203	-79.5905416859
-67.769626603	-79.5894851658
-67.775472435	-79.5899169268
-67.777860851	-79.5888603456
-67.783706674	-79.5892919543
-67.789552984	-79.5897234555
-67.795399782	-79.5901548491
-67.801247066	-79.5905861351
-67.803633006	-79.5895293588
-67.80948028	-79.5899604926
-67.811865236	-79.5889036554
-67.8177125	-79.5893346369
-67.820096471	-79.5882777387
-67.822479956	-79.5872208243
-67.824862955	-79.5861638937
-67.827245467	-79.5851069469
-67.829627493	-79.5840499839
-67.832009034	-79.5829930047
-67.834390088	-79.5819360093
-67.836770657	-79.5808789977
-67.839150741	-79.5798219699
-67.841530338	-79.578764926
-67.843909451	-79.5777078659
-67.838067657	-79.5772773753
-67.840446781	-79.5762203436
-67.84282542	-79.5751632958
-67.845203575	-79.5741062317
-67.847581244	-79.5730491516
-67.841741921	-79.5726187318
-67.844119603	-79.5715616801
-67.8464968	-79.5705046122
-67.840658954	-79.5700741741
-67.843036162	-79.5690171346
-67.845412887	-79.5679600789
-67.839576517	-79.5675296226
-67.841953253	-79.5664725953
-67.844329505	-79.5654155519
-67.838494611	-79.5649850772
-67.840870875	-79.5639280622
-67.843246655	-79.5628710311
-67.837413236	-79.5624405381
-67.839789027	-79.5613835353
-67.842164335	-79.5603265164
-67.84453916	-79.5592694814
-67.8469135	-79.5582124302
-67.841082546	-79.557782008
-67.843456898	-79.5567249852
-67.845830768	-79.5556679463
-67.840001286	-79.5552375058
-67.842375167	-79.5541804953
-67.836546664	-79.553749992
-67.838920556	-79.5526930098
-67.83309303	-79.5522624439
-67.835466934	-79.55120549
-67.829640385	-79.5507748613
-67.823814318	-79.5503441254
-67.826188727	-79.5492872445
-67.820363638	-79.5488564459
-67.81453903	-79.5484255401
-67.816913945	-79.547368732
-67.811090314	-79.5469377637
-67.813465239	-79.5458809839
-67.807642585	-79.5454499529
-67.801820413	-79.5450188148
-67.804195841	-79.5439621079
-67.798374645	-79.5435309072
-67.792553932	-79.5430995995
-67.794929864	-79.5420429654
-67.789110126	-79.5416115952
-67.783290871	-79.5411801179
-67.777472098	-79.5407485336
-67.779849025	-79.5396920169
-67.774031227	-79.5392603701
-67.768213912	-79.5388286163
-67.76239708	-79.5383967556
-67.756580731	-79.5379647879
-67.750764865	-79.5375327132
-67.744949482	-79.5371005316
-67.747328876	-79.536044266
-67.741514467	-79.5356120221
-67.735700541	-79.5351796713
-67.729887099	-79.5347472136
-67.724074139	-79.534314649
-67.726455014	-79.5332585455
-67.720643028	-79.5328259186
-67.714831525	-79.532393185
-67.709020505	-79.5319603445
-67.703209968	-79.5315273972
-67.697399915	-79.5310943431
-67.691590345	-79.5306611822
-67.685781258	-79.5302279146
-67.679972654	-79.5297945402
-67.674164534	-79.5293610591
-67.671779248	-79.530416761
-67.665971122	-79.5299831285
-67.66016348	-79.5295493893
-67.657776732	-79.5306049856
-67.655389499	-79.5316605655
-67.649581362	-79.5312266302
-67.647193156	-79.5322821491
-67.644804466	-79.5333376516
-67.642415292	-79.5343931377
-67.640025633	-79.5354486073
-67.637635489	-79.5365040606
-67.643446073	-79.5369382195
-67.641055934	-79.5379937011
-67.646867492	-79.538427798
-67.652679535	-79.538861788
-67.658492063	-79.5392956713
-67.664305076	-79.5397294477
-67.661916412	-79.5407850919
-67.6677304	-79.5412188062
-67.673544872	-79.5416524137
-67.679359829	-79.5420859144
-67.676972152	-79.5431416763
-67.682788085	-79.5435751148
-67.688604502	-79.5440084464
-67.686217322	-79.5450642813
-67.692034715	-79.5454975507
-67.689647542	-79.546553414
-67.695465911	-79.5469866211
-67.693078744	-79.5480425127
-67.690691092	-79.549098388
-67.696510929	-79.5495315776
-67.694123284	-79.5505874813
-67.691735154	-79.5516433686
-67.685914333	-79.5512100896
-67.680093998	-79.5507767036
-67.674274148	-79.5503432106
-67.668454784	-79.5499096107
-67.662635905	-79.5494759039
-67.656817512	-79.5490420901
-67.659208591	-79.5479864712
-67.653391174	-79.5475525953
-67.655782258	-79.5464970048
-67.649965818	-79.5460630668
-67.644149863	-79.5456290219
-67.638334394	-79.5451948702
-67.640726464	-79.5441393975
-67.63491197	-79.5437051837
-67.629097962	-79.5432708631
-67.631490527	-79.5422154635
-67.625677495	-79.5417810809
-67.62328444	-79.5428364357
-67.617471404	-79.5424019015
-67.611658853	-79.5419672605
-67.609264333	-79.5430225093
-67.603451778	-79.5425877167
-67.601056283	-79.5436429042
-67.595243724	-79.5432079601
-67.589431652	-79.5427729092
-67.587034692	-79.5438279905
-67.584637245	-79.5448830553
-67.582239312	-79.5459381037
-67.579840892	-79.5469931354
-67.585654922	-79.5474283657
-67.583256505	-79.5484834259
-67.589071511	-79.5489185942
-67.586673097	-79.5499736827
-67.59248908	-79.5504087892
-67.590090669	-79.551463906
-67.595907629	-79.5518989505
-67.601725076	-79.5523338881
-67.599327159	-79.5533890783
-67.605145583	-79.5538239539
-67.602747669	-79.5548791724
-67.608567071	-79.555313986
-67.606169161	-79.5563692329
-67.603770763	-79.5574244632
-67.597950379	-79.5569895599
-67.592130483	-79.5565545496
-67.586311074	-79.5561194324
-67.580492153	-79.5556842084
-67.582892513	-79.5546291576
-67.57707457	-79.5541938716
-67.579474933	-79.5531388492
-67.573657967	-79.5527035013
-67.567841488	-79.5522680466
-67.562025497	-79.5518324851
-67.556209994	-79.5513968168
-67.558611828	-79.5503419574
-67.552797302	-79.5499062273
-67.546983263	-79.5494703904
-67.541169712	-79.5490344468
-67.535356648	-79.5485983964
-67.529544072	-79.5481622394
-67.523731984	-79.5477259756
-67.517920383	-79.5472896052
-67.512109271	-79.5468531281
-67.509703525	-79.5479076278
-67.503892412	-79.547470999
-67.501485689	-79.5485254371
-67.495674576	-79.5480886567
-67.493266878	-79.5491430331
-67.49085869	-79.5501973929
-67.488450014	-79.551251736
-67.494262592	-79.5516886514
-67.491853916	-79.5527430229
-67.489444751	-79.5537973777
-67.495258795	-79.5542342765
-67.49284963	-79.5552886597
-67.490439976	-79.5563430262
-67.488029832	-79.5573973761
-67.493845832	-79.5578343033
-67.491435688	-79.5588886815
-67.497252666	-79.5593255471
-67.494842522	-79.5603799537
-67.489025055	-79.5599430431
-67.486613932	-79.5609973879
-67.480796465	-79.5605603255
-67.478384363	-79.5616146085
-67.472566897	-79.5611773942
-67.470153816	-79.5622316155
-67.464336351	-79.5617942493
-67.458519376	-79.5613567764
-67.456104828	-79.5624108907
-67.453689789	-79.5634649883
-67.459507742	-79.5639025514
-67.457092701	-79.5649566774
-67.45467717	-79.5660107866
-67.452261148	-79.5670648791
-67.458081059	-79.5675024709
-67.455665036	-79.5685565918
-67.449844635	-79.5681189548
-67.444024726	-79.567681211
-67.438205308	-79.5672433605
-67.432386381	-79.5668054032
-67.426567945	-79.5663673391
-67.420750001	-79.5659291684
-67.414932547	-79.5654908909
-67.409115585	-79.5650525067
-67.403299115	-79.5646140159
-67.397483136	-79.5641754184
-67.395061734	-79.5652290705
-67.389245758	-79.564790321
-67.386823377	-79.5658439111
-67.381007405	-79.5654050097
-67.375191926	-79.5649660018
-67.369376938	-79.5645268872
-67.363562442	-79.564087666
-67.357748438	-79.5636483382
-67.351934926	-79.5632089038
-67.349509128	-79.5642622052
-67.343695621	-79.5638226189
-67.337882607	-79.5633829261
-67.332070085	-79.5629431267
-67.329642333	-79.5639962753
-67.323829817	-79.563556324
-67.321401086	-79.5646094103
-67.318971861	-79.5656624797
-67.316542144	-79.5667155321
-67.314111933	-79.5677685675
-67.31168123	-79.5688215859
-67.309250033	-79.5698745874
-67.31506547	-79.5703148109
-67.312634266	-79.5713678407
-67.310202569	-79.5724208536
-67.304386157	-79.5719805393
-67.301953479	-79.5730334898
-67.296137074	-79.5725930235
-67.290321163	-79.5721524506
-67.292754815	-79.571099591
-67.286939885	-79.570658957
-67.281125449	-79.5702182165
-67.275311507	-79.5697773694
-67.277746126	-79.568724629
-67.271933164	-79.5682837208
-67.266120696	-79.5678427062
-67.260308723	-79.567401585
-67.254497244	-79.5669603574
-67.248686259	-79.5665190233
-67.242875768	-79.5660775828
-67.237065771	-79.5656360358
-67.231256269	-79.5651943825
-67.225447262	-79.5647526227
-67.227885757	-79.5637002745
-67.222077729	-79.5632584538
-67.216270195	-79.5628165268
-67.210463156	-79.5623744934
-67.212902612	-79.5613222646
-67.207096551	-79.5608801704
-67.201290986	-79.5604379699
-67.203730916	-79.559385815
-67.197926328	-79.5589435537
-67.192122236	-79.5585011861
-67.186318637	-79.5580587122
-67.180515534	-79.5576161321
-67.174712924	-79.5571734457
-67.16891081	-79.5567306531
-67.166467977	-79.5577825347
-67.164024649	-79.5588343992
-67.161580826	-79.5598862464
-67.159136508	-79.5609380765
-67.156691695	-79.5619898894
-67.150887658	-79.5615467626
-67.148441865	-79.5625985127
-67.145995578	-79.5636502455
-67.143548794	-79.564701961
-67.137743802	-79.5642585912
-67.135296039	-79.5653102439
-67.13284778	-79.5663618793
-67.127042316	-79.5659183119
-67.124593077	-79.5669698844
-67.118787627	-79.5665261652
-67.116337408	-79.5675776747
-67.11053197	-79.5671338035
-67.10472703	-79.5666898261
-67.098922585	-79.5662457424
-67.09647042	-79.5672970976
-67.094017758	-79.5683484354
-67.088212844	-79.5679041541
-67.085759202	-79.5689554289
-67.091564599	-79.5693997559
-67.089110942	-79.5704510591
-67.086656788	-79.5715023449
