> -L"antarctic_islands_coastlines"
-147.028291738	-76.6963246698
-147.036570091	-76.6975606108
-147.039254407	-76.6966077801
-147.041938336	-76.6956549222
-147.044621876	-76.6947020371
-147.047305029	-76.6937491249
-147.049987794	-76.6927961856
-147.052670171	-76.691843219
-147.055352161	-76.6908902254
-147.058033764	-76.6899372046
-147.060714979	-76.6889841567
-147.063395807	-76.6880310817
-147.066076248	-76.6870779796
-147.061938784	-76.6864605465
-147.064619011	-76.685507463
-147.067298851	-76.6845543524
-147.071435969	-76.685171694
-147.074115248	-76.6842185106
-147.078252579	-76.6848357384
-147.080931299	-76.6838824821
-147.085068843	-76.6844995961
-147.087747002	-76.6835462671
-147.091884759	-76.6841632672
-147.094562358	-76.6832098654
-147.098700328	-76.6838267518
-147.102838685	-76.68444357
-147.10551555	-76.6834900497
-147.10965412	-76.6841067541
-147.112330423	-76.6831531612
-147.116469206	-76.6837697517
-147.120608375	-76.6843862741
-147.123283944	-76.6834325628
-147.127423326	-76.6840489713
-147.130098334	-76.6830951873
-147.134237929	-76.683711482
-147.136912376	-76.6827576253
-147.141052183	-76.6833738062
-147.143726069	-76.6824198768
-147.147866088	-76.6830359438
-147.150539414	-76.6820819419
-147.154679644	-76.682697895
-147.15735241	-76.6817438204
-147.160024789	-76.6807897189
-147.164165056	-76.6814055125
-147.166836875	-76.6804513384
-147.170977354	-76.6810670182
-147.173648611	-76.6801127715
-147.176319483	-76.6791584979
-147.180459999	-76.6797740182
-147.183130309	-76.6788196721
-147.185800234	-76.677865299
-147.189940786	-76.6784806598
-147.192610151	-76.6775262143
-147.195279129	-76.6765717419
-147.199419717	-76.6771869432
-147.202088135	-76.6762323983
-147.204756167	-76.6752778265
-147.208896791	-76.6758928685
-147.211564262	-76.6749382242
-147.214231348	-76.6739835532
-147.216898049	-76.6730288553
-147.221038533	-76.6736436922
-147.223704673	-76.6726889219
-147.226370428	-76.6717341247
-147.229035797	-76.6707793008
-147.231700782	-76.6698244501
-147.234365381	-76.6688695725
-147.237029595	-76.6679146682
-147.239693424	-76.6669597371
-147.242356869	-76.6660047792
-147.246496336	-76.6666191833
-147.249159221	-76.6656641531
-147.25182172	-76.6647090962
-147.255961222	-76.665323341
-147.258623161	-76.6643682117
-147.261284716	-76.6634130557
-147.263945887	-76.662457873
-147.268085247	-76.663071913
-147.270745857	-76.662116658
-147.273406083	-76.6611613764
-147.276065925	-76.660206068
-147.278725382	-76.6592507329
-147.281384455	-76.658295371
-147.284043144	-76.6573399825
-147.286701449	-76.6563845674
-147.282563318	-76.6557708458
-147.285221414	-76.6548154494
-147.287879127	-76.6538600264
-147.283741731	-76.6532463275
-147.286399235	-76.6522909232
-147.282262398	-76.6516772016
-147.284919694	-76.6507218161
-147.283440504	-76.6491527049
-147.286097208	-76.6481973116
-147.281961664	-76.6475835898
-147.28461816	-76.6466282152
-147.283139463	-76.6450591149
-147.285795367	-76.6441037325
-147.281661116	-76.6434900106
-147.284316812	-76.6425346469
-147.286972126	-76.6415792566
-147.282838608	-76.6409655574
-147.285493713	-76.6400101859
-147.288148435	-76.6390547877
-147.290802775	-76.6380993628
-147.293456731	-76.6371439114
-147.296110305	-76.6361884333
-147.298763496	-76.6352329286
-147.301416304	-76.6342773972
-147.305548595	-76.6348907785
-147.308200846	-76.6339351752
-147.310852714	-76.6329795453
-147.313504199	-76.6320238888
-147.316155302	-76.6310682057
-147.320287275	-76.6316813373
-147.32293782	-76.6307255823
-147.327069999	-76.6313386004
-147.329719987	-76.6303827734
-147.332369592	-76.6294269199
-147.336501803	-76.6300397791
-147.339150851	-76.6290838537
-147.341799517	-76.6281279018
-147.3444478	-76.6271719233
-147.347095702	-76.6262159183
-147.349743222	-76.6252598869
-147.35239036	-76.6243038289
-147.355037116	-76.6233477444
-147.357683491	-76.6223916334
-147.360329484	-76.6214354959
-147.362975095	-76.620479332
-147.365620325	-76.6195231415
-147.361490046	-76.6189107809
-147.36413507	-76.6179546093
-147.366779713	-76.6169984113
-147.369423975	-76.6160421867
-147.365294604	-76.6154298938
-147.361165613	-76.6148175327
-147.363809845	-76.6138613723
-147.359681411	-76.6132489883
-147.35819756	-76.6116804399
-147.354070063	-76.6110679649
-147.349942948	-76.6104554218
-147.352587119	-76.6094993895
-147.34846056	-76.6088868235
-147.344334381	-76.6082741895
-147.340208583	-76.6076614873
-147.336083166	-76.607048717
-147.33195813	-76.6064358787
-147.327833475	-76.6058229723
-147.330478315	-76.6048671852
-147.326354216	-76.604254256
-147.322230497	-76.6036412587
-147.324875306	-76.6026855356
-147.320752142	-76.6020725156
-147.316629359	-76.6014594276
-147.319274137	-76.6005037685
-147.315151909	-76.5998906577
-147.317796481	-76.5989350175
-147.320440672	-76.5979793507
-147.323084483	-76.5970236575
-147.318963159	-76.5964106144
-147.321606764	-76.59545494
-147.324249989	-76.594499239
-147.326892834	-76.5935435116
-147.329535298	-76.5925877577
-147.332177382	-76.5916319773
-147.334819087	-76.5906761705
-147.337460411	-76.5897203372
-147.340101356	-76.5887644775
-147.342741921	-76.5878085913
-147.345382106	-76.5868526787
-147.348021912	-76.5858967397
-147.343902887	-76.5852841261
-147.346542488	-76.5843282059
-147.349181709	-76.5833722592
-147.345063413	-76.582759668
-147.347702429	-76.5818037401
-147.343584687	-76.5811911262
-147.346223498	-76.5802352171
-147.342106309	-76.5796225803
-147.337989499	-76.5790098757
-147.333873069	-76.5783971031
-147.331233735	-76.5793528766
-147.32711751	-76.5787399909
-147.324477622	-76.5796956929
-147.320361602	-76.5790826941
-147.317721161	-76.5800383244
-147.313605346	-76.5794252125
-147.310964352	-76.5803807711
-147.308322979	-76.5813363033
-147.304207195	-76.5807230331
-147.301565268	-76.5816784936
-147.297449691	-76.5810651103
-147.294807211	-76.5820204991
-147.290691839	-76.5814070026
-147.286576847	-76.5807934383
-147.282462235	-76.5801798062
-147.279818854	-76.5811350328
-147.275704448	-76.5805212876
-147.271590422	-76.5799074745
-147.274234149	-76.5789523383
-147.270120676	-76.5783385026
-147.266007582	-76.5777245991
-147.258958627	-76.573972582
-147.261602082	-76.5730175923
-147.264245158	-76.5720625761
-147.262777144	-76.5704935848
-147.265419635	-76.5695385608
-147.268061747	-76.5685835103
-147.263951761	-76.5679695843
-147.266593667	-76.5670145525
-147.269235193	-76.5660594941
-147.271876341	-76.5651044093
-147.267767253	-76.5644905511
-147.270408195	-76.563535485
-147.273048758	-76.5625803923
-147.275688942	-76.5616252732
-147.271580752	-76.5610114828
-147.274220731	-76.5600563824
-147.272752865	-76.5584874877
-147.27539226	-76.5575323794
-147.278031276	-76.5565772448
-147.273924534	-76.5559634995
-147.272457154	-76.5543946157
-147.275095759	-76.5534395184
-147.27099012	-76.5528257281
-147.273628519	-76.5518706494
-147.276266541	-76.5509155443
-147.272161625	-76.5503017766
-147.274799441	-76.5493466902
-147.270695075	-76.5487328999
-147.273332686	-76.5477778321
-147.269228871	-76.5471640193
-147.271866277	-76.5462089702
-147.274503305	-76.5452538947
-147.270400212	-76.5446401044
-147.266297497	-76.5440262465
-147.268934492	-76.5430712348
-147.264832328	-76.5424573544
-147.26073054	-76.5418434063
-147.263367502	-76.5408884583
-147.267469117	-76.5415023613
-147.27010553	-76.5405473418
-147.272741565	-76.5395922958
-147.276843213	-76.5402060409
-147.279478698	-76.5392509234
-147.282113806	-76.5382957795
-147.286215486	-76.5389093668
-147.290317544	-76.5395228865
-147.29295193	-76.538567626
-147.295585938	-76.5376123391
-147.299688028	-76.538225701
-147.302321487	-76.5372703427
-147.304954569	-76.5363149579
-147.307587273	-76.5353595468
-147.310219601	-76.5344041094
-147.312851552	-76.5334486456
-147.315483126	-76.5324931554
-147.318114324	-76.5315376389
-147.314013443	-76.5309245924
-147.316644436	-76.5299690946
-147.319275053	-76.5290135704
-147.315174894	-76.5284005464
-147.317805307	-76.5274450409
-147.313705697	-76.5268319943
-147.316335906	-76.5258765075
-147.312236845	-76.5252634383
-147.314866851	-76.5243079702
-147.310768338	-76.5236948783
-147.31339814	-76.5227394289
-147.309300176	-76.5221263145
-147.301105377	-76.520899883
-147.30373532	-76.5199445423
-147.299638657	-76.5193312701
-147.29554237	-76.5187179305
-147.298172281	-76.5177626534
-147.294076542	-76.5171492912
-147.296706249	-76.5161940329
-147.292611058	-76.5155806481
-147.288516243	-76.5149671958
-147.291145918	-76.5140120011
-147.287051651	-76.5133985264
-147.289681122	-76.5124433503
-147.285587402	-76.511829853
-147.281494058	-76.5112162882
-147.27740109	-76.510602656
-147.280030701	-76.5096475886
-147.27593828	-76.5090339338
-147.271846235	-76.5084202116
-147.274475813	-76.5074652078
-147.270384315	-76.5068514631
-147.266293192	-76.506237651
-147.264832162	-76.5046688763
-147.260741962	-76.5040549743
-147.256652137	-76.5034410049
-147.252562688	-76.5028269681
-147.248473614	-76.5022128639
-147.244384915	-76.5015986923
-147.241754342	-76.5025533625
-147.237665848	-76.5019390786
-147.235034729	-76.5028936774
-147.23094644	-76.5022792811
-147.228314774	-76.5032338085
-147.225682733	-76.5041883094
-147.223050316	-76.505142784
-147.227139118	-76.5057573153
-147.224506497	-76.5067118085
-147.221873499	-76.5076662752
-147.219240126	-76.5086207155
-147.216606376	-76.5095751293
-147.213972251	-76.5105295167
-147.209882595	-76.5099147602
-147.205793315	-76.5092999363
-147.201704411	-76.5086850451
-147.197615883	-76.5080700865
-147.200250691	-76.5071158793
-147.19616271	-76.5065008984
-147.198797312	-76.5055467098
-147.194709877	-76.5049317066
-147.190622818	-76.5043166361
-147.186536135	-76.5037014984
-147.182449828	-76.5030862933
-147.178363896	-76.5024710209
-147.174278341	-76.5018556813
-147.171642716	-76.5028095997
-147.167557367	-76.5021941477
-147.164921196	-76.5031479946
-147.160836052	-76.5025324303
-147.158199336	-76.5034862056
-147.155562244	-76.5044399543
-147.152924776	-76.5053936765
-147.143563094	-76.5066851844
-147.139477853	-76.5060692603
-147.136838916	-76.5070228127
-147.134199603	-76.5079763385
-147.131559914	-76.5089298377
-147.124834305	-76.5092671387
-147.122193693	-76.5102205396
-147.119552705	-76.511173914
-147.115467199	-76.5105575849
-147.112825664	-76.5115108875
-147.110183753	-76.5124641635
-147.103455826	-76.5128008812
-147.100812992	-76.5137540588
-147.09816978	-76.5147072098
-147.091440423	-76.5150435998
-147.088796288	-76.5159966523
-147.082066045	-76.5163327863
-147.079420987	-76.5172857404
-147.076775551	-76.5182386677
-147.074129738	-76.5191915684
-147.078215976	-76.5198085957
-147.075569954	-76.5207615149
-147.079656739	-76.5213785202
-147.07701051	-76.5223314578
-147.081097842	-76.5229484411
-147.078451404	-76.5239013972
-147.082539283	-76.5245183584
-147.079892637	-76.525471333
-147.083981063	-76.5260882721
-147.088069866	-76.526705144
-147.092159048	-76.5273219486
-147.096248607	-76.527938686
-147.098894575	-76.5269855307
-147.102984342	-76.5276021556
-147.107074487	-76.5282187132
-147.111165009	-76.5288352035
-147.11525591	-76.5294516265
-147.112610621	-76.5304049626
-147.11670207	-76.5310213634
-147.114056574	-76.531974718
-147.11814857	-76.5325910967
-147.115502866	-76.5335444698
-147.112856784	-76.5344978162
-147.110210324	-76.5354511359
-147.107563486	-76.536404429
-147.10491627	-76.5373576954
-147.102268676	-76.5383109351
-147.099620703	-76.5392641481
-147.096972352	-76.5402173344
-147.094323623	-76.541170494
-147.091674515	-76.5421236268
-147.09576859	-76.5427403903
-147.093119273	-76.5436935417
-147.097213897	-76.544310283
-147.094564372	-76.5452634529
-147.098659544	-76.5458801721
-147.09600981	-76.5468333605
-147.100105532	-76.5474500576
-147.104201632	-76.5480666873
-147.10155186	-76.5490199395
-147.098901709	-76.5499731649
-147.094805268	-76.5493564448
-147.092154568	-76.5503095982
-147.089503489	-76.551262725
-147.082755458	-76.5515989016
-147.078659264	-76.5509819108
-147.076007087	-76.5519348935
-147.073354529	-76.5528878495
-147.070701593	-76.5538407786
-147.068048277	-76.5547936809
-147.063951783	-76.5541764417
-147.061297918	-76.555129272
-147.057201633	-76.55451192
-147.054547218	-76.5554646782
-147.050451143	-76.5548472136
-147.046355448	-76.5542296817
-147.042260132	-76.5536120824
-147.038165196	-76.5529944158
-147.034070639	-76.5523766818
-147.029976462	-76.5517588806
-147.025882664	-76.551141012
-147.024445017	-76.5495706804
-147.020352147	-76.5489527226
-147.016259657	-76.5483346975
-147.012167547	-76.5477166052
-147.008075815	-76.5470984455
-147.003984463	-76.5464802187
-146.999893491	-76.5458619246
-146.995802897	-76.5452435633
-146.991712684	-76.5446251348
-146.984965557	-76.5449586269
-146.980875933	-76.5443400187
-146.976786688	-76.5437213433
-146.972697823	-76.5431026007
-146.970039646	-76.5440544257
-146.965950991	-76.5434355706
-146.961862716	-76.5428166483
-146.957774821	-76.5421976589
-146.955115759	-76.5431493211
-146.951028075	-76.5425302192
-146.94694077	-76.5419110502
-146.944280992	-76.5428625947
-146.940193899	-76.5422433132
-146.936107185	-76.5416239647
-146.933446692	-76.5425753915
-146.930785819	-76.5435267914
-146.928124567	-76.5444781643
-146.932211785	-76.545097649
-146.92955032	-76.5460490402
-146.926888477	-76.5470004045
-146.93097641	-76.5476199128
-146.928314354	-76.5485712954
-146.929740568	-76.550142183
-146.92707792	-76.551093557
-146.931167118	-76.5517130671
-146.928504258	-76.5526644595
-146.932594004	-76.5532839479
-146.929930933	-76.5542353587
-146.934021227	-76.5548548252
-146.931357943	-76.5558062544
-146.935448786	-76.5564256992
-146.939540009	-76.5570450768
-146.943631613	-76.5576643872
-146.947723596	-76.5582836304
-146.951815961	-76.5589028064
-146.955908705	-76.5595219152
-146.96000183	-76.5601409568
-146.964095335	-76.5607599311
-146.961433019	-76.5617116964
-146.965527074	-76.5623306489
-146.962864546	-76.5632824326
-146.96695915	-76.5639013632
-146.964296411	-76.5648531654
-146.968391565	-76.5654720741
-146.965728614	-76.5664238947
-146.969824317	-76.5670427816
-146.967161154	-76.5679946206
-146.964497611	-76.5689464326
-146.96040157	-76.5683274549
-146.957737476	-76.5692791946
-146.955073002	-76.5702309072
-146.950977004	-76.5696117714
-146.94831198	-76.5705634116
-146.94155062	-76.5708957309
-146.937455047	-76.5702763697
-146.930693562	-76.5706083911
-146.92393174	-76.5709402273
-146.917169581	-76.5712718784
-146.913075026	-76.5706521119
-146.910407085	-76.5716033442
-146.906312743	-76.5709834651
-146.899550124	-76.571314633
-146.895456377	-76.570694574
-146.892787168	-76.5716456157
-146.888693634	-76.571025444
-146.886023875	-76.5719764132
-146.881930555	-76.5713561289
-146.879260247	-76.5723070254
-146.87516714	-76.5716866284
-146.872496283	-76.5726374524
-146.86840339	-76.5720169427
-146.865731983	-76.5729676941
-146.861639303	-76.5723470718
-146.858967347	-76.5732977504
-146.854874882	-76.5726770155
-146.852202376	-76.5736276215
-146.848110125	-76.5730067739
-146.84543707	-76.5739573072
-146.841345033	-76.573336347
-146.838671428	-76.5742868076
-146.835997441	-76.575237241
-146.831905452	-76.5746161226
-146.829230916	-76.5755664833
-146.826555998	-76.5765168168
-146.819788588	-76.5768458009
-146.817112738	-76.5777960344
-146.814436506	-76.5787462407
-146.811759892	-76.5796964196
-146.809082895	-76.5806465714
-146.806405516	-76.5815966958
-146.803727754	-76.5825467931
-146.807820868	-76.5831683885
-146.805142891	-76.584118504
-146.802464531	-76.5850685922
-146.803879787	-76.5866403182
-146.801200829	-76.5875903975
-146.798521488	-76.5885404494
-146.802616203	-76.5891621385
-146.799936647	-76.5901122088
-146.797256707	-76.5910622517
-146.80135214	-76.5916839649
-146.798671985	-76.5926340261
-146.802767969	-76.5932557177
-146.800087598	-76.5942057973
-146.804184132	-76.5948274674
-146.801503545	-76.5957775652
-146.805600631	-76.5963992137
-146.8096981	-76.597020795
-146.807017465	-76.5979709568
-146.804336446	-76.5989210913
-146.808434634	-76.5995426967
-146.805753399	-76.6004928495
-146.803071781	-76.601442975
-146.807170688	-76.6020646044
-146.804488853	-76.6030147482
-146.801806636	-76.6039648647
-146.799124034	-76.6049149539
-146.796441048	-76.6058650157
-146.80054101	-76.6064867605
-146.797857808	-76.6074368407
-146.795174222	-76.6083868935
-146.7965911	-76.6099587335
-146.793906914	-76.6109087772
-146.791222343	-76.6118587937
-146.788537388	-76.6128087827
-146.785852048	-76.6137587444
-146.783166324	-76.6147086787
-146.780480215	-76.6156585856
-146.777793722	-76.6166084652
-146.775106844	-76.6175583173
-146.772419581	-76.618508142
-146.776522324	-76.6191303005
-146.773834844	-76.6200801436
-146.771146979	-76.6210299592
-146.768458729	-76.6219797474
-146.765770094	-76.6229295082
-146.769873893	-76.6235517823
-146.767185041	-76.6245015614
-146.764495803	-76.6254513131
-146.76180618	-76.6264010373
-146.759116172	-76.6273507341
-146.756425778	-76.6283004034
-146.753734998	-76.6292500453
-146.751043834	-76.6301996597
-146.748352283	-76.6311492467
-146.745660347	-76.6320988061
-146.749766041	-76.6327214248
-146.747073886	-76.6336710025
-146.744381346	-76.6346205528
-146.74168842	-76.6355700756
-146.745795003	-76.6361927643
-146.743101859	-76.6371423054
-146.740408328	-76.6380918189
-146.744515633	-76.6387145319
-146.741821884	-76.6396640638
-146.739127748	-76.6406135682
-146.743235775	-76.6412363055
-146.740541421	-76.6421858281
-146.744650003	-76.6428085439
-146.746064566	-76.6443807792
-146.750174088	-76.6450034061
-146.747479465	-76.6459530112
-146.751589542	-76.6465756166
-146.755700005	-76.6471981547
-146.753005332	-76.6481478239
-146.75711635	-76.6487703404
-146.761227755	-76.6493927895
-146.765339547	-76.6500151712
-146.769451725	-76.6506374855
-146.776258122	-76.6503098341
-146.780370905	-76.6509319677
-146.783064181	-76.6499819961
-146.789869903	-76.6496539716
-146.792562237	-76.6487038992
-146.795254185	-76.6477537994
-146.797945746	-76.6468036722
-146.802058459	-76.647425442
-146.804749465	-76.6464752415
-146.807440085	-76.6455250136
-146.810130319	-76.6445747583
-146.81693259	-76.6442459947
-146.819621882	-76.6432956388
-146.822310789	-76.6423452556
-146.82642326	-76.6429666158
-146.829111612	-76.6420161593
-146.831799577	-76.6410656755
-146.834487157	-76.6401151643
-146.837174351	-76.6391646258
-146.839861159	-76.6382140599
-146.835749533	-76.6375929284
-146.838436125	-76.6366423809
-146.841122331	-76.6356918061
-146.843808152	-76.6347412039
-146.846493587	-76.6337905743
-146.849178637	-76.6328399175
-146.851863302	-76.6318892333
-146.854547581	-76.6309385218
-146.857231476	-76.629987783
-146.859914986	-76.6290370169
-146.86402509	-76.629657737
-146.866708045	-76.6287068979
-146.869390616	-76.6277560316
-146.873500767	-76.6283765928
-146.876182783	-76.6274256535
-146.88029315	-76.6280461017
-146.882974612	-76.6270950894
-146.889766102	-76.6267643392
-146.893876899	-76.6273845611
-146.896557253	-76.626433403
-146.900668265	-76.6270535118
-146.903348064	-76.6261022808
-146.907459291	-76.6267222764
-146.910138537	-76.6257709726
-146.914249978	-76.626390855
-146.918361805	-76.6270106699
-146.921040326	-76.6260592476
-146.925152367	-76.6266789493
-146.931942589	-76.6263470428
-146.936055228	-76.6269665638
-146.938732471	-76.6260149503
-146.942845325	-76.6266343581
-146.946958563	-76.6272536984
-146.949635081	-76.6263019665
-146.953748533	-76.6269211936
-146.957862369	-76.6275403531
-146.96197659	-76.628159445
-146.966091195	-76.6287784694
-146.968766647	-76.6278265278
-146.972881466	-76.6284454389
-146.976996669	-76.6290642824
-146.979671395	-76.6281122226
-146.982345737	-76.6271601356
-146.986460983	-76.6277788203
-146.98913477	-76.6268266606
-146.991808174	-76.6258744739
-146.994481193	-76.6249222601
-146.99859631	-76.6255407403
-147.001268774	-76.6245884539
-147.005384105	-76.6252068209
-147.008056014	-76.6242544618
-147.012171557	-76.6248727156
-147.014842912	-76.623920284
-147.018958668	-76.6245384245
-147.023074807	-76.6251564974
-147.025745436	-76.6242039476
-147.029861788	-76.6248219073
-147.033978524	-76.6254397993
-147.036648426	-76.6244871313
-147.040765374	-76.62510491
-147.044882706	-76.625722621
-147.047551881	-76.624769835
-147.051669425	-76.6253874327
-147.055787352	-76.6260049628
-147.05311852	-76.6269578399
-147.057237003	-76.6275753477
-147.054567958	-76.6285282434
-147.05189853	-76.6294811122
-147.049228718	-76.6304339539
-147.046558522	-76.6313867686
-147.043887942	-76.6323395564
-147.041216978	-76.6332923171
-147.037097465	-76.6326745359
-147.034425945	-76.633627224
-147.031754041	-76.6345798851
-147.027634569	-76.633961945
-147.024962109	-76.6349145335
-147.022289265	-76.635867095
-147.018169835	-76.6352489959
-147.015496435	-76.6362014847
-147.01282265	-76.6371539465
-147.010148481	-76.6381063811
-147.007473928	-76.6390587887
-147.003354196	-76.6384404395
-147.000679087	-76.6393927744
-146.998003592	-76.6403450822
-146.995327713	-76.6412973628
-146.992651449	-76.6422496164
-146.9899748	-76.6432018428
-146.985854597	-76.6425831978
-146.983177392	-76.6435353515
-146.980499802	-76.644487478
-146.977821827	-76.6454395774
-146.973701495	-76.6448207277
-146.971022964	-76.6457727543
-146.968344047	-76.6467247538
-146.964223758	-76.646105745
-146.961544285	-76.6470576716
-146.957424211	-76.6464385495
-146.954744181	-76.6473904032
-146.952063766	-76.6483422298
-146.947943736	-76.6477229486
-146.945262765	-76.6486747023
-146.942581408	-76.6496264288
-146.939899665	-76.650578128
-146.937217537	-76.6515298001
-146.934535022	-76.6524814449
-146.938655907	-76.6531009546
-146.935973177	-76.6540526179
-146.940094619	-76.6546721056
-146.937411674	-76.6556237874
-146.941533672	-76.6562432531
-146.938850513	-76.6571949534
-146.942973068	-76.6578143972
-146.947096009	-76.6584337732
-146.951219336	-76.6590530814
-146.95534305	-76.659672322
-146.95946715	-76.6602914947
-146.962149454	-76.6593395658
-146.966273768	-76.6599586251
-146.968955515	-76.6590066233
-146.973080044	-76.6596255691
-146.975761233	-76.6586734943
-146.979885977	-76.6592923266
-146.982566608	-76.658340179
-146.986691567	-76.6589588978
-146.989371641	-76.6580066773
-146.992051329	-76.6570544297
-146.99617633	-76.6576729893
-146.998855461	-76.6567206688
-147.002980676	-76.6573391149
-147.000301717	-76.6582914811
-147.004427489	-76.658909905
-147.001748316	-76.6598622897
-147.005874646	-76.6604806915
-147.003195259	-76.6614330948
-147.000515486	-76.6623854709
-146.997835327	-76.6633378198
-146.995154782	-76.6642901416
-146.992473851	-76.6652424363
-146.988346661	-76.6646238059
-146.985665172	-76.6655760277
-146.982983296	-76.6665282222
-146.980301034	-76.6674803896
-146.977618385	-76.6684325298
-146.97493535	-76.6693846428
-146.972251928	-76.6703367286
-146.969568119	-76.6712887871
-146.966883924	-76.6722408185
-146.964199342	-76.6731928226
-146.961514373	-76.6741447995
-146.958829017	-76.6750967491
-146.956143274	-76.6760486715
-146.953457143	-76.6770005666
-146.950770626	-76.6779524345
-146.95490022	-76.6785717054
-146.952213487	-76.6795235918
-146.949526366	-76.6804754509
-146.953656691	-76.6810947455
-146.950969355	-76.6820466232
-146.948281631	-76.6829984736
-146.94559352	-76.6839502967
-146.942905021	-76.6849020925
-146.940216135	-76.685853861
-146.93752686	-76.6868056023
-146.930705671	-76.6871377009
-146.92801545	-76.6880893417
-146.92388414	-76.6874696127
-146.921193358	-76.6884211803
-146.918502189	-76.6893727205
-146.914370924	-76.688752832
-146.911679195	-76.689704299
-146.908987078	-76.6906557387
-146.904855858	-76.6900356906
-146.902163181	-76.6909870571
-146.899470116	-76.6919383962
-146.895338942	-76.6913181885
-146.892645317	-76.6922694543
-146.885820176	-76.6926003255
-146.883125603	-76.6935514907
-146.87629956	-76.6938821015
-146.873604039	-76.694833166
-146.869473175	-76.6942125254
-146.866777094	-76.6951635165
-146.862646448	-76.6945427622
-146.859949807	-76.6954936799
-146.857252778	-76.6964445702
-146.853122179	-76.6958236563
-146.85042459	-76.6967744732
-146.847726612	-76.6977252626
-146.84359606	-76.6971041891
-146.840897522	-76.6980549051
-146.842329488	-76.6996267591
-146.839630342	-76.7005774661
-146.836930807	-76.7015281456
-146.841062431	-76.7021493351
-146.838362677	-76.7031000331
-146.839794889	-76.7046719171
-146.843927633	-76.705293063
-146.848060766	-76.705914141
-146.852194289	-76.7065351511
-146.856328202	-76.7071560934
-146.860462504	-76.7077769679
-146.864597195	-76.7083977745
-146.868732276	-76.7090185132
-146.872867747	-76.709639184
-146.877003607	-76.710259787
-146.881139857	-76.710880322
-146.885276497	-76.7115007891
-146.889413526	-76.7121211883
-146.892111443	-76.7111699205
-146.89624869	-76.7117902058
-146.898946046	-76.7108388646
-146.903083511	-76.711459036
-146.905780305	-76.7105076215
-146.909917988	-76.711127679
-146.912614221	-76.7101761911
-146.916752121	-76.7107961348
-146.919447793	-76.7098445736
-146.922143075	-76.708892985
-146.928975741	-76.7085611069
-146.931670073	-76.7076094176
-146.935808063	-76.7082290416
-146.938501834	-76.7072772791
-146.941195215	-76.7063254892
-146.94533325	-76.7069449534
-146.94802607	-76.7059930903
-146.950718501	-76.7050411998
-146.95485658	-76.7056605043
-146.95754845	-76.7047085406
-146.960239931	-76.7037565496
-146.964378055	-76.7043756944
-146.967068975	-76.7034236302
-146.969759506	-76.7024715387
-146.973897673	-76.7030905237
-146.976587643	-76.7021383591
-146.979277224	-76.7011861672
-146.986104455	-76.7008527274
-146.988793087	-76.6999004351
-146.99293134	-76.7005191006
-146.995619411	-76.6995667352
-146.998307093	-76.6986143426
-147.002445389	-76.6992328485
-147.005132511	-76.6982803828
-147.009271022	-76.6988987747
-147.011957582	-76.697946236
-147.016096308	-76.6985645141
-147.018782308	-76.6976119023
-147.022921249	-76.6982300666
-147.025606687	-76.6972773818
-147.028291738	-76.6963246698
