> -L"antarctic_islands_coastlines"
-57.984421284	-61.9077959709
-57.983201337	-61.9087160855
-57.985152495	-61.9092913944
-57.983932505	-61.9102115221
-57.982712433	-61.9111316412
-57.981492277	-61.9120517515
-57.979540997	-61.9114763772
-57.978320717	-61.912396457
-57.97636948	-61.9118210309
-57.975149077	-61.9127410802
-57.973197883	-61.9121656023
-57.971977356	-61.9130856211
-57.970756746	-61.9140056312
-57.968805554	-61.9134300797
-57.970756746	-61.9140056312
-57.969536054	-61.9149256326
-57.968315277	-61.9158456254
-57.970266634	-61.9164211906
-57.969045815	-61.9173411964
-57.967824913	-61.9182611936
-57.966603928	-61.919181182
-57.96465245	-61.9186055513
-57.963431341	-61.9195255092
-57.962210149	-61.9204454584
-57.960988874	-61.9213653989
-57.959037359	-61.9207896728
-57.95781596	-61.9217095827
-57.959767516	-61.9222853307
-57.958546075	-61.9232052538
-57.95732455	-61.9241251682
-57.95927627	-61.92470093
-57.958054703	-61.9256208575
-57.956833052	-61.9265407763
-57.955611318	-61.9274606863
-57.954389501	-61.9283805877
-57.9531676	-61.9293004804
-57.955119606	-61.9298763214
-57.953897663	-61.9307962272
-57.952675636	-61.9317161242
-57.951453526	-61.9326360126
-57.950231333	-61.9335558922
-57.949009057	-61.9344757631
-57.947056849	-61.9338998128
-57.945834449	-61.9348196531
-57.944611965	-61.9357394847
-57.94265976	-61.9351634607
-57.941437152	-61.9360832617
-57.940214462	-61.937003054
-57.938262259	-61.9364269564
-57.937039445	-61.9373467181
-57.935087285	-61.9367705686
-57.933135208	-61.9361943893
-57.93191223	-61.9371140985
-57.929960196	-61.9365378673
-57.928737094	-61.937457546
-57.926785103	-61.936881263
-57.924833195	-61.9363049501
-57.923609929	-61.9372245763
-57.921658064	-61.9366482116
-57.920434675	-61.9375678071
-57.918482853	-61.9369913906
-57.917259339	-61.9379109555
-57.915307561	-61.9373344873
-57.914083923	-61.9382540216
-57.912132188	-61.9376775015
-57.910180536	-61.9371009515
-57.908956734	-61.9380204333
-57.907005125	-61.9374438315
-57.905053599	-61.9368671998
-57.903829634	-61.9377866291
-57.901878151	-61.9372099456
-57.900654062	-61.9381293443
-57.898702622	-61.937552609
-57.897478409	-61.938471977
-57.896254113	-61.9393913363
-57.895029733	-61.9403106868
-57.891853753	-61.9406531758
-57.890629166	-61.9415724869
-57.889404496	-61.9424917892
-57.887452981	-61.9419148628
-57.886228187	-61.9428341344
-57.884276716	-61.9422571563
-57.883051798	-61.9431763972
-57.881826797	-61.9440956294
-57.879875328	-61.9435185776
-57.878650203	-61.9444377791
-57.876698778	-61.9438606755
-57.87547353	-61.9447798463
-57.873522147	-61.9442026909
-57.871570849	-61.9436255056
-57.870345436	-61.9445446239
-57.86839418	-61.9439673867
-57.867168644	-61.9448864743
-57.865943024	-61.9458055532
-57.863991772	-61.9452282424
-57.862766029	-61.9461472905
-57.860814819	-61.9455699279
-57.858863694	-61.9449925354
-57.856912651	-61.944415113
-57.855686704	-61.9453340867
-57.853735705	-61.9447566125
-57.851784789	-61.9441791084
-57.849833957	-61.9436015745
-57.847883209	-61.9430240107
-57.846657017	-61.9439428879
-57.844706312	-61.9433652723
-57.84275569	-61.9427876269
-57.840805152	-61.9422099515
-57.838854697	-61.9416322463
-57.836904326	-61.9410545112
-57.83567785	-61.9419732701
-57.833727522	-61.9413954833
-57.831777278	-61.9408176665
-57.830550638	-61.9417363728
-57.828600437	-61.9411585043
-57.827373673	-61.9420771799
-57.825423516	-61.9414992596
-57.824196629	-61.9424179045
-57.821019504	-61.9427585466
-57.81979241	-61.9436771519
-57.816615081	-61.9440176807
-57.81538778	-61.9449362465
-57.813437672	-61.9443581271
-57.812210247	-61.9452766621
-57.809032634	-61.9456169951
-57.807805002	-61.9465354905
-57.805854942	-61.9459572457
-57.803904965	-61.945378971
-57.801955071	-61.9448006664
-57.803182824	-61.9438822368
-57.801233054	-61.9433039243
-57.800005262	-61.9442223321
-57.798055535	-61.9436439678
-57.796105893	-61.9430655737
-57.794156333	-61.9424871498
-57.795384246	-61.9415688078
-57.79343481	-61.940990376
-57.791485458	-61.9404119143
-57.790257466	-61.9413302125
-57.788308157	-61.940751699
-57.787080041	-61.9416699664
-57.785130776	-61.9410914012
-57.783181595	-61.9405128062
-57.781953315	-61.9414310209
-57.780004178	-61.9408523742
-57.781232497	-61.9399341814
-57.782460733	-61.9390159797
-57.780511759	-61.938437347
-57.778562868	-61.9378586844
-57.779791101	-61.9369405178
-57.777842334	-61.9363618473
-57.779070523	-61.9354436937
-57.777121879	-61.9348650154
-57.775173319	-61.9342863072
-57.776401504	-61.9333681886
-57.774453067	-61.9327894725
-57.772504714	-61.9322107266
-57.770556445	-61.9316319509
-57.768608259	-61.9310531454
-57.766660156	-61.9304743101
-57.767888457	-61.9295562922
-57.765940478	-61.928977449
-57.763992583	-61.928398576
-57.762044771	-61.9278196732
-57.763273108	-61.9269017122
-57.761325419	-61.9263228015
-57.762553713	-61.9254048536
-57.760606148	-61.9248259351
-57.761834398	-61.9239080002
-57.759886956	-61.9233290738
-57.761115163	-61.9224111519
-57.759167844	-61.9218322176
-57.757220609	-61.9212532536
-57.758448812	-61.9203353667
-57.7565017	-61.9197563948
-57.757729859	-61.9188385209
-57.75578287	-61.9182595411
-57.753835966	-61.9176805315
-57.751889144	-61.9171014922
-57.750660865	-61.9180193002
-57.748714087	-61.9174402092
-57.747485686	-61.9183579865
-57.7462572	-61.9192757549
-57.745028632	-61.9201935144
-57.743081818	-61.9196143279
-57.741853126	-61.9205320566
-57.74062435	-61.9214497765
-57.73867754	-61.9208705163
-57.737448641	-61.9217882054
-57.736219659	-61.9227058856
-57.734272853	-61.9221265518
-57.73232613	-61.9215471882
-57.731096985	-61.9224648157
-57.729150306	-61.9218854005
-57.727203711	-61.9213059555
-57.725974402	-61.9222235302
-57.72474501	-61.923141096
-57.722798419	-61.9225615774
-57.721568904	-61.9234791125
-57.719622356	-61.9228995421
-57.718392718	-61.9238170464
-57.716446214	-61.9232374244
-57.714499794	-61.9226577726
-57.712553458	-61.9220780911
-57.710607205	-61.9214983798
-57.709377324	-61.9224157874
-57.707431115	-61.9218360245
-57.705484989	-61.9212562318
-57.703538947	-61.9206764094
-57.702308863	-61.9215937423
-57.700362865	-61.9210138682
-57.698416951	-61.9204339644
-57.69647112	-61.9198540308
-57.694525373	-61.9192740675
-57.692579709	-61.9186940745
-57.690634128	-61.9181140517
-57.688688632	-61.9175339992
-57.686743219	-61.916953917
-57.684797889	-61.916373805
-57.68602833	-61.9154566696
-57.684083123	-61.9148765498
-57.682138	-61.9142964004
-57.680192961	-61.9137162212
-57.678248005	-61.9131360124
-57.676303133	-61.9125557738
-57.674358344	-61.9119755055
-57.672413639	-61.9113952075
-57.671182921	-61.9123121894
-57.66923826	-61.9117318398
-57.667293682	-61.9111514604
-57.666062802	-61.9120683895
-57.664118268	-61.9114879585
-57.662173818	-61.9109074978
-57.660942775	-61.9118243741
-57.658998369	-61.9112438618
-57.657767203	-61.9121607072
-57.655822841	-61.9115801433
-57.654591551	-61.9124969578
-57.652647233	-61.9119163422
-57.651415821	-61.9128331258
-57.650184325	-61.9137499006
-57.648952745	-61.9146666663
-57.647721082	-61.9155834232
-57.646489335	-61.916500171
-57.645257505	-61.91741691
-57.644025591	-61.91833364
-57.642793594	-61.919250361
-57.644738228	-61.9198311522
-57.643506186	-61.9207478863
-57.645450943	-61.9213286697
-57.644218857	-61.9222454168
-57.646163738	-61.9228261925
-57.644931608	-61.9237429526
-57.646876611	-61.9243237205
-57.645644437	-61.9252404936
-57.644412179	-61.9261572577
-57.646357346	-61.9267380399
-57.645125044	-61.927654817
-57.647070333	-61.9282355915
-57.645837987	-61.9291523816
-57.644605558	-61.9300691628
-57.64655101	-61.9306499514
-57.645318536	-61.9315667456
-57.644085978	-61.9324835309
-57.642853337	-61.9334003071
-57.641620612	-61.9343170745
-57.640387803	-61.9352338328
-57.642333537	-61.9358147016
-57.641100684	-61.936731473
-57.643046541	-61.937312334
-57.644992482	-61.9378931653
-57.646938507	-61.9384739669
-57.648884615	-61.9390547387
-57.650830807	-61.9396354809
-57.652777083	-61.9402161933
-57.654009698	-61.9392992901
-57.655956018	-61.9398799509
-57.65718851	-61.9389630168
-57.659134874	-61.9395436258
-57.661081322	-61.9401242051
-57.659848909	-61.9410411831
-57.66179548	-61.9416217547
-57.660563023	-61.9425387457
-57.662509718	-61.9431193095
-57.661277217	-61.9440363135
-57.660044632	-61.9449533086
-57.661991489	-61.9455338866
-57.66075886	-61.9464508947
-57.659526147	-61.9473678938
-57.661473168	-61.947948486
-57.660240411	-61.9488654981
-57.65900757	-61.9497825014
-57.660954754	-61.9503631077
-57.659721869	-61.9512801239
-57.661669176	-61.9518607225
-57.660436247	-61.9527777518
-57.659203234	-61.9536947721
-57.657970138	-61.9546117834
-57.656736957	-61.9555287858
-57.655503693	-61.9564457792
-57.657451282	-61.9570264579
-57.656217973	-61.9579434643
-57.658165686	-61.9585241352
-57.656932333	-61.9594411547
-57.65888017	-61.9600218178
-57.66082809	-61.9606024512
-57.662776094	-61.9611830548
-57.664724181	-61.9617636287
-57.666672353	-61.9623441728
-57.668620609	-61.9629246871
-57.670568948	-61.9635051717
-57.671802023	-61.9625879984
-57.673750407	-61.9631684312
-57.675698874	-61.9637488342
-57.676931786	-61.962831608
-57.678880297	-61.9634119593
-57.680828892	-61.9639922808
-57.682777572	-61.9645725725
-57.68401028	-61.9636552715
-57.685959003	-61.9642355114
-57.684726335	-61.9651528345
-57.686675182	-61.9657330666
-57.685442469	-61.9666504027
-57.68739144	-61.9672306271
-57.686158683	-61.9681479762
-57.688107777	-61.9687281927
-57.690056955	-61.9693083794
-57.688824194	-61.9702257635
-57.690773496	-61.9708059425
-57.68954069	-61.9717233396
-57.691490116	-61.9723035107
-57.690257266	-61.9732209209
-57.689024333	-61.9741383221
-57.690973922	-61.9747185073
-57.689740945	-61.9756359216
-57.688507883	-61.9765533269
-57.687274738	-61.9774707233
-57.686041509	-61.9783881107
-57.684808196	-61.9793054891
-57.683574799	-61.9802228586
-57.682341318	-61.9811402192
-57.681107753	-61.9820575707
-57.679157846	-61.9814772096
-57.677924157	-61.9823945303
-57.676690384	-61.9833118419
-57.674740481	-61.982731407
-57.673506585	-61.9836486878
-57.672272604	-61.9845659595
-57.670322706	-61.9839854508
-57.669088601	-61.9849026916
-57.667854413	-61.9858199234
-57.666620141	-61.9867371463
-57.665385785	-61.9876543602
-57.664151345	-61.9885715651
-57.666101442	-61.9891521837
-57.664866958	-61.9900694017
-57.663632389	-61.9909866106
-57.662397736	-61.9919038106
-57.661163	-61.9928210016
-57.659928179	-61.9937381836
-57.658693274	-61.9946553566
-57.657458285	-61.9955725207
-57.656223212	-61.9964896757
-57.654272797	-61.995908881
-57.6530376	-61.9968260051
-57.651802319	-61.9977431202
-57.649851908	-61.9971622517
-57.648616503	-61.9980793357
-57.646666137	-61.9974984154
-57.645430608	-61.9984154685
-57.644194995	-61.9993325125
-57.642959298	-62.0002495476
-57.641723517	-62.0011665737
-57.640487652	-62.0020835908
-57.639251703	-62.0030005988
-57.638015669	-62.0039175979
-57.636065109	-62.0033364936
-57.634828951	-62.0042534617
-57.63359271	-62.0051704207
-57.632356384	-62.0060873707
-57.634307064	-62.006668541
-57.633070694	-62.0075855041
-57.635021498	-62.0081666666
-57.636972386	-62.0087477993
-57.635736011	-62.0096647974
-57.634499552	-62.0105817864
-57.633263009	-62.0114987665
-57.632026381	-62.0124157375
-57.63078967	-62.0133326995
-57.629552874	-62.0142496525
-57.628315993	-62.0151665965
-57.627079029	-62.0160835315
-57.62584198	-62.0170004574
-57.624604847	-62.0179173743
-57.622653562	-62.0173360213
-57.621416305	-62.0182529071
-57.619465064	-62.0176715023
-57.618227683	-62.0185883571
-57.616990218	-62.0195052028
-57.615752668	-62.0204220395
-57.614515034	-62.0213388672
-57.613277316	-62.0222556859
-57.611325961	-62.021674141
-57.610088119	-62.0225909286
-57.608136808	-62.0220093319
-57.606898842	-62.0229260884
-57.605660791	-62.0238428358
-57.603709485	-62.0232611652
-57.602471311	-62.0241778816
-57.60052005	-62.0235961591
-57.599281751	-62.0245128444
-57.597330535	-62.0239310701
-57.596092112	-62.0248477242
-57.59414094	-62.0242658981
-57.592902394	-62.0251825212
-57.590951266	-62.0246006432
-57.589712596	-62.0255172351
-57.591663762	-62.0260991352
-57.590425047	-62.0270157401
-57.592376338	-62.0275976324
-57.593615014	-62.0266810054
-57.595566349	-62.0272628459
-57.596804901	-62.0263461878
-57.598756281	-62.0269279764
-57.599994709	-62.0260112872
-57.601233052	-62.0250945889
-57.603184437	-62.0256763036
-57.604422656	-62.0247595742
-57.606374086	-62.0253412371
-57.607612181	-62.0244244766
-57.608850192	-62.0235077071
-57.610801627	-62.0240892961
-57.612039514	-62.0231724955
-57.613990993	-62.0237540326
-57.615228756	-62.022837201
-57.61718028	-62.0234186862
-57.618417918	-62.0225018235
-57.620369487	-62.0230832569
-57.621607002	-62.0221663631
-57.623558615	-62.0227477446
-57.624796005	-62.0218308197
-57.626747663	-62.0224121494
-57.62798493	-62.0214951935
-57.629936632	-62.0220764713
-57.631888418	-62.0226577193
-57.633125521	-62.0217407103
-57.635077352	-62.0223219065
-57.63631433	-62.0214048664
-57.638266206	-62.0219860107
-57.640218166	-62.0225671252
-57.64217021	-62.0231482098
-57.644122338	-62.0237292646
-57.64607455	-62.0243102896
-57.647311246	-62.0233931304
-57.649263503	-62.0239741035
-57.651215844	-62.0245550468
-57.65316827	-62.0251359602
-57.654404761	-62.0242187259
-57.656357231	-62.0247995874
-57.658309785	-62.0253804192
-57.659546113	-62.0244631317
-57.660782356	-62.0235458353
-57.662734915	-62.0241265931
-57.663971034	-62.0232092657
-57.665923637	-62.0237899716
-57.667159632	-62.0228726131
-57.66911228	-62.0234532672
-57.670348151	-62.0225358777
-57.672300843	-62.0231164799
-57.67353659	-62.0221990594
-57.675489326	-62.0227796098
-57.676724948	-62.0218621582
-57.678677729	-62.0224426567
-57.679913227	-62.0215251741
-57.681866052	-62.0221056207
-57.683818961	-62.0226860375
-57.685054296	-62.0217685019
-57.687007249	-62.0223488668
-57.688960287	-62.0229292018
-57.690913408	-62.0235095069
-57.692148539	-62.0225918963
-57.693383585	-62.0216742768
-57.695336711	-62.022254508
-57.696571633	-62.0213368574
-57.698524803	-62.0219170368
-57.700478058	-62.0224971863
-57.701712816	-62.0215794827
-57.702947489	-62.0206617702
-57.704182079	-62.0197440487
-57.702228945	-62.0191639653
-57.70346349	-62.0182462569
-57.70151048	-62.0176661655
-57.699557553	-62.0170860443
-57.700792094	-62.016168371
-57.698839292	-62.0155882419
-57.696886574	-62.015008083
-57.698121111	-62.0140904447
-57.699355564	-62.0131727974
-57.700589933	-62.0122551411
-57.701824217	-62.0113374759
-57.704292534	-62.0095021185
-57.705526566	-62.0085844264
-57.706760514	-62.0076667253
-57.708712912	-62.0082467082
-57.709946736	-62.0073289762
-57.711899179	-62.0079089072
-57.713132879	-62.0069911442
-57.715085365	-62.0075710234
-57.716318941	-62.0066532295
-57.718271472	-62.0072330568
-57.719504924	-62.006315232
-57.721457498	-62.0068950074
-57.723410157	-62.007474753
-57.724643445	-62.0065568752
-57.726596148	-62.0071365689
-57.728548935	-62.0077162328
-57.730501806	-62.0082958668
-57.732454761	-62.0088754709
-57.733687805	-62.0079574962
-57.735640804	-62.0085370484
-57.737593887	-62.0091165708
-57.738826766	-62.0081985432
-57.740779894	-62.0087780136
-57.742012649	-62.0078599551
-57.74396582	-62.0084393737
-57.745919075	-62.0090187624
-57.747151667	-62.008100651
-57.749104966	-62.0086799879
-57.751058349	-62.0092592948
-57.752290776	-62.0083411305
-57.754244203	-62.0089203856
-57.756197714	-62.0094996108
-57.758151309	-62.0100788061
-57.759383532	-62.0091605669
-57.761337171	-62.0097397103
-57.763290894	-62.0103188238
-57.765244702	-62.0108979074
-57.76647672	-62.0099795934
-57.768430571	-62.0105586251
-57.770384506	-62.0111376268
-57.772338525	-62.0117165987
-57.774292628	-62.0122955407
-57.776246815	-62.0128744527
-57.777478549	-62.0119560199
-57.77943278	-62.0125348801
-57.781387095	-62.0131137103
-57.783341494	-62.0136925106
-57.785295977	-62.014271281
-57.787250544	-62.0148500214
-57.789205195	-62.015428732
-57.79115993	-62.0160074126
-57.792391298	-62.015088817
-57.794346077	-62.0156674457
-57.79630094	-62.0162460445
-57.798255887	-62.0168246133
-57.800210918	-62.0174031521
-57.802166033	-62.0179816611
-57.804121232	-62.01856014
-57.806076515	-62.0191385891
-57.807307518	-62.0182198309
-57.809262844	-62.018798228
-57.811218255	-62.0193765951
-57.812449093	-62.0184577841
-57.814404548	-62.0190360993
-57.816360086	-62.0196143846
-57.818315709	-62.0201926399
-57.817084992	-62.0211115169
-57.819040739	-62.0216897642
-57.82099657	-62.0222679815
-57.81976585	-62.0231868935
-57.821721805	-62.0237651029
-57.823677844	-62.0243432823
-57.825633967	-62.0249214317
-57.827590175	-62.0254995512
-57.826359532	-62.0264185422
-57.828315864	-62.0269966536
-57.830272279	-62.0275747351
-57.832228779	-62.0281527865
-57.833459301	-62.0272337297
-57.834689739	-62.0263146639
-57.835920092	-62.0253955893
-57.837876555	-62.0259735449
-57.839106784	-62.0250544394
-57.841063291	-62.0256323431
-57.843019881	-62.0262102168
-57.844249945	-62.0252910585
-57.846206579	-62.0258688803
-57.847436519	-62.0249496912
-57.849393197	-62.025527461
-57.851349958	-62.0261052008
-57.852579734	-62.0251859589
-57.854536539	-62.0257636468
-57.856493428	-62.0263413046
-57.858450401	-62.0269189324
-57.860407458	-62.0274965303
-57.859177845	-62.0284158599
-57.861135026	-62.0289934497
-57.859905369	-62.0299127925
-57.861862675	-62.0304903742
-57.863820066	-62.031067926
-57.86577754	-62.0316454477
-57.867735098	-62.0322229394
-57.86969274	-62.0328004011
-57.870420968	-62.0342972985
-57.872378819	-62.0348747221
-57.874336753	-62.0354521157
-57.876294772	-62.0360294792
-57.878252875	-62.0366068128
-57.879482211	-62.0356872593
-57.881440357	-62.0362645408
-57.883398587	-62.0368417924
-57.885356902	-62.0374190139
-57.8873153	-62.0379962053
-57.889273782	-62.0385733667
-57.891232349	-62.0391504981
-57.892461357	-62.0382308041
-57.894419967	-62.0388078834
-57.896378661	-62.0393849328
-57.898337438	-62.0399619521
-57.9002963	-62.0405389413
-57.902255246	-62.0411159005
-57.904214276	-62.0416928297
-57.90617339	-62.0422697287
-57.90740203	-62.0413498722
-57.909361187	-62.0419267193
-57.911320429	-62.0425035363
-57.913279754	-62.0430803232
-57.912051236	-62.0440002456
-57.914010686	-62.0445770245
-57.912782125	-62.04549696
-57.914741699	-62.0460737307
-57.913513095	-62.0469936794
-57.914244146	-62.0484904038
-57.913015414	-62.0494103567
-57.911786597	-62.0503303009
-57.913746503	-62.0509070993
-57.912517643	-62.0518270566
-57.9112887	-62.052747005
-57.913248771	-62.0533238172
-57.912019783	-62.0542437788
-57.910790712	-62.0551637316
-57.912750949	-62.0557405576
-57.911521834	-62.0566605235
-57.913482195	-62.0572373414
-57.912253037	-62.0581573205
-57.911023795	-62.0590772906
-57.912984322	-62.0596541224
-57.911755036	-62.0605741057
-57.913715688	-62.0611509294
-57.912486359	-62.0620709258
-57.914447136	-62.0626477414
-57.913217763	-62.0635677509
-57.911988307	-62.0644877517
-57.913949249	-62.0650645811
-57.912719749	-62.0659845949
-57.911490165	-62.0669046
-57.913451273	-62.0674814432
-57.912221645	-62.0684014614
-57.910991933	-62.0693214707
-57.912953207	-62.0698983278
-57.914914564	-62.0704751547
-57.91368485	-62.0713951991
-57.915646332	-62.0719720179
-57.914416575	-62.0728920755
-57.916378182	-62.0734688862
-57.918339874	-62.0740456667
-57.92030165	-62.0746224172
-57.92226351	-62.0751991375
-57.924225455	-62.0757758277
-57.926187483	-62.0763524878
-57.928149596	-62.0769291178
-57.930111793	-62.0775057177
-57.932074074	-62.0780822874
-57.93403644	-62.078658827
-57.935998889	-62.0792353365
-57.934769496	-62.0801556269
-57.936732071	-62.0807321283
-57.93869473	-62.0813085995
-57.937465334	-62.082228925
-57.939428118	-62.082805388
-57.941390986	-62.0833818209
-57.943353939	-62.0839582236
-57.945316976	-62.0845345962
-57.947280096	-62.0851109387
-57.948509288	-62.0841905033
-57.949738395	-62.0832700591
-57.947775356	-62.0826937606
-57.94900442	-62.0817733296
-57.9502334	-62.0808528897
-57.951462295	-62.0799324411
-57.952691106	-62.0790119836
-57.953919834	-62.0780915173
-57.955882668	-62.078667706
-57.95711127	-62.077747209
-57.958339788	-62.0768267031
-57.960302625	-62.0774028178
-57.961531018	-62.0764822812
-57.962759327	-62.0755617357
-57.964722166	-62.0761377763
-57.96595035	-62.0752172002
-57.967178449	-62.0742966152
-57.968406465	-62.0733760214
-57.970369265	-62.073951966
-57.971597156	-62.0730313415
-57.972824962	-62.0721107082
-57.974052684	-62.0711900661
-57.975280322	-62.0702694152
-57.976507875	-62.0693487555
-57.978470556	-62.0699245602
-57.979697984	-62.0690038698
-57.981660708	-62.0695796224
-57.982888012	-62.0686589013
-57.984850778	-62.0692346018
-57.986813629	-62.0698102722
-57.988776564	-62.0703859124
-57.990739583	-62.0709615224
-57.992702686	-62.0715371023
-57.9939297	-62.0706162627
-57.995892846	-62.0711917904
-57.997856076	-62.071767288
-57.999082925	-62.0708463958
-58.001046198	-62.0714218413
-58.002272922	-62.0705009183
-58.004236238	-62.0710763117
-58.005462837	-62.070155358
-58.007426196	-62.0707306993
-58.00865267	-62.069809715
-58.010616072	-62.0703850041
-58.012579559	-62.0709602631
-58.013805866	-62.0700392261
-58.015769395	-62.070614433
-58.017733009	-62.0711896098
-58.01895915	-62.0702685201
-58.020922806	-62.0708436448
-58.022148823	-62.0699225245
-58.024112522	-62.0704975969
-58.026076305	-62.0710726393
-58.027302155	-62.0701514663
-58.029265982	-62.0707264565
-58.027302155	-62.0701514663
-58.029265982	-62.0707264565
-58.030491707	-62.069805253
-58.032455576	-62.070380191
-58.034419529	-62.0709550989
-58.035645088	-62.0700338427
-58.037609084	-62.0706086985
-58.039573164	-62.0711835241
-58.040798557	-62.0702622153
-58.04276268	-62.0708369888
-58.043987947	-62.0699156493
-58.045952113	-62.0704903707
-58.047177255	-62.0695690006
-58.048402313	-62.0686476218
-58.050366481	-62.0692222691
-58.051591414	-62.0683008596
-58.053555625	-62.0688754548
-58.054780432	-62.0679540147
-58.056744686	-62.0685285577
-58.057969368	-62.067607087
-58.059933665	-62.0681815779
-58.061898045	-62.0687560386
-58.063122561	-62.0678345153
-58.065086984	-62.0684089239
-58.068275841	-62.0680617265
-58.069500107	-62.0671401419
-58.071464616	-62.0677144463
-58.072688757	-62.0667928311
-58.074653308	-62.0673670833
-58.075877324	-62.0664454375
-58.077101256	-62.0655237831
-58.079065808	-62.0660979612
-58.080289615	-62.0651762761
-58.081513338	-62.0642545823
-58.083477892	-62.0648286865
-58.08470149	-62.0639069621
-58.085925003	-62.062985229
-58.087889559	-62.0635592591
-58.089112948	-62.0626374954
-58.090336252	-62.061715723
-58.092300809	-62.0622896791
-58.093523989	-62.0613678761
-58.094747085	-62.0604460644
-58.095970097	-62.0595242441
-58.094005663	-62.0589503536
-58.095228632	-62.0580285465
-58.096451518	-62.0571067306
-58.098415869	-62.0576805772
-58.099638629	-62.0567587308
-58.101603022	-62.0573325253
-58.1035675	-62.0579062896
-58.105532061	-62.0584800237
-58.106754613	-62.0575581029
-58.108719217	-62.0581317849
-58.110683905	-62.0587054366
-58.111906291	-62.0577834633
-58.113128593	-62.0568614814
-58.115093282	-62.0574350591
-58.116315459	-62.0565130467
-58.117537553	-62.0555910255
-58.119502243	-62.0561645292
-58.120724211	-62.0552424775
-58.121946096	-62.0543204172
-58.123910787	-62.0548938469
-58.125132546	-62.053971756
-58.126354222	-62.0530496564
-58.128318914	-62.0536230121
-58.129540465	-62.052700882
-58.130761931	-62.0517787432
-58.131983315	-62.0508565958
-58.133947967	-62.0514298557
-58.135169224	-62.0505076777
-58.136390399	-62.0495854911
-58.137611489	-62.0486632959
-58.139576101	-62.0492364598
-58.141540797	-62.0498095936
-58.142761721	-62.0488873459
-58.144726458	-62.0494604276
-58.14669128	-62.0500334789
-58.148656185	-62.0506065001
-58.150621175	-62.0511794909
-58.149400416	-62.0521018261
-58.15136553	-62.0526748085
-58.153330728	-62.0532477608
-58.15529601	-62.0538206827
-58.157261376	-62.0543935744
-58.159226825	-62.0549664358
-58.161192358	-62.055539267
-58.163157974	-62.0561120679
-58.165123675	-62.0566848385
-58.167089459	-62.0572575788
-58.168309845	-62.0563350469
-58.170275671	-62.0569077351
-58.169055327	-62.0578302889
-58.171021279	-62.0584029687
-58.172987314	-62.0589756182
-58.171766969	-62.059898207
-58.17373313	-62.0604708481
-58.172512742	-62.0613934502
-58.174479028	-62.0619660829
-58.173258599	-62.0628886982
-58.17522501	-62.0634613224
-58.174004538	-62.064383951
-58.175971074	-62.0649565668
-58.177937694	-62.0655291523
-58.176717222	-62.066451816
-58.178683967	-62.067024393
-58.177463452	-62.0679470699
-58.179430323	-62.0685196386
-58.178209766	-62.0694423287
-58.180176762	-62.0700148889
-58.178956163	-62.0709375923
-58.180923284	-62.0715101441
-58.179702642	-62.0724328607
-58.178481916	-62.0733555687
-58.177261107	-62.074278268
-58.176040214	-62.0752009587
-58.174819237	-62.0761236408
-58.173598175	-62.0770463142
-58.172377031	-62.077968979
-58.174344527	-62.0785416536
-58.173123339	-62.0794643316
-58.175090961	-62.0800369977
-58.173869731	-62.080959689
-58.175837478	-62.0815323467
-58.174616206	-62.0824550512
-58.173394851	-62.0833777471
-58.175362764	-62.0839504182
-58.174141366	-62.0848731273
-58.176109406	-62.08544579
-58.174887965	-62.0863685124
-58.17685613	-62.0869411666
-58.178824379	-62.0875137906
-58.177602938	-62.0884365481
-58.179571312	-62.0890091636
-58.178349828	-62.0899319343
-58.177128261	-62.0908546963
-58.175906609	-62.0917774497
-58.171494472	-62.0930502056
-58.170272527	-62.0939729112
-58.169050498	-62.0948956081
-58.171019164	-62.0954683768
-58.169797093	-62.0963910869
-58.171765884	-62.0969638472
-58.17054377	-62.0978865706
-58.172512686	-62.0984593224
-58.17129053	-62.0993820591
-58.173259572	-62.0999548025
-58.175228698	-62.1005275155
-58.177197908	-62.1011001982
-58.17841994	-62.1001773959
-58.180389192	-62.1007500264
-58.182358529	-62.1013226265
-58.184327949	-62.1018951963
-58.183106043	-62.1028180643
-58.185075589	-62.1033906256
-58.187045219	-62.1039631566
-58.185823312	-62.1048860597
-58.184601321	-62.1058089541
-58.186571118	-62.1063814985
-58.188540999	-62.1069540126
-58.187319008	-62.1078769422
-58.189289015	-62.1084494478
-58.191259106	-62.109021923
-58.190037113	-62.1099448877
-58.19200733	-62.1105173544
-58.190785296	-62.1114403324
-58.192755638	-62.1120127907
-58.191533561	-62.1129357819
-58.1903114	-62.1138587645
-58.189089154	-62.1147817385
-58.187118687	-62.1142092145
-58.185896316	-62.1151321579
-58.18467386	-62.1160550926
-58.182703393	-62.1154824945
-58.181480812	-62.1164053987
-58.180258147	-62.1173282942
-58.178287681	-62.1167556219
-58.17706489	-62.1176784869
-58.175842015	-62.1186013431
-58.174619056	-62.1195241908
-58.171425464	-62.1198742394
-58.170202295	-62.1207970478
-58.168979042	-62.1217198475
-58.167755705	-62.1226426386
-58.166532284	-62.123565421
-58.165308778	-62.1244881947
-58.164085188	-62.1254109597
-58.166055987	-62.1259838814
-58.164832355	-62.1269066597
-58.163608638	-62.1278294293
-58.162384838	-62.1287521902
-58.161160953	-62.1296749424
-58.163132003	-62.1302479215
-58.161908075	-62.1311706869
-58.160684064	-62.1320934437
-58.159459968	-62.1330161918
-58.157488793	-62.132443147
-58.156264572	-62.1333658645
-58.155040266	-62.1342885733
-58.153069092	-62.1337154542
-58.15184466	-62.1346381324
-58.149873529	-62.134064961
-58.147902482	-62.1334917593
-58.146677883	-62.1344143849
-58.144706879	-62.1338411309
-58.143482153	-62.1347637259
-58.141511192	-62.1341904196
-58.140286341	-62.135112984
-58.138315422	-62.1345396254
-58.137090445	-62.1354621591
-58.135865384	-62.1363846841
-58.133894466	-62.1358112513
-58.132669278	-62.1367337457
-58.131444007	-62.1376562314
-58.130218651	-62.1385787083
-58.128247693	-62.1380051793
-58.127022211	-62.1389276257
-58.125796645	-62.1398500633
-58.124570995	-62.1407724922
-58.12334526	-62.1416949123
-58.125316385	-62.1422685291
-58.124090608	-62.1431909625
-58.122864746	-62.1441133872
-58.124836038	-62.1446870175
-58.123610133	-62.1456094554
-58.125581552	-62.1461830773
-58.124355604	-62.1471055285
-58.126327149	-62.1476791419
-58.128298777	-62.148252725
-58.13027049	-62.1488262778
-58.131496312	-62.1479037608
-58.133468068	-62.1484772612
-58.135439908	-62.1490507312
-58.137411832	-62.1496241709
-58.139383841	-62.1501975802
-58.138158185	-62.1511201849
-58.136932445	-62.152042781
-58.13570662	-62.1529653683
-58.137678838	-62.153538813
-58.136452971	-62.1544614136
-58.138425315	-62.1550348499
-58.137199405	-62.1559574637
-58.139171875	-62.1565308915
-58.14114443	-62.157104289
-58.144342854	-62.1567549764
-58.145568555	-62.1558322881
-58.147541195	-62.1564055809
-58.148766769	-62.1554828619
-58.150739452	-62.1560561023
-58.152712219	-62.1566293123
-58.154685071	-62.157202492
-58.155910436	-62.1562796984
-58.15788333	-62.1568528257
-58.159856308	-62.1574259226
-58.161829371	-62.1579989891
-58.163802519	-62.1585720252
-58.16577575	-62.1591450308
-58.167000822	-62.1582221189
-58.168974097	-62.1587950722
-58.170199042	-62.1578721296
-58.171423904	-62.1569491783
-58.173397179	-62.1575220573
-58.174621914	-62.1565990754
-58.176595232	-62.157171902
-58.177819841	-62.1562488895
-58.179044366	-62.1553258683
-58.181017684	-62.1558986206
-58.182242083	-62.1549755688
-58.183466397	-62.1540525083
-58.185439716	-62.1546251864
-58.186663904	-62.1537020952
-58.188637266	-62.154274721
-58.189861328	-62.1533515992
-58.191085306	-62.1524284688
-58.193058668	-62.1530010203
-58.19428252	-62.1520778592
-58.196255925	-62.1526503583
-58.19747965	-62.1517271667
-58.199453097	-62.1522996135
-58.200676697	-62.1513763913
-58.202650187	-62.1519487857
-58.204623761	-62.1525211496
-58.206597419	-62.1530934831
-58.208571162	-62.1536657862
-58.210544989	-62.1542380589
-58.2125189	-62.1548103011
-58.214492896	-62.1553825128
-58.216466975	-62.1559546941
-58.21844114	-62.156526845
-58.217217917	-62.1574502645
-58.219192208	-62.1580224068
-58.217968943	-62.1589458396
-58.216745594	-62.1598692637
-58.218720052	-62.1604414194
-58.217496661	-62.1613648567
-58.216273185	-62.1622882854
-58.218247812	-62.1628604545
-58.217024293	-62.1637838965
-58.218999046	-62.1643560571
-58.217775486	-62.1652795123
-58.219750365	-62.1658516643
-58.218526762	-62.1667751328
-58.217303074	-62.1676985927
-58.219278122	-62.1682707581
-58.218054392	-62.1691942312
-58.216830578	-62.1701176956
-58.215606679	-62.1710411514
-58.217581937	-62.1716133521
-58.216357996	-62.1725368212
-58.21833338	-62.1731090134
-58.217109397	-62.1740324957
-58.219084907	-62.1746046793
-58.221060502	-62.1751768325
-58.223036181	-62.1757489552
-58.221812239	-62.1766724947
-58.223788045	-62.1772446088
-58.225763935	-62.1778166925
-58.224539992	-62.1787402671
-58.226516009	-62.1793123422
-58.225292024	-62.1802359302
-58.227268167	-62.1808079967
-58.22604414	-62.1817315979
-58.224820028	-62.1826551904
-58.226796339	-62.1832272704
-58.228772735	-62.1837993198
-58.227548623	-62.1847229475
-58.229525145	-62.1852949884
-58.228300991	-62.1862186294
-58.23027764	-62.1867906617
-58.232254373	-62.1873626636
-58.234231191	-62.1879346349
-58.236208093	-62.1885065757
-58.237432079	-62.187582847
-58.238655981	-62.1866591096
-58.240632883	-62.187230976
-58.241856659	-62.186307208
-58.243833603	-62.186879022
-58.245057252	-62.1859552234
-58.24703424	-62.186526985
-58.249011311	-62.187098716
-58.250988467	-62.1876704165
-58.252965708	-62.1882420865
-58.254943033	-62.188813726
-58.256920442	-62.1893853349
-58.258143754	-62.1884613961
-58.260121206	-62.1890329526
-58.261344391	-62.1881089832
-58.263321885	-62.1886804873
-58.264544944	-62.1877564873
-58.265767918	-62.1868324787
-58.267745412	-62.1874039084
-58.268968259	-62.1864798693
-58.270945796	-62.1870512465
-58.272168517	-62.1861271768
-58.273391154	-62.1852030984
-58.27536869	-62.1857744013
-58.2765912	-62.1848502924
-58.278568779	-62.1854215428
-58.279791162	-62.1844974033
-58.281768783	-62.1850686012
-58.28299104	-62.1841444313
-58.284968703	-62.1847155768
-58.286190834	-62.1837913762
-58.28741288	-62.1828671671
-58.288634841	-62.1819429494
-58.289856719	-62.181018723
-58.291834297	-62.1815897503
-58.293056048	-62.1806654934
-58.294277715	-62.1797412279
-58.295499297	-62.1788169538
-58.293521844	-62.1782459922
-58.294743385	-62.1773217314
-58.29596484	-62.176397462
-58.293987557	-62.1758265137
-58.29520897	-62.1749022576
-58.2964303	-62.1739779928
-58.294453185	-62.1734070578
-58.295674472	-62.1724828064
-58.293697484	-62.1719118628
-58.294918729	-62.1709876246
-58.292941867	-62.1704166723
-58.29416307	-62.1694924475
-58.295384189	-62.168568214
-58.297360966	-62.1691391225
-58.298581959	-62.1682148586
-58.299802867	-62.167290586
-58.301779644	-62.1678614202
-58.303000425	-62.1669371171
-58.304221123	-62.1660128055
-58.305441736	-62.1650884852
-58.307418471	-62.1656592232
-58.30939529	-62.1662299306
-58.310615735	-62.165305558
-58.311836095	-62.1643811768
-58.313812914	-62.1649518098
-58.318986954	-62.1651685289
-58.317010009	-62.1645979788
-58.318230116	-62.1636735367
-58.31945014	-62.1627490859
-58.320670079	-62.1618246266
-58.318693344	-62.1612541116
-58.319913241	-62.1603296656
-58.317936634	-62.1597591419
-58.31596011	-62.1591885878
-58.317180007	-62.1582641769
-58.31520361	-62.1576936141
-58.316423465	-62.1567692166
-58.314447194	-62.1561986451
-58.315667008	-62.1552742609
-58.316886737	-62.1543498681
-58.318106382	-62.1534254667
-58.320082527	-62.1539959725
-58.321302046	-62.1530715407
-58.323278232	-62.1536419941
-58.324497625	-62.1527175318
-58.326473853	-62.1532879329
-58.327693119	-62.1523634401
-58.329669389	-62.1529337888
-58.330888529	-62.1520092656
-58.332107585	-62.1510847338
-58.330131399	-62.150514429
-58.331350413	-62.1495899105
-58.332569343	-62.1486653835
-58.333788189	-62.147740848
-58.331812214	-62.1471705782
-58.333031018	-62.1462460559
-58.334249738	-62.1453215251
-58.335468374	-62.1443969857
-58.333492609	-62.143826751
-58.334711203	-62.1429022249
-58.335929713	-62.1419776903
-58.337148139	-62.1410531471
-58.338366481	-62.1401285954
-58.339584739	-62.1392040351
-58.340802913	-62.1382794663
-58.342021003	-62.1373548889
-58.343239009	-62.1364303029
-58.341263666	-62.1358602126
-58.34248163	-62.13493564
-58.343699511	-62.1340110588
-58.344917307	-62.1330864691
-58.346135019	-62.1321618708
-58.347352647	-62.131237264
-58.349327779	-62.1318072451
-58.350545281	-62.1308826079
-58.352520454	-62.1314525366
-58.354495711	-62.1320224348
-58.355713045	-62.1310977454
-58.357688344	-62.1316675912
-58.358905551	-62.1307428714
-58.360880892	-62.1313126648
-58.362097973	-62.1303879146
-58.36331497	-62.1294631559
-58.36529031	-62.1300328752
-58.367265734	-62.1306025639
-58.368482563	-62.1296777529
-58.370458029	-62.1302473893
-58.372433578	-62.1308169951
-58.373650238	-62.1298921319
-58.375625829	-62.1304616854
-58.376842364	-62.1295367919
-58.378817997	-62.1301062929
-58.380034405	-62.1291813691
-58.382010079	-62.1297508178
-58.383226361	-62.1288258636
-58.385202077	-62.1293952599
-58.386418232	-62.1284702753
-58.387634305	-62.1275452823
-58.388850293	-62.1266202807
-58.386874704	-62.1260509499
-58.38809065	-62.1251259617
-58.386115188	-62.1245566221
-58.387331093	-62.1236316472
-58.388546914	-62.1227066638
-58.38657162	-62.1221373374
-58.387787399	-62.1212123673
-58.389003095	-62.1202873887
-58.390218707	-62.1193624016
-58.391434235	-62.118437406
-58.389459194	-62.1178681364
-58.390674681	-62.1169431541
-58.388699766	-62.1163738758
-58.389915211	-62.1154489068
-58.387940422	-62.1148796198
-58.389155825	-62.1139546641
-58.387181162	-62.1133853684
-58.388396525	-62.1124604261
-58.386421988	-62.1118911217
-58.384447535	-62.1113217867
-58.385662898	-62.1103968796
-58.38368857	-62.1098275359
-58.384903892	-62.1089026421
-58.382929691	-62.1083332897
-58.384144971	-62.1074084092
-58.382170895	-62.1068390482
-58.380196904	-62.1062696566
-58.37898154	-62.1071944935
-58.37700759	-62.1066250497
-58.375033723	-62.1060555753
-58.373818191	-62.10698036
-58.371844366	-62.1064108333
-58.370628708	-62.1073355878
-58.368654925	-62.1067660087
-58.366681225	-62.1061963992
-58.365465399	-62.1071211015
-58.363491741	-62.1065514396
-58.361518167	-62.1059817473
-58.360302172	-62.1069063974
-58.35832864	-62.1063366527
-58.356355191	-62.1057668776
-58.354381826	-62.105197072
-58.352408545	-62.1046272359
-58.350435348	-62.1040573693
-58.348462234	-62.1034874722
-58.346489205	-62.1029175446
-58.344516259	-62.1023475866
-58.343299843	-62.1032720535
-58.342083343	-62.1041965119
-58.340110397	-62.1036264798
-58.338893772	-62.1045509078
-58.336920867	-62.1039808233
-58.335704116	-62.104905221
-58.334487281	-62.1058296102
-58.332514375	-62.1052594516
-58.331297414	-62.1061838103
-58.329324551	-62.1056135994
-58.328107464	-62.1065379278
-58.326890293	-62.1074622477
-58.32491743	-62.1068919626
-58.323700133	-62.1078162521
-58.321727311	-62.1072459147
-58.319754573	-62.1066755468
-58.317781919	-62.1061051485
-58.315809348	-62.1055347198
-58.317026813	-62.1046105177
-58.318244194	-62.103686307
-58.319461491	-62.1027620878
-58.320678704	-62.1018378601
-58.321895834	-62.1009136238
-58.32311288	-62.099989379
-58.321140645	-62.0994190508
-58.322357649	-62.0984948193
-58.32357457	-62.0975705792
-58.321602503	-62.0970002642
-58.31963052	-62.0964299188
-58.320847441	-62.0955057139
-58.318875584	-62.0949353599
-58.31690381	-62.0943649754
-58.318120731	-62.0934408056
-58.316149084	-62.0928704125
-58.317365963	-62.091946256
-58.315394441	-62.0913758543
-58.31417752	-62.092299989
-58.31220604	-62.0917295351
-58.310988993	-62.0926536394
-58.309017555	-62.0920831332
-58.307800382	-62.0930072071
-58.306583126	-62.0939312725
-58.304611688	-62.0933606922
-58.303394306	-62.0942847271
-58.301422909	-62.0937140945
-58.298234046	-62.0940674143
-58.296262775	-62.093496699
-58.2950451	-62.0944206513
-58.293073871	-62.0938498838
-58.291102725	-62.0932790858
-58.289131664	-62.0927082574
-58.287160686	-62.0921373986
-58.288378529	-62.0912135336
-58.286407677	-62.0906426662
-58.287625478	-62.0897188145
-58.285654752	-62.0891479385
-58.286872511	-62.0882241001
-58.284901911	-62.0876532156
-58.286119628	-62.0867293904
-58.284149153	-62.0861584973
-58.282178762	-62.0855875738
-58.283396479	-62.0846637838
-58.281426214	-62.0840928517
-58.279456032	-62.0835218892
-58.280673749	-62.0825981343
-58.278703693	-62.0820271633
-58.279921369	-62.0811034217
-58.277951438	-62.0805324421
-58.279169072	-62.0796087138
-58.280386621	-62.0786849769
-58.282356469	-62.0792559128
-58.283573893	-62.0783321455
-58.285543782	-62.0789030291
-58.286761081	-62.0779792315
-58.287978296	-62.0770554252
-58.289195428	-62.0761316104
-58.291165275	-62.0767023982
-58.292382281	-62.075778553
-58.293599203	-62.0748546993
-58.29556905	-62.075425413
-58.296785847	-62.0745015289
-58.298755735	-62.0750721904
-58.299972406	-62.0741482759
-58.301942337	-62.0747188852
-58.303158883	-62.0737949403
-58.305128855	-62.0743654973
-58.307098911	-62.074936024
-58.30906905	-62.0755065202
-58.310285387	-62.0745825013
-58.312255568	-62.0751529453
-58.314225833	-62.0757233589
-58.315442002	-62.0747992879
-58.316658087	-62.0738752083
-58.318628351	-62.0744455478
-58.3205987	-62.0750158569
-58.321814617	-62.0740917252
-58.323785007	-62.074661982
-58.325755481	-62.0752322085
-58.327726038	-62.0758024045
-58.328941746	-62.0748781988
-58.330912345	-62.0754483426
-58.332883028	-62.0760184559
-58.331667403	-62.0769427053
-58.333638212	-62.07751281
-58.332422546	-62.0784370727
-58.33439348	-62.0790071688
-58.333177772	-62.0799314447
-58.335148832	-62.0805015322
-58.337119975	-62.0810715893
-58.339091202	-62.0816416159
-58.340306783	-62.0807172745
-58.342278051	-62.0812872489
-58.344249403	-62.0818571928
-58.345464817	-62.0809327993
-58.34743621	-62.081502691
-58.349407687	-62.0820725522
-58.350622933	-62.0811481065
-58.352594452	-62.0817179155
-58.353809572	-62.0807934395
-58.355781132	-62.0813631962
-58.356996127	-62.0804386899
-58.358967729	-62.0810083943
-58.360182597	-62.0800838577
-58.362154241	-62.0806535098
-58.363368984	-62.0797289429
-58.365340669	-62.0802985428
-58.367312437	-62.0808681123
-58.368527012	-62.0799434932
-58.370498822	-62.0805130104
-58.371713272	-62.0795883611
-58.373685123	-62.080157826
-58.374899447	-62.0792331464
-58.37687134	-62.079802559
-58.378085538	-62.0788778491
-58.380057472	-62.0794472094
-58.381271545	-62.0785224693
-58.383243521	-62.0790917774
-58.384457467	-62.0781670069
-58.386429485	-62.0787362627
-58.387643305	-62.077811462
-58.389615364	-62.0783806655
-58.388401585	-62.0793054881
-58.39037377	-62.0798746829
-58.389159949	-62.0807995188
-58.387946046	-62.0817243462
-58.389918398	-62.0822935542
-58.388704453	-62.0832183949
-58.390676931	-62.0837875942
-58.389462944	-62.0847124483
-58.388248874	-62.0856372938
-58.39022152	-62.0862065062
-58.389007408	-62.0871313651
-58.39098018	-62.0877005689
-58.389766027	-62.088625441
-58.391738925	-62.0891946361
-58.39052473	-62.0901195216
-58.392497754	-62.090688708
-58.393711906	-62.0897638007
-58.395684971	-62.0903329347
-58.397658119	-62.0909020383
-58.398872103	-62.0899770789
-58.400845293	-62.0905461302
-58.402059151	-62.0896211405
-58.403272926	-62.0886961424
-58.404486617	-62.0877711358
-58.405700224	-62.0868461207
-58.406913748	-62.0859210971
-58.40494077	-62.0853521548
-58.406154252	-62.0844271446
-58.407367651	-62.0835021259
-58.405394841	-62.0829331967
-58.406608198	-62.0820081913
-58.407821472	-62.0810831775
-58.40584883	-62.0805142614
-58.407062063	-62.0795892609
-58.408275212	-62.0786642519
-58.409488278	-62.0777392344
-58.41070126	-62.0768142085
-58.411914158	-62.0758891742
-58.413126973	-62.0749641314
-58.415099363	-62.0755329167
-58.416312052	-62.0746078437
-58.417524658	-62.0736827622
-58.418737181	-62.0727576722
-58.41994962	-62.0718325738
-58.421161975	-62.0709074669
-58.423134237	-62.0714761129
-58.424346466	-62.0705509758
-58.425558613	-62.0696258303
-58.427530873	-62.0701944022
-58.428742894	-62.0692692265
-58.429954831	-62.0683440423
-58.431166685	-62.0674188497
-58.432378455	-62.0664936486
-58.43435063	-62.067062103
-58.435562275	-62.0661368717
-58.437534491	-62.0667052738
-58.43874601	-62.0657800123
-58.440718267	-62.0663483621
-58.441929661	-62.0654230705
-58.443901959	-62.065991368
-58.445113227	-62.0650660462
-58.447085566	-62.0656342915
-58.445874341	-62.0665596351
-58.447846806	-62.0671278717
-58.449819354	-62.0676960778
-58.451030495	-62.0667706906
-58.453003085	-62.0673388444
-58.4542141	-62.0664134271
-58.456186731	-62.0669815286
-58.458159444	-62.0675495996
-58.459370292	-62.0666241303
-58.460581055	-62.0656986526
-58.462553768	-62.0662666496
-58.464526564	-62.0668346161
-58.463315885	-62.0677601373
-58.465288807	-62.068328095
-58.464078087	-62.0692536296
-58.466051134	-62.0698215785
-58.464840373	-62.0707471264
-58.466813547	-62.0713150666
-58.465602745	-62.0722406279
-58.467576044	-62.0728085593
-58.466365201	-62.0737341339
-58.468338625	-62.0743020566
-58.470312134	-62.0748699487
-58.472285725	-62.0754378103
-58.474259401	-62.0760056414
-58.479864802	-62.0737963665
-58.481838517	-62.0743640712
-58.483048855	-62.0734383408
-58.485022611	-62.0740059932
-58.486232824	-62.0730802326
-58.48820662	-62.0736478328
-58.4901805	-62.0742154023
-58.488970372	-62.0751412064
-58.487760161	-62.076067002
-58.48973421	-62.0766345846
-58.488523957	-62.0775603936
-58.490498131	-62.0781279673
-58.491708341	-62.0772021366
-58.493682556	-62.077769658
-58.495656855	-62.0783371489
-58.496866896	-62.0774112662
-58.498841235	-62.0779787048
-58.500815658	-62.0785461128
-58.502790164	-62.0791134903
-58.50158025	-62.0800394382
-58.500370253	-62.0809653777
-58.502344928	-62.0815327681
-58.501134889	-62.082458721
-58.499924768	-62.0833846655
-58.501899611	-62.0839520689
-58.500689448	-62.0848780267
-58.502664417	-62.0854454213
-58.501454214	-62.0863713925
-58.500243927	-62.0872973553
-58.499033556	-62.0882233098
-58.497823103	-62.0891492558
-58.496612565	-62.0900751934
-58.495401945	-62.0910011227
-58.493426721	-62.0904335976
-58.492215974	-62.0913594966
-58.490240791	-62.0907919192
-58.489029918	-62.0917177881
-58.487054776	-62.0911501583
-58.485843778	-62.092075997
-58.483868677	-62.091508315
-58.482657552	-62.0924341235
-58.480682492	-62.0918663891
-58.478707516	-62.0912986241
-58.477496223	-62.0922243806
-58.475521287	-62.0916565633
-58.473546435	-62.0910887154
-58.472334974	-62.09201442
-58.470360163	-62.0914465198
-58.469148575	-62.0923721942
-58.467173805	-62.0918042417
-58.465962092	-62.0927298859
-58.464750295	-62.0936555217
-58.463538415	-62.0945811491
-58.46232645	-62.095506768
-58.46430139	-62.0960748077
-58.463089385	-62.0970004399
-58.461877296	-62.0979260638
-58.460665124	-62.0988516792
-58.459452868	-62.0997772862
-58.461428061	-62.1003453824
-58.460215764	-62.1012710027
-58.459003383	-62.1021966146
-58.460978745	-62.1027647239
-58.459766323	-62.1036903491
-58.46174181	-62.1042584496
-58.460529347	-62.1051840882
-58.462504961	-62.1057521798
-58.464480658	-62.1063202409
-58.466456439	-62.1068882715
-58.468432303	-62.1074562715
-58.467219926	-62.1083819888
-58.469195917	-62.1089499799
-58.471171991	-62.1095179405
-58.472384283	-62.1085921797
-58.474360398	-62.1091600879
-58.476336597	-62.1097279656
-58.478312879	-62.1102958126
-58.480289245	-62.1108636291
-58.482265695	-62.111431415
-58.484242228	-62.1119991703
-58.483030192	-62.1129250619
-58.485006851	-62.1134928084
-58.486983594	-62.1140605243
-58.485771559	-62.114986451
-58.487748429	-62.1155541581
-58.486536353	-62.1164800982
-58.488513348	-62.1170477964
-58.490490427	-62.1176154641
-58.491255558	-62.1191090982
-58.493232847	-62.1196767264
-58.49521022	-62.1202443241
-58.493998189	-62.1211703562
-58.492786075	-62.12209638
-58.491573878	-62.1230223953
-58.489596377	-62.1224547323
-58.488384053	-62.1233807174
-58.487171645	-62.1243066941
-58.485194143	-62.1237389569
-58.483981609	-62.1246649034
-58.482768991	-62.1255908414
-58.48155629	-62.126516771
-58.480343505	-62.1274426922
-58.479130636	-62.1283686049
-58.481108351	-62.128936451
-58.479895441	-62.1298623771
-58.481873282	-62.1304302145
-58.483851207	-62.1309980212
-58.485829216	-62.1315657973
-58.487807309	-62.1321335428
-58.489785485	-62.1327012576
-58.491763745	-62.1332689419
-58.493742089	-62.1338365955
-58.492529393	-62.1347626657
-58.494507864	-62.1353303105
-58.496486418	-62.1358979246
-58.495273724	-62.13682403
-58.497252404	-62.1373916353
-58.499231168	-62.13795921
-58.498018476	-62.1388853505
-58.499997366	-62.1394529163
-58.501976341	-62.1400204515
-58.503955399	-62.140587956
-58.505934541	-62.1411554299
-58.507913766	-62.1417228731
-58.509893076	-62.1422902857
-58.511105512	-62.1413640144
-58.513084862	-62.1419313745
-58.515064297	-62.142498704
-58.517043815	-62.1430660028
-58.519023416	-62.143633271
-58.521003102	-62.1442005085
-58.519790879	-62.1451268888
-58.521770692	-62.1456941174
-58.523750587	-62.1462613153
-58.522538367	-62.1471877308
-58.524518389	-62.1477549199
-58.526498495	-62.1483220783
-58.52771063	-62.1473956192
-58.529690777	-62.1479627252
-58.531671008	-62.1485298004
-58.533651323	-62.149096845
-58.535631722	-62.1496638589
-58.537612204	-62.1502308421
-58.53959277	-62.1507977946
-58.538380892	-62.1517243845
-58.540361584	-62.1522913281
-58.542342361	-62.152858241
-58.544323221	-62.1534251233
-58.545534971	-62.1524984681
-58.547515872	-62.1530652978
-58.549496857	-62.1536320969
-58.550708437	-62.1527053897
-58.552689463	-62.1532721363
-58.553900916	-62.1523453989
-58.555881983	-62.152912093
-58.557863134	-62.1534787563
-58.559844368	-62.154045389
-58.561825686	-62.154611991
-58.563036884	-62.1536851581
-58.565018243	-62.1542517075
-58.566999686	-62.1548182263
-58.568210715	-62.1538913414
-58.570192198	-62.1544578077
-58.572173765	-62.1550242432
-58.573384624	-62.1540973064
-58.575366232	-62.1546636894
-58.577347924	-62.1552300418
-58.578558613	-62.154303053
-58.580540346	-62.1548693528
-58.582522163	-62.1554356219
-58.583732682	-62.1545085812
-58.585714539	-62.1550747978
-58.58769648	-62.1556409836
-58.586486047	-62.1565680679
-58.588468114	-62.1571342448
-58.58725764	-62.1580613424
-58.589239834	-62.1586275104
-58.588029319	-62.1595546215
-58.59001164	-62.1601207804
-58.591994045	-62.1606869087
-58.590783532	-62.1616140549
-58.592766064	-62.1621801742
-58.59474868	-62.1627462627
-58.596731379	-62.1633123205
-58.595520911	-62.1642395237
-58.597503738	-62.1648055726
-58.599486647	-62.1653715906
-58.601469641	-62.1659375779
-58.600259219	-62.1668648381
-58.602242339	-62.1674308165
-58.601031876	-62.16835809
-58.59982133	-62.1692853553
-58.60180462	-62.1698513464
-58.603787995	-62.1704173068
-58.605771453	-62.1709832364
-58.607754994	-62.1715491352
-58.60973862	-62.1721150033
-58.610948951	-62.1711876292
-58.612932618	-62.1717534447
-58.614916368	-62.1723192295
-58.616900202	-62.1728849834
-58.61811032	-62.1719575356
-58.620094194	-62.1725232371
-58.622078153	-62.1730889077
-58.624062195	-62.1736545476
-58.626046321	-62.1742201566
-58.627256183	-62.1732926134
-58.626046321	-62.1742201566
-58.628030531	-62.1747857349
-58.630014825	-62.1753512824
-58.628804966	-62.1762788609
-58.630789386	-62.1768443994
-58.632773891	-62.1774099071
-58.634758479	-62.177975384
-58.633548666	-62.1789030194
-58.632338768	-62.1798306465
-58.631128787	-62.1807582653
-58.629918723	-62.1816858756
-58.628708574	-62.1826134777
-58.62672377	-62.1820478919
-58.625513494	-62.1829754638
-58.624303134	-62.1839030273
-58.623092691	-62.1848305825
-58.621882164	-62.1857581293
-58.620671552	-62.1866856677
-58.619460857	-62.1876131978
-58.618250078	-62.1885407195
-58.617039216	-62.1894682328
-58.61505415	-62.188902442
-58.61384316	-62.1898299251
-58.611858135	-62.1892640817
-58.609873193	-62.1886982074
-58.607888336	-62.1881323024
-58.605903563	-62.1875663665
-58.603918873	-62.1870003999
-58.601934268	-62.1864344025
-58.603145517	-62.1855070501
-58.601161038	-62.1849410437
-58.599176644	-62.1843750065
-58.597192333	-62.1838089385
-58.595208106	-62.1832428398
-58.593996685	-62.184170105
-58.592012499	-62.1836039537
-58.590028397	-62.1830377716
-58.588816805	-62.1839649849
-58.586832744	-62.1833987502
-58.585621026	-62.1843259333
-58.583637005	-62.1837596461
-58.581653069	-62.1831933281
-58.58044118	-62.1841204592
-58.578457285	-62.1835540886
-58.576473473	-62.1829876873
-58.575261414	-62.1839147664
-58.573277644	-62.1833483125
-58.571293957	-62.1827818279
-58.569310354	-62.1822153125
-58.568098082	-62.1831423177
-58.56611452	-62.1825757498
-58.564131042	-62.1820091511
-58.562147648	-62.1814425216
-58.560935163	-62.1823694531
-58.55895181	-62.1818027711
-58.556968541	-62.1812360583
-58.555755886	-62.1821629378
-58.553772658	-62.1815961724
-58.551789514	-62.1810293764
-58.55057669	-62.1819562038
-58.548593586	-62.1813893552
-58.547380635	-62.1823161524
-58.545397573	-62.1817492512
-58.544184494	-62.1826760182
-58.542201473	-62.1821090645
-58.540218536	-62.18154208
-58.539005288	-62.1824687949
-58.537022391	-62.181901758
-58.535039579	-62.1813346903
-58.533056851	-62.1807675918
-58.531074206	-62.1802004627
-58.529860703	-62.1811270819
-58.527878099	-62.1805599002
-58.52589558	-62.1799926878
-58.523913145	-62.1794254446
-58.525126777	-62.1784988909
-58.523144469	-62.1779316388
-58.52435806	-62.1770050985
-58.522375878	-62.1764378375
-58.520393781	-62.1758705459
-58.518411767	-62.1753032235
-58.517198047	-62.1762296985
-58.515216075	-62.1756623236
-58.513234186	-62.175094918
-58.511252381	-62.1745274817
-58.509270661	-62.1739600147
-58.507289024	-62.1733925171
-58.505307471	-62.1728249887
-58.503326003	-62.1722574296
-58.501344618	-62.1716898399
-58.50255868	-62.1707635395
-58.500577422	-62.1701959409
-58.501791444	-62.1692696539
-58.499810313	-62.1687020464
-58.497829265	-62.1681344083
-58.495848302	-62.1675667394
-58.493867422	-62.1669990399
-58.495081531	-62.1660728317
-58.493100778	-62.1655051233
-58.49112011	-62.1649373843
-58.489139525	-62.1643696146
-58.490353677	-62.1634434634
-58.488373219	-62.1628756848
-58.486392845	-62.1623078756
-58.484412555	-62.1617400357
-58.482432348	-62.1611721651
-58.480452226	-62.1606042639
-58.478472188	-62.160036332
-58.477257779	-62.1609623522
-58.475277781	-62.1603943679
-58.473297868	-62.1598263529
-58.471318039	-62.1592583072
-58.470103418	-62.1601842535
-58.46812363	-62.1596161553
-58.466908882	-62.1605420713
-58.468888713	-62.1611101913
-58.467673924	-62.1620361206
-58.468439052	-62.1635301745
-58.467224138	-62.1644561087
-58.469204264	-62.1650242329
-58.467989309	-62.1659501805
-58.466774269	-62.1668761196
-58.465559146	-62.1678020502
-58.467539485	-62.1683702092
-58.46632432	-62.1692961532
-58.465109071	-62.1702220888
-58.463893739	-62.1711480159
-58.465874289	-62.1717162097
-58.464658915	-62.1726421501
-58.463443457	-62.1735680821
-58.462227915	-62.1744940055
-58.461012289	-62.1754199205
-58.459031568	-62.1748516394
-58.457815815	-62.175777524
-58.456599978	-62.1767034002
-58.455384057	-62.1776292679
-58.454168052	-62.1785551272
-58.452951963	-62.1794809779
-58.451735789	-62.1804068201
-58.450519532	-62.1813326539
-58.449303191	-62.1822584791
-58.448086765	-62.1831842959
-58.446870255	-62.1841101042
-58.445653662	-62.1850359039
-58.447634853	-62.1856044254
-58.446418217	-62.1865302386
-58.447182858	-62.1880245777
-58.445966097	-62.1889503957
-58.447947584	-62.1895189214
-58.446730782	-62.1904447528
-58.448712396	-62.1910132697
-58.447495552	-62.1919391144
-58.449477293	-62.1925076225
-58.448260408	-62.1934334805
-58.447043438	-62.1943593301
-58.449025349	-62.1949278512
-58.447808338	-62.1958537141
-58.446591243	-62.1967795685
-58.448573323	-62.1973481027
-58.447356186	-62.1982739705
-58.446138965	-62.1991998297
-58.448121215	-62.199768377
-58.446903953	-62.2006942496
-58.445686606	-62.2016201137
-58.444469175	-62.2025459693
-58.446451637	-62.2031145514
-58.445234165	-62.2040404204
-58.447216754	-62.2046089937
-58.44599924	-62.205534876
-58.447981956	-62.2061034405
-58.446764401	-62.2070293361
-58.448747244	-62.2075978918
-58.447529647	-62.2085238008
-58.449512617	-62.2090923477
-58.448294979	-62.21001827
-58.450278076	-62.210586808
-58.449060396	-62.2115127438
-58.447842631	-62.212438671
-58.449825898	-62.2130072221
-58.448608093	-62.2139331627
-58.450591487	-62.2145017049
-58.449373639	-62.2154276589
-58.45135716	-62.2159961922
-58.450139272	-62.2169221595
-58.45212292	-62.2174906841
-58.450904989	-62.2184166648
-58.452888765	-62.2189851805
-58.451670793	-62.2199111745
-58.453654695	-62.2204796814
-58.452436682	-62.2214056888
-58.454420712	-62.2219741868
-58.453202657	-62.2229002076
-58.455186813	-62.2234686968
-58.457171055	-62.2240371552
-58.455953001	-62.2249632112
-58.457937369	-62.2255316608
-58.459921822	-62.2261000797
-58.46190636	-62.2266684678
-58.463890981	-62.2272368253
-58.465875687	-62.2278051519
-58.467860477	-62.2283734479
-58.469845352	-62.2289417131
-58.471830312	-62.2295099475
-58.473815355	-62.2300781512
-58.477018108	-62.2297200494
-58.479003277	-62.2302881697
-58.480988531	-62.2308562593
-58.482205986	-62.2299299323
-58.483423357	-62.2290035968
-58.485408609	-62.2295716118
-58.486625852	-62.2286452459
-58.488611146	-62.2292132084
-58.489828262	-62.2282868121
-58.491813597	-62.228854722
-58.493030586	-62.2279282953
-58.495015963	-62.2284961526
-58.496232824	-62.2275696956
-58.498218242	-62.2281375002
-58.499434976	-62.2272110128
-58.501420436	-62.2277787648
-58.503405979	-62.228346486
-58.504622543	-62.2274199464
-58.506608128	-62.227987615
-58.508593797	-62.2285552528
-58.509810191	-62.227628661
-58.511795902	-62.2281962462
-58.513781696	-62.2287638006
-58.51499792	-62.2278371566
-58.516983756	-62.2284046584
-58.518969676	-62.2289721293
-58.520185729	-62.2280454332
-58.522171691	-62.2286128515
-58.524157737	-62.2291802391
-58.526143867	-62.2297475959
-58.524927944	-62.2306743576
-58.526914201	-62.2312417054
-58.525698236	-62.2321684805
-58.527684621	-62.2327358194
-58.526468615	-62.2336626079
-58.528455127	-62.2342299378
-58.527239079	-62.2351567397
-58.529225719	-62.2357240607
-58.52800963	-62.236650876
-58.529996397	-62.2372181881
-58.531983249	-62.2377854694
-58.533970185	-62.2383527199
-58.535957205	-62.2389199396
-58.53794431	-62.2394871285
-58.539931498	-62.2400542865
-58.541918772	-62.2406214138
-58.543134559	-62.2396944455
-58.545121874	-62.2402615201
-58.547109272	-62.2408285639
-58.548324889	-62.2399015434
-58.550312329	-62.2404685345
-58.551527818	-62.2395414838
-58.553515299	-62.2401084222
-58.555502865	-62.2406753298
-58.556718183	-62.2397482269
-58.55870579	-62.2403150818
-58.560693481	-62.2408819059
-58.562681256	-62.2414486992
-58.564669116	-62.2420154617
-58.56665706	-62.2425821933
-58.565441957	-62.2435094054
-58.567430028	-62.2440761281
-58.566214885	-62.2450033536
-58.568203084	-62.2455700673
-58.566987899	-62.2464973063
-58.568976225	-62.2470640109
-58.570964636	-62.2476306847
-58.572953132	-62.2481973277
-58.574941711	-62.2487639398
-58.576930375	-62.2493305211
-58.578919123	-62.2498970715
-58.580907956	-62.250463591
-58.582896873	-62.2510300797
-58.584885874	-62.2515965376
-58.58610067	-62.2506691019
-58.588089712	-62.2512355071
-58.58930438	-62.2503080412
-58.591293463	-62.2508743936
-58.593282631	-62.2514407151
-58.594497128	-62.2505131971
-58.596486336	-62.251079466
-58.598475629	-62.2516457039
-58.600465007	-62.252211911
-58.601679289	-62.251284319
-58.603668708	-62.2518504734
-58.606872322	-62.2514889528
-58.608861865	-62.2520550236
-58.610075849	-62.2511273493
-58.611289749	-62.2501996665
-58.61327929	-62.2507656628
-58.614493062	-62.2498379497
-58.616482644	-62.2504038933
-58.617696288	-62.24947615
-58.619685911	-62.2500420408
-58.620899428	-62.2491142673
-58.622889092	-62.2496801054
-58.624102481	-62.2487523016
-58.626092185	-62.249318087
-58.627305447	-62.248390253
-58.629295192	-62.2489559857
-58.630508326	-62.2480281215
-58.632498112	-62.2485938014
-58.633711118	-62.247665907
-58.63492404	-62.2467380042
-58.636136877	-62.245810093
-58.63734963	-62.2448821734
-58.638562299	-62.2439542454
-58.63657273	-62.2433886746
-58.635795916	-62.2418951802
-58.637008503	-62.2409672791
-58.635019189	-62.2404016902
-58.636231736	-62.2394738025
-58.637444198	-62.2385459065
-58.635455055	-62.2379803303
-58.636667477	-62.2370524477
-58.637879814	-62.2361245567
-58.639092067	-62.2351966573
-58.637103138	-62.2346311157
-58.638315351	-62.2337032297
-58.639527479	-62.2327753354
-58.637538721	-62.2322098066
-58.638750809	-62.2312819257
-58.636762178	-62.2307163878
-58.637974225	-62.2297885203
-58.635985722	-62.2292229733
-58.637197728	-62.2282951193
-58.635209353	-62.2277295633
-58.633221062	-62.2271639764
-58.63443307	-62.2262361576
-58.635644995	-62.2253083304
-58.636856835	-62.2243804949
-58.638068592	-62.223452651
-58.639280264	-62.2225247986
-58.641268338	-62.2230902765
-58.642479883	-62.222162394
-58.643691344	-62.2212345031
-58.645679415	-62.2217999065
-58.646890749	-62.2208719855
-58.648878861	-62.2214373362
-58.650090067	-62.220509385
-58.65207822	-62.221074683
-58.654066457	-62.2216399501
-58.656054778	-62.2222051864
-58.658043184	-62.2227703918
-58.659254132	-62.2218423451
-58.661242578	-62.2224074978
-58.662453399	-62.2214794209
-58.664441885	-62.2220445209
-58.665652578	-62.2211164139
-58.666863187	-62.2201882985
-58.668851671	-62.220753324
-58.670062153	-62.2198251785
-58.672050677	-62.2203901514
-58.673261031	-62.2194619757
-58.675249596	-62.2200268959
-58.677238245	-62.2205917853
-58.679226978	-62.2211566437
-58.681215795	-62.2217214713
-58.683204696	-62.222286268
-58.685193681	-62.2228510337
-58.68718275	-62.2234157686
-58.689171903	-62.2239804726
-58.69116114	-62.2245451456
-58.693150461	-62.2251097878
-58.695139866	-62.2256743991
-58.696349657	-62.2247459754
-58.698339103	-62.2253105339
-58.699548767	-62.2243820801
-58.701538253	-62.224946586
-58.703527823	-62.2255110609
-58.707507215	-62.2266399181
-58.706297725	-62.227568459
-58.70828759	-62.228132863
-58.71027754	-62.2286972361
-58.709068053	-62.2296258123
-58.71105813	-62.2301901762
-58.709848603	-62.2311187659
-58.711838807	-62.2316831206
-58.713829096	-62.2322474445
-58.712619572	-62.2331760694
-58.714609989	-62.2337403841
-58.716600489	-62.2343046678
-58.715390968	-62.235233328
-58.717381596	-62.2357976026
-58.719372308	-62.2363618463
-58.721363104	-62.236926059
-58.722572495	-62.2359973335
-58.724563331	-62.2365614935
-58.726554252	-62.2371256225
-58.725344949	-62.2380543916
-58.727335997	-62.2386185115
-58.72932713	-62.2391826004
-58.731318346	-62.2397466584
-58.733309647	-62.2403106854
-58.735301031	-62.2408746814
-58.7372925	-62.2414386465
-58.738501541	-62.2405097467
-58.74049305	-62.2410736591
-58.741701963	-62.2401447292
-58.743693512	-62.2407085888
-58.744902297	-62.2397796289
-58.746893887	-62.2403434358
-58.748102544	-62.2394144457
-58.750094174	-62.2399781998
-58.751302704	-62.2390491797
-58.752511149	-62.2381201513
-58.754502776	-62.2386838309
-58.755711094	-62.2377547725
-58.756919328	-62.2368257057
-58.758910951	-62.2373893108
-58.760119057	-62.236460214
-58.76211072	-62.2370237663
-58.763318698	-62.2360946394
-58.765310402	-62.236658139
-58.766518252	-62.2357289821
-58.767726019	-62.2347998168
-58.768933702	-62.2338706433
-58.770141301	-62.2329414616
-58.768149772	-62.232378049
-58.769357331	-62.2314488807
-58.770564806	-62.2305197041
-58.771772196	-62.2295905193
-58.773763593	-62.2301538665
-58.774970856	-62.2292246516
-58.776178035	-62.2282954284
-58.777385131	-62.227366197
-58.778592142	-62.2264369573
-58.780583448	-62.2270001865
-58.781790331	-62.2260709168
-58.782997131	-62.2251416388
-58.781005913	-62.224578453
-58.782212673	-62.2236491885
-58.780221582	-62.2230859935
-58.778230575	-62.2225227676
-58.776239653	-62.2219595107
-58.774248814	-62.2213962228
-58.773041879	-62.2223254004
-58.77105108	-62.2217620598
-58.769060365	-62.2211986882
-58.767853259	-62.222127814
-58.765862584	-62.2215643897
-58.764655351	-62.2224934854
-58.762664716	-62.2219300084
-58.760674165	-62.2213665005
-58.75946676	-62.2222955444
-58.75747625	-62.2217319838
-58.755485823	-62.2211683922
-58.75349548	-62.2206047696
-58.754703016	-62.219675791
-58.752712801	-62.2191121592
-58.75072267	-62.2185484966
-58.748732623	-62.2179848029
-58.746742659	-62.2174210784
-58.744752779	-62.2168573229
-58.743545025	-62.2177861927
-58.741555185	-62.2172223845
-58.73956543	-62.2166585454
-58.737575758	-62.2160946753
-58.735586171	-62.2155307744
-58.733596667	-62.2149668424
-58.731607247	-62.2144028796
-58.729617911	-62.2138388858
-58.727628659	-62.2132748612
-58.72563949	-62.2127108056
-58.726847637	-62.2117821316
-58.724858597	-62.2112180668
-58.72286964	-62.2106539712
-58.72407779	-62.2097253324
-58.725285856	-62.2087966854
-58.72329707	-62.2082326023
-58.721308368	-62.2076684884
-58.722516438	-62.2067398766
-58.723724424	-62.2058112564
-58.721735893	-62.2052471551
-58.722943838	-62.2043185485
-58.7241517	-62.2033899335
-58.725359477	-62.2024613102
-58.727347878	-62.2030253463
-58.728555528	-62.202096693
-58.730543969	-62.2026606764
-58.731751492	-62.201731993
-58.733739973	-62.2022959237
-58.734947369	-62.2013672103
-58.73693589	-62.2019310884
-58.738143158	-62.201002345
-58.74013172	-62.2015661704
-58.742120365	-62.2021299649
-58.743327462	-62.2012011697
-58.745316148	-62.2017649115
-58.746523117	-62.2008360863
-58.748511843	-62.2013997754
-58.750500653	-62.2019634337
-58.751707452	-62.2010345567
-58.753696301	-62.2015981623
-58.754902973	-62.2006692552
-58.756891862	-62.2012328081
-58.758098406	-62.2003038711
-58.760087336	-62.2008673713
-58.76207635	-62.2014308407
-58.763282723	-62.2005018519
-58.765271777	-62.2010652685
-58.766478022	-62.2001362497
-58.768467116	-62.2006996137
-58.769673234	-62.1997705649
-58.771662368	-62.2003338762
-58.773651586	-62.2008971566
-58.775640887	-62.2014604061
-58.776846791	-62.2005312838
-58.778836132	-62.2010944806
-58.780825557	-62.2016576464
-58.78203129	-62.2007284724
-58.784020755	-62.2012915856
-58.78522636	-62.2003623816
-58.787215865	-62.2009254421
-58.788421342	-62.1999962081
-58.789626736	-62.1990669658
-58.791616238	-62.1996299519
-58.792821504	-62.1987006797
-58.794026687	-62.1977713993
-58.796016184	-62.198334311
-58.79722124	-62.1974050005
-58.795231786	-62.1968421106
-58.796436801	-62.1959128136
-58.794447474	-62.1953499144
-58.792458231	-62.1947869843
-58.793663251	-62.1938577226
-58.791674135	-62.1932947832
-58.792879114	-62.192365535
-58.790890126	-62.1918025864
-58.792095065	-62.1908733517
-58.790106204	-62.1903103939
-58.791311103	-62.1893811726
-58.792515919	-62.1884519431
-58.794504692	-62.1890148574
-58.795709381	-62.188085598
-58.796913985	-62.1871563303
-58.798118506	-62.1862270543
-58.796129864	-62.1856642052
-58.797334345	-62.1847349427
-58.79534583	-62.1841720843
-58.796550271	-62.1832428353
-58.794561883	-62.1826799677
-58.792573579	-62.1821170692
-58.793778024	-62.1811878554
-58.791789847	-62.1806249477
-58.792994252	-62.1796957474
-58.791006203	-62.1791328305
-58.792210568	-62.1782036437
-58.790222646	-62.1776407175
-58.791426971	-62.1767115442
-58.789439176	-62.1761486088
-58.790643461	-62.175219449
-58.791847663	-62.1742902809
-58.789860038	-62.1737273581
-58.7910642	-62.1727982035
-58.792268278	-62.1718690407
-58.793472273	-62.1709398696
-58.794676184	-62.1700106903
-58.795880012	-62.1690815028
-58.797083756	-62.1681523071
-58.798287417	-62.1672231032
-58.799490994	-62.166293891
-58.800694487	-62.1653646706
-58.801897898	-62.1644354421
-58.803885085	-62.1649981479
-58.805088369	-62.1640688894
-58.806291568	-62.1631396226
-58.808278752	-62.1637022541
-58.809481825	-62.1627729575
-58.811469048	-62.1633355364
-58.812671994	-62.1624062099
-58.814659257	-62.1629687362
-58.815862076	-62.1620393797
-58.81706481	-62.1611100151
-58.818267462	-62.1601806423
-58.81947003	-62.1592512613
-58.820672514	-62.158321872
-58.821874916	-62.1573924746
-58.823862	-62.1579548398
-58.825064274	-62.1570254125
-58.827051399	-62.1575877252
-58.828253546	-62.156658268
-58.83024071	-62.157220528
-58.83144273	-62.156291041
-58.833429934	-62.1568532484
-58.835417221	-62.157415425
-58.836619071	-62.1564858864
-58.838606398	-62.1570480103
-58.840593808	-62.1576101033
-58.842581302	-62.1581721654
-58.844568879	-62.1587341965
-58.843367204	-62.1596638218
-58.845354909	-62.1602258437
-58.844153195	-62.1611554826
-58.846141026	-62.1617174952
-58.844939273	-62.1626471475
-58.846927231	-62.1632091509
-58.849701693	-62.165262774
-58.851689945	-62.1658247063
-58.8504882	-62.1667544289
-58.85247658	-62.1673163519
-58.851274795	-62.1682460881
-58.850072927	-62.1691758161
-58.852061478	-62.1697377515
-58.85085957	-62.170667493
-58.852848248	-62.1712294191
-58.851646301	-62.1721591741
-58.853635106	-62.172721091
-58.852433119	-62.1736508595
-58.854422051	-62.174212767
-58.853220024	-62.175142549
-58.855209084	-62.1757044473
-58.854007018	-62.1766342429
-58.855996205	-62.1771961319
-58.857985476	-62.1777579899
-58.856783413	-62.1786878206
-58.858772811	-62.1792496694
-58.85757071	-62.1801795136
-58.859560235	-62.1807413531
-58.858358093	-62.1816712109
-58.860347746	-62.1822330411
-58.862337482	-62.1827948403
-58.864327301	-62.1833566086
-58.866317204	-62.1839183459
-58.86751917	-62.1829884014
-58.869509113	-62.183550086
-58.871499139	-62.1841117396
-58.872700933	-62.1831817436
-58.874690999	-62.1837433446
-58.876681148	-62.1843049146
-58.877882771	-62.183374867
-58.87987296	-62.1839363843
-58.881074456	-62.1830063069
-58.883064684	-62.1835677715
-58.884266052	-62.1826376643
-58.88625632	-62.1831990762
-58.887457561	-62.1822689391
-58.888658718	-62.1813387939
-58.890648982	-62.1819001315
-58.892639329	-62.1824614381
-58.894629759	-62.1830227137
-58.896620272	-62.1835839583
-58.898610869	-62.1841451719
-58.90060155	-62.1847063545
-58.902592314	-62.185267506
-58.904583161	-62.1858286266
-58.906574092	-62.1863897161
-58.90777477	-62.1854593677
-58.909765741	-62.1860204045
-58.911756794	-62.1865814104
-58.913747931	-62.1871423852
-58.915739152	-62.187703329
-58.916529998	-62.1891946986
-58.91852143	-62.1897556021
-58.917320932	-62.1906860724
-58.919312491	-62.1912469665
-58.921304134	-62.1918078295
-58.922504543	-62.1908773158
-58.924496225	-62.1914381261
-58.92648799	-62.1919989054
-58.927688228	-62.1910683402
-58.929680033	-62.1916290668
-58.930880143	-62.1906984718
-58.932871987	-62.1912591457
-58.934863914	-62.1918197885
-58.933663892	-62.1927504269
-58.935655947	-62.1933110603
-58.937648086	-62.1938716627
-58.939640308	-62.1944322341
-58.941632613	-62.1949927744
-58.942832458	-62.1940620494
-58.944824803	-62.194622537
-58.946817231	-62.1951829935
-58.948016904	-62.1942522171
-58.950009372	-62.1948126209
-58.952001923	-62.1953729936
-58.953994557	-62.1959333353
-58.955987275	-62.1964936459
-58.957980076	-62.1970539255
-58.95997296	-62.197614174
-58.958773552	-62.1985450804
-58.960766564	-62.1991053195
-58.959567117	-62.2000362394
-58.961560256	-62.2005964691
-58.96036077	-62.2015274026
-58.962354037	-62.2020876228
-58.961154511	-62.2030185699
-58.959161199	-62.202458328
-58.957961546	-62.2033892453
-58.955968273	-62.2028289506
-58.954768492	-62.2037598381
-58.956761809	-62.2043201544
-58.958755209	-62.2048804396
-58.957555432	-62.2058113623
-58.95954896	-62.2063716382
-58.961542572	-62.2069318829
-58.9603428	-62.2078628408
-58.962336539	-62.2084230761
-58.961136729	-62.2093540476
-58.963130596	-62.2099142735
-58.961930746	-62.2108452585
-58.960730812	-62.2117762354
-58.962724851	-62.2123364735
-58.961524878	-62.213267464
-58.963519045	-62.2138276927
-58.962319033	-62.2147586967
-58.961118938	-62.2156896925
-58.959918759	-62.2166206803
-58.958718496	-62.2175516599
-58.95751815	-62.2184826313
-58.95631772	-62.2194135947
-58.955117207	-62.2203445499
-58.95391661	-62.221275497
-58.95271593	-62.2222064359
-58.951515165	-62.2231373668
-58.950314318	-62.2240682894
-58.949113386	-62.224999204
-58.947912371	-62.2259301104
-58.949907197	-62.2264905898
-58.948706143	-62.2274215098
-58.950701097	-62.2279819798
-58.951902107	-62.2270510382
-58.9538971	-62.2276114554
-58.955892177	-62.2281718415
-58.957887337	-62.2287321965
-58.959088131	-62.2278011817
-58.961083331	-62.2283614839
-58.962283996	-62.2274304393
-58.964279235	-62.2279906887
-58.966274558	-62.228550907
-58.967475052	-62.2276198109
-58.969470414	-62.2281799764
-58.970670779	-62.2272488505
-58.97266618	-62.2278089632
-58.974661665	-62.2283690448
-58.976657233	-62.2289290952
-58.978652885	-62.2294891145
-58.97985299	-62.2285578938
-58.981848681	-62.2291178603
-58.983844456	-62.2296777957
-58.985840315	-62.2302376999
-58.987836257	-62.2307975731
-58.9890361	-62.2298662575
-58.990235859	-62.2289349338
-58.992231796	-62.2294947324
-58.993431428	-62.2285633789
-58.995427404	-62.2291231248
-58.996626907	-62.2281917415
-58.998622922	-62.2287514345
-58.999822298	-62.2278200215
-59.001818352	-62.2283796617
-59.0030176	-62.2274482189
-59.005013693	-62.2280078063
-59.006212813	-62.2270763337
-59.007411849	-62.2261448531
-59.008610801	-62.2252133643
-59.00980967	-62.2242818675
-59.011008456	-62.2233503625
-59.012207158	-62.2224188495
-59.010211331	-62.221859392
-59.011409994	-62.2209278926
-59.012608573	-62.219996385
-59.010612918	-62.2194369398
-59.008617348	-62.2188774634
-59.009815932	-62.217945991
-59.007820489	-62.2173865052
-59.009019035	-62.2164550464
-59.00702372	-62.215895551
-59.008222226	-62.2149641058
-59.006227039	-62.214404601
-59.007425507	-62.2134731693
-59.008623891	-62.2125417296
-59.006628876	-62.2119822369
-59.007827221	-62.2110508108
-59.009025482	-62.2101193765
-59.00703064	-62.209559896
-59.00503588	-62.2090003844
-59.003041205	-62.2084408417
-59.004239516	-62.2075094643
-59.002244968	-62.2069499121
-59.000250503	-62.2063903288
-59.00144882	-62.2054589866
-58.999454483	-62.2048993939
-59.00065276	-62.2039680652
-58.998658552	-62.203408463
-58.996664426	-62.2028488297
-58.997862709	-62.2019175362
-58.995868711	-62.2013578934
-58.993874796	-62.2007982195
-58.995073084	-62.1998669613
-58.993079298	-62.199307278
-58.994277547	-62.1983760333
-58.992283887	-62.1978163405
-58.993482097	-62.1968851094
-58.991488566	-62.1963254071
-58.992686737	-62.1953941896
-58.993884824	-62.194462964
-58.991891465	-62.1939032739
-58.993089513	-62.1929720619
-58.991096282	-62.1924123623
-58.989898189	-62.1933435528
-58.987904996	-62.1927838005
-58.986706776	-62.1937149612
-58.984713622	-62.1931551562
-58.983515274	-62.1940862872
-58.98152216	-62.1935264295
-58.979529129	-62.1929665407
-58.977536181	-62.1924066208
-58.978734662	-62.1914755548
-58.979933059	-62.1905444807
-58.981925918	-62.1911043573
-58.983124188	-62.1901732534
-58.984322375	-62.1892421415
-58.985520478	-62.1883110215
-58.986718498	-62.1873798934
-58.987916434	-62.1864487572
-58.989114287	-62.1855176129
-58.987121693	-62.1849578661
-58.988319507	-62.1840267354
-58.986327041	-62.1834669793
-58.984334658	-62.182907192
-58.985532478	-62.1819760965
-58.983540222	-62.1814162998
-58.98154805	-62.1808564721
-58.979555962	-62.1802966133
-58.98075383	-62.1793655746
-58.978761869	-62.1788057064
-58.976769991	-62.1782458071
-58.977967865	-62.1773148036
-58.975976114	-62.1767548949
-58.973984447	-62.1761949552
-58.975182326	-62.1752639868
-58.973190787	-62.1747040377
-58.97119933	-62.1741440575
-58.969207957	-62.1735840462
-58.967216667	-62.1730240039
-58.968414639	-62.172093114
-58.969612528	-62.171162216
-58.96762141	-62.170602186
-58.96881926	-62.1696713015
-58.970017026	-62.168740409
-58.96802608	-62.1681803912
-58.969223807	-62.1672495122
-58.967232988	-62.1666894849
-58.965242252	-62.1661294267
-58.966439984	-62.1651985828
-58.964449376	-62.1646385152
-58.96245885	-62.1640784165
-58.963656588	-62.1631476078
-58.961666189	-62.1625874998
-58.959675874	-62.1620273606
-58.957685642	-62.1614671905
-58.955695494	-62.1609069893
-58.953705429	-62.1603467572
-58.951715446	-62.159786494
-58.949725548	-62.1592261998
-58.947735732	-62.1586658745
-58.946537642	-62.1595965101
-58.944547865	-62.1590361322
-58.942558172	-62.1584757234
-58.94135991	-62.1594063075
-58.939370256	-62.158845846
-58.937380685	-62.1582853535
-58.938579035	-62.1573548126
-58.936589591	-62.1567943107
-58.937787901	-62.1558637834
-58.935798585	-62.1553032721
-58.933809352	-62.1547427299
-58.935007667	-62.1538122377
-58.933018561	-62.1532516861
-58.934216837	-62.1523212075
-58.935415029	-62.1513907207
-58.933426095	-62.1508301814
-58.934624248	-62.1498997081
-58.93263544	-62.1493391595
-58.933833555	-62.1484086998
-58.931844874	-62.1478481418
-58.929856277	-62.1472875528
-58.927867763	-62.1467269328
-58.925879332	-62.1461662819
-58.927077538	-62.1452359006
-58.925089235	-62.1446752403
-58.923101014	-62.1441145491
-58.924299226	-62.1431842029
-58.922311132	-62.1426235023
-58.920323121	-62.1420627708
-58.919124822	-62.1429930736
-58.91713685	-62.1424322895
-58.915938424	-62.1433625626
-58.913950492	-62.1428017258
-58.912751938	-62.1437319692
-58.910764045	-62.1431710798
-58.909565364	-62.1441012934
-58.907577511	-62.1435403515
-58.90558974	-62.1429793785
-58.904390889	-62.1439095407
-58.902403158	-62.1433485152
-58.90041551	-62.1427874587
-58.901614449	-62.1418573398
-58.899626929	-62.1412962741
-58.900825829	-62.1403661687
-58.898838435	-62.1398050936
-58.896851124	-62.1392439876
-58.894863897	-62.1386828506
-58.896062846	-62.137752802
-58.894075745	-62.1371916558
-58.895274654	-62.1362616207
-58.893287681	-62.1357004651
-58.894486551	-62.1347704436
-58.892499704	-62.1342092787
-58.893698535	-62.1332792706
-58.891711815	-62.1327180965
-58.892910606	-62.1317881019
-58.890924014	-62.1312269185
-58.892122766	-62.1302969375
-58.8901363	-62.1297357447
-58.889348674	-62.1282445752
-58.887362418	-62.1276833422
-58.888561135	-62.1267534099
-58.886575006	-62.1261921676
-58.887773684	-62.1252622488
-58.885787682	-62.1247009973
-58.88698632	-62.1237710919
-58.885000445	-62.1232098311
-58.886199044	-62.1222799393
-58.884213296	-62.1217186692
-58.885411856	-62.1207887908
-58.883426234	-62.1202275115
-58.884624755	-62.1192976467
-58.88263926	-62.118736358
-58.880653849	-62.1181750385
-58.87866852	-62.1176136881
-58.876683275	-62.1170523068
-58.874698112	-62.1164908945
-58.875896768	-62.1155611297
-58.873911733	-62.1149997082
-58.87192678	-62.1144382559
-58.87312544	-62.1135085262
-58.871140615	-62.1129470646
-58.872339235	-62.1120173484
-58.870354536	-62.1114558775
-58.871553118	-62.1105261748
-58.869568545	-62.1099646947
-58.867584056	-62.1094031837
-58.868782642	-62.1084735161
-58.866798279	-62.1079119958
-58.867996826	-62.1069823418
-58.86601259	-62.1064208123
-58.864028437	-62.1058592519
-58.865226987	-62.104929633
-58.863242961	-62.1043680633
-58.861259018	-62.1038064628
-58.859275157	-62.1032448314
-58.85729138	-62.1026831692
-58.856092655	-62.1036127016
-58.854108917	-62.1030509868
-58.852125262	-62.1024892412
-58.85014169	-62.1019274647
-58.848158201	-62.1013656574
-58.849357101	-62.1004362116
-58.847373738	-62.099874395
-58.848572599	-62.0989449627
-58.846589363	-62.0983831369
-58.84460621	-62.0978212803
-58.845805074	-62.096891883
-58.843822048	-62.0963300172
-58.845020873	-62.0954006335
-58.843037973	-62.0948387584
-58.844236759	-62.0939093881
-58.842253985	-62.0933475039
-58.843452731	-62.0924181471
-58.841470085	-62.0918562536
-58.839487521	-62.0912943293
-58.83750504	-62.0907323742
-58.838703834	-62.0898030742
-58.836721479	-62.0892411098
-58.837920233	-62.0883118233
-58.835938005	-62.0877498497
-58.833955861	-62.0871878454
-58.831973799	-62.0866258102
-58.82999182	-62.0860637442
-58.828792892	-62.0869929442
-58.826810952	-62.0864308257
-58.825611898	-62.087359996
-58.82441276	-62.0882891581
-58.82321354	-62.0892183121
-58.822014237	-62.0901474578
-58.82399635	-62.0907096628
-58.822797007	-62.0916388221
-58.821597582	-62.0925679732
-58.820398073	-62.0934971162
-58.819198481	-62.094426251
-58.817998806	-62.0953553776
-58.816016476	-62.0947930644
-58.814816674	-62.0957221613
-58.812834383	-62.0951597956
-58.811634455	-62.0960888627
-58.809652204	-62.0955264446
-58.808452149	-62.0964554818
-58.806469937	-62.0958930112
-58.804487808	-62.0953305098
-58.802505763	-62.0947679776
-58.8005238	-62.0942054146
-58.79854192	-62.0936428208
-58.796560123	-62.0930801961
-58.794578409	-62.0925175407
-58.793377968	-62.0934464182
-58.791396294	-62.0928837103
-58.790195726	-62.093812558
-58.788214092	-62.0932497977
-58.786232541	-62.0926870065
-58.784251072	-62.0921241846
-58.78545177	-62.0911954019
-58.783470428	-62.0906325708
-58.784671086	-62.0897038015
-58.782689871	-62.0891409613
-58.783890489	-62.0882122055
-58.7819094	-62.0876493562
-58.779928394	-62.087086476
-58.781129016	-62.0861577553
-58.779148136	-62.0855948661
-58.777167339	-62.085031946
-58.775186625	-62.0844689952
-58.776387294	-62.0835403313
-58.774406707	-62.0829773713
-58.772426202	-62.0824143806
-58.770445781	-62.0818513591
-58.768465442	-62.0812883068
-58.769666202	-62.0803597213
-58.767685989	-62.0797966599
-58.76570586	-62.0792335677
-58.763725814	-62.0786704448
-58.76492662	-62.077741916
-58.7629467	-62.077178784
-58.760966863	-62.0766156212
-58.758987109	-62.0760524277
-58.760187962	-62.0751239557
-58.758208334	-62.074560753
-58.75622879	-62.0739975196
-58.757429646	-62.0730690827
-58.755450227	-62.0725058402
-58.756651044	-62.0715774168
-58.754671751	-62.0710141652
-58.752692542	-62.0704508828
-58.753893361	-62.0695224945
-58.751914278	-62.0689592031
-58.749935278	-62.0683958809
-58.751136101	-62.0674675276
-58.752336842	-62.0665391662
-58.753537499	-62.0656107966
-58.751558711	-62.0650475086
-58.752759329	-62.0641191524
-58.750780667	-62.0635558554
-58.751981245	-62.0626275126
-58.750002709	-62.0620642065
-58.751203248	-62.0611358772
-58.749224838	-62.060572562
-58.748024257	-62.0615008696
-58.746045887	-62.060937502
-58.7440676	-62.0603741037
-58.74286685	-62.0613023599
-58.740888602	-62.0607389092
-58.738910438	-62.0601754278
-58.737709519	-62.0611036325
-58.736508516	-62.062031829
-58.735307431	-62.0629600172
-58.734106262	-62.0638881973
-58.732128008	-62.0633245986
-58.730926714	-62.0642527488
-58.7289485	-62.0636890978
-58.727747079	-62.0646172181
-58.725768905	-62.0640535147
-58.723790814	-62.0634897805
-58.721812806	-62.0629260157
-58.719834881	-62.0623622201
-58.721036474	-62.0614341864
-58.719058675	-62.0608703818
-58.720260228	-62.0599423615
-58.718282555	-62.0593785478
-58.716304965	-62.0588147035
-58.714327458	-62.0582508284
-58.715529057	-62.0573228649
-58.713551676	-62.0567589808
-58.711574378	-62.056195066
-58.71277598	-62.0552671375
-58.710798808	-62.0547032137
-58.71200037	-62.0537752987
-58.71320185	-62.0528473754
-58.711224847	-62.0522834642
-58.712426286	-62.0513555544
-58.713627643	-62.0504276364
-58.711650809	-62.0498637378
-58.712852126	-62.0489358332
-58.71405336	-62.0480079204
-58.712076695	-62.0474440344
-58.713277889	-62.046516135
-58.711301349	-62.04595224
-58.712502503	-62.0450243541
-58.71052609	-62.0444604501
-58.708549759	-62.0438965154
-58.707348519	-62.044824358
-58.705372228	-62.044260371
-58.704170862	-62.0451881837
-58.70219461	-62.0446241444
-58.700218442	-62.0440600744
-58.699443852	-62.0425682259
-58.700645264	-62.0416404698
-58.701846594	-62.0407127055
-58.70304784	-62.0397849331
-58.70107201	-62.0392208883
-58.702273216	-62.0382931292
-58.700297511	-62.0377290755
-58.701498678	-62.0368013298
-58.699523099	-62.0362372671
-58.700724226	-62.0353095349
-58.70192527	-62.0343817944
-58.703900763	-62.0349458139
-58.705101681	-62.0340180437
-58.707077214	-62.0345820108
-58.708278007	-62.0336542107
-58.709478716	-62.0327264024
-58.710679343	-62.0317985858
-58.708703939	-62.0312346836
-58.709904526	-62.0303068805
-58.71110503	-62.0293790691
-58.709129795	-62.0288151795
-58.710330259	-62.0278873816
-58.708355149	-62.0273234829
-58.709555574	-62.0263956984
-58.711530641	-62.0269595755
-58.71273094	-62.0260317612
-58.713931156	-62.0251039387
-58.71590622	-62.0256677419
-58.71710631	-62.0247398895
-58.715131289	-62.024176108
-58.713156351	-62.0236122959
-58.714356445	-62.0226844786
-58.712381633	-62.0221206574
-58.710406903	-62.0215568056
-58.711607	-62.0206290234
-58.709632396	-62.0200651626
-58.710832452	-62.0191373938
-58.708857974	-62.018573524
-58.706883578	-62.0180096235
-58.708083638	-62.0170818898
-58.706109368	-62.0165179803
-58.704135181	-62.0159540402
-58.702935035	-62.0168817306
-58.700960888	-62.0163177382
-58.698986823	-62.0157537152
-58.69701284	-62.0151896616
-58.698213115	-62.014262036
-58.696239258	-62.0136979734
-58.695465762	-62.0122062896
-58.693492113	-62.0116421874
-58.694692351	-62.0107146103
-58.692718828	-62.0101504991
-58.687571664	-62.009949697
-58.686371216	-62.010877201
-58.684397855	-62.0103129547
-58.682424578	-62.0097486778
-58.680451382	-62.0091843703
-58.68165196	-62.0082569312
-58.67967889	-62.0076926147
-58.680879427	-62.006765189
-58.678906483	-62.0062008635
-58.676933622	-62.0056365074
-58.675732999	-62.0065638899
-58.673760178	-62.0059994816
-58.672559429	-62.0069268342
-58.670586648	-62.0063623737
-58.669385774	-62.0072896964
-58.667413032	-62.0067251837
-58.665440373	-62.0061606404
-58.663467797	-62.0055960664
-58.661495303	-62.0050314619
-58.662696348	-62.0041042257
-58.66072398	-62.0035396123
-58.658751695	-62.0029749683
-58.656779492	-62.0024102937
-58.655578319	-62.003337465
-58.654377064	-62.004264628
-58.652404858	-62.0036998796
-58.651203477	-62.0046270128
-58.649231312	-62.0040622121
-58.648029805	-62.0049893155
-58.64605768	-62.0044244626
-58.644856048	-62.005351536
-58.642883963	-62.004786631
-58.641682206	-62.0057136745
-58.63971016	-62.0051487172
-58.638508278	-62.0060757309
-58.636536272	-62.0055107214
-58.635334265	-62.0064377052
-58.633362299	-62.0058726435
-58.632160166	-62.0067995974
-58.630188241	-62.0062344835
-58.628985982	-62.0071614075
-58.627014097	-62.0065962413
-58.625811713	-62.0075231354
-58.623839868	-62.0069579171
-58.622637359	-62.0078847813
-58.620665554	-62.0073195107
-58.619462919	-62.008246345
-58.618260202	-62.009173171
-58.616288395	-62.0086078266
-58.615085551	-62.0095346227
-58.613882626	-62.0104614105
-58.612679617	-62.0113881901
-58.610707765	-62.0108227501
-58.608735996	-62.0102572796
-58.607532819	-62.0111840076
-58.60556109	-62.0106184849
-58.603589444	-62.0100529317
-58.60161788	-62.0094873479
-58.599646399	-62.0089217335
-58.597675002	-62.0083560886
-58.595703686	-62.0077904132
-58.593732454	-62.0072247073
-58.591761305	-62.0066589708
-58.589790238	-62.0060932038
-58.587819254	-62.0055274062
-58.585848353	-62.0049615781
-58.583877535	-62.0043957195
-58.5819068	-62.0038298304
-58.58311053	-62.002903384
-58.58113992	-62.002337486
-58.582343609	-62.001411053
-58.580373124	-62.0008451462
-58.578402722	-62.0002792089
-58.576432403	-61.999713241
-58.577636137	-61.9987868647
-58.575665943	-61.998220888
-58.573695832	-61.9976548808
-58.572492013	-61.9985812137
-58.570521942	-61.9980151543
-58.568551954	-61.9974490644
-58.566582049	-61.996882944
-58.564612226	-61.9963167931
-58.565816215	-61.9953905469
-58.563846517	-61.9948243871
-58.565050466	-61.9938981542
-58.563080894	-61.9933319857
-58.564284802	-61.9924057661
-58.562315355	-61.9918395887
-58.56034599	-61.9912733808
-58.558376709	-61.9907071425
-58.55640751	-61.9901408736
-58.554438395	-61.9895745743
-58.552469362	-61.9890082445
-58.551265199	-61.9899343341
-58.549296207	-61.9893679521
-58.548091919	-61.9902940117
-58.546122967	-61.9897275776
-58.544918555	-61.9906536072
-58.542949643	-61.990087121
-58.540980814	-61.9895206042
-58.539776234	-61.9904465822
-58.537807445	-61.9898800134
-58.535838739	-61.989313414
-58.533870116	-61.9887467842
-58.532665327	-61.9896726889
-58.530696744	-61.989106007
-58.528728244	-61.9885392946
-58.526759827	-61.9879725517
-58.524791493	-61.9874057784
-58.522823242	-61.9868389746
-58.524028243	-61.9859131784
-58.523265077	-61.9844205829
-58.521297076	-61.9838537616
-58.522501996	-61.9829279921
-58.520534119	-61.982361162
-58.518566326	-61.9817943014
-58.516598615	-61.9812274105
-58.517803579	-61.9803016976
-58.519008461	-61.9793759764
-58.517040917	-61.9788090984
-58.515073456	-61.9782421899
-58.516278339	-61.9773165037
-58.514311003	-61.9767495864
-58.515515846	-61.9758239136
-58.513548635	-61.9752569876
-58.511581507	-61.9746900311
-58.509614461	-61.9741230442
-58.508409492	-61.975048652
-58.506442488	-61.974481613
-58.504475566	-61.9739145436
-58.503270429	-61.9748400997
-58.501303548	-61.9742729782
-58.499336749	-61.9737058263
-58.497370033	-61.973138644
-58.4954034	-61.9725714312
-58.493436849	-61.972004188
-58.491470381	-61.9714369144
-58.489503996	-61.9708696104
-58.487537694	-61.970302276
-58.485571474	-61.9697349112
-58.48677699	-61.9688095502
-58.484810895	-61.9682421767
-58.482844883	-61.9676747728
-58.4840504	-61.9667494467
-58.482084513	-61.9661820341
-58.480118708	-61.9656145911
-58.478152986	-61.9650471176
-58.479358547	-61.9641218483
-58.47739295	-61.9635543662
-58.475427436	-61.9629868536
-58.476632997	-61.9620616193
-58.474667608	-61.9614940981
-58.472702301	-61.9609265464
-58.470737077	-61.9603589644
-58.468771936	-61.9597913521
-58.467566206	-61.9607164997
-58.465601105	-61.9601488352
-58.463636087	-61.9595811404
-58.46243019	-61.9605062363
-58.460465213	-61.9599384895
-58.458500319	-61.9593707123
-58.456535507	-61.9588029047
-58.455329401	-61.9597279272
-58.45336463	-61.9591600676
-58.451399942	-61.9585921776
-58.45019367	-61.9595171483
-58.448229022	-61.9589492063
-58.446264457	-61.9583812339
-58.444299975	-61.9578132311
-58.445506373	-61.9568883254
-58.443542016	-61.956320314
-58.441577741	-61.9557522722
-58.439613549	-61.9551842001
-58.437649439	-61.9546160976
-58.438855922	-61.9536912702
-58.436891938	-61.9531231591
-58.434928036	-61.9525550176
-58.43613452	-61.9516302252
-58.434170742	-61.9510620751
-58.432207048	-61.9504938946
-58.433413533	-61.9495691372
-58.434619935	-61.9486443715
-58.432656407	-61.9480762041
-58.433862769	-61.9471514516
-58.431899365	-61.9465832755
-58.429936044	-61.9460150691
-58.431142407	-61.9450903517
-58.429179211	-61.9445221366
-58.427216097	-61.9439538912
-58.425253066	-61.9433856155
-58.426459472	-61.9424609548
-58.427665795	-61.9415362856
-58.42570293	-61.940968023
-58.426909212	-61.9400433672
-58.424946472	-61.9394750959
-58.426152713	-61.9385504534
-58.424190098	-61.9379821734
-58.425396298	-61.9370575442
-58.427358872	-61.9376258025
-58.428564948	-61.9367011433
-58.430527563	-61.9372693496
-58.431733515	-61.9363446603
-58.432939384	-61.9354199627
-58.43414517	-61.9344952568
-58.435350874	-61.9335705424
-58.436556495	-61.9326458197
-58.437762034	-61.9317210887
-58.435799671	-61.9311530125
-58.437005168	-61.9302282947
-58.435042929	-61.9296602098
-58.43383739	-61.9305849059
-58.431875191	-61.930016769
-58.430669527	-61.930941435
-58.428707369	-61.9303732462
-58.427501581	-61.9312978822
-58.425539464	-61.9307296413
-58.424333551	-61.9316542473
-58.422371474	-61.9310859545
-58.421165437	-61.9320105304
-58.419203401	-61.9314421856
-58.41799724	-61.9323667315
-58.416790995	-61.9332912691
-58.414828959	-61.9327228506
-58.41362259	-61.9336473581
-58.412416139	-61.9345718572
-58.410454101	-61.9340033651
-58.409247525	-61.9349278342
-58.408040867	-61.9358522949
-58.406834126	-61.9367767472
-58.405627302	-61.9377011911
-58.404420395	-61.9386256266
-58.403213406	-61.9395500538
-58.402006334	-61.9404744726
-58.40079918	-61.941398883
-58.398836891	-61.9408301871
-58.397629612	-61.9417545674
-58.395667364	-61.9411858196
-58.394459961	-61.9421101698
-58.392497754	-61.94154137
-58.390535629	-61.9409725398
-58.388573588	-61.9404036794
-58.389781117	-61.9394793942
-58.387819199	-61.9389105252
-58.385857365	-61.9383416259
-58.383895613	-61.9377726963
-58.376803075	-61.9369898809
-58.374841613	-61.9364208085
-58.373633709	-61.9373449334
-58.371672288	-61.936775809
-58.369710949	-61.9362066544
-58.368502879	-61.9371307275
-58.366541581	-61.9365615209
-58.364580366	-61.935992284
-58.363372131	-61.9369163053
-58.361410957	-61.9363470165
-58.360202597	-61.9372710077
-58.358241464	-61.9367016669
-58.35703298	-61.937625628
-58.355071888	-61.9370562352
-58.353863279	-61.9379801662
-58.355824413	-61.9385495806
-58.354615763	-61.9394735249
-58.356577021	-61.9400429308
-58.358538362	-61.9406123064
-58.357329713	-61.9415362856
-58.359291178	-61.9421056527
-58.358082488	-61.9430296452
-58.356873715	-61.9439536293
-58.355664859	-61.944877605
-58.354455921	-61.9458015723
-58.352494289	-61.9452321184
-58.351285226	-61.9461560555
-58.349323635	-61.9455865496
-58.348114448	-61.9465104566
-58.346152899	-61.9459408987
-58.344943587	-61.9468647756
-58.343734192	-61.947788644
-58.341772642	-61.9472190124
-58.339811175	-61.9466493506
-58.337849791	-61.9460796585
-58.33588849	-61.9455099361
-58.337098051	-61.9445861546
-58.335136874	-61.9440164237
-58.333175779	-61.9434466626
-58.331966135	-61.9443704007
-58.326834302	-61.9441544305
-58.325624409	-61.9450781083
-58.323663438	-61.9445081912
-58.321702551	-61.9439382439
-58.319741746	-61.9433682664
-58.320951763	-61.9424446538
-58.318991083	-61.9418746677
-58.317030485	-61.9413046515
-58.31506997	-61.9407346049
-58.313109538	-61.9401645282
-58.311149189	-61.9395944212
-58.309938964	-61.9405179252
-58.307978656	-61.9399477663
-58.306018431	-61.9393775771
-58.30480804	-61.9403010293
-58.302847856	-61.9397307881
-58.30163734	-61.9406542101
-58.299677198	-61.940083917
-58.298466558	-61.9410073088
-58.296506457	-61.9404369638
-58.295295693	-61.9413603253
-58.294084846	-61.9422836784
-58.292124745	-61.9417132597
-58.290913774	-61.9426365826
-58.28970272	-61.9435598971
-58.287742618	-61.9429894047
-58.28653144	-61.9439126889
-58.285320179	-61.9448359647
-58.283360077	-61.9442653986
-58.282148692	-61.9451886442
-58.280188632	-61.9446180262
-58.278977122	-61.9455412415
-58.277017104	-61.9449705715
-58.275805469	-61.9458937566
-58.274593752	-61.9468169332
-58.273381952	-61.9477401014
-58.271421892	-61.947169336
-58.270209968	-61.9480924739
-58.268997961	-61.9490156033
-58.267037901	-61.9484447642
-58.263865751	-61.9487969724
-58.261905816	-61.9482260511
-58.260693519	-61.9491490983
-58.258733625	-61.9485781251
-58.257521203	-61.9495011421
-58.256308699	-61.9504241505
-58.254348805	-61.9498531036
-58.253136176	-61.9507760818
-58.251923464	-61.9516990515
-58.250710669	-61.9526220127
-58.248750735	-61.9520508704
-58.247537815	-61.9529738013
-58.246324813	-61.9538967237
-58.245111728	-61.9548196376
-58.243151752	-61.9542483998
-58.241938543	-61.9551712834
-58.24389856	-61.955742543
-58.242685308	-61.9566654399
-58.241471974	-61.9575883282
-58.239511874	-61.9570170251
-58.238298416	-61.9579398832
-58.237084874	-61.9588627328
-58.235124774	-61.958291356
-58.233911108	-61.9592141753
-58.231951051	-61.9586427465
-58.23073726	-61.9595655355
-58.228777244	-61.9589940547
-58.227563329	-61.9599168134
-58.226349331	-61.9608395636
-58.224389315	-61.9602680091
-58.223175193	-61.961190729
-58.221960988	-61.9621134403
-58.220000973	-61.9615418121
-58.218786643	-61.9624644932
-58.216826669	-61.961892813
-58.215612215	-61.9628154637
-58.213652283	-61.9622437316
-58.212437705	-61.963166352
-58.210477815	-61.9625945679
-58.209263112	-61.963517158
-58.207303264	-61.9629453219
-58.208518008	-61.9620227536
-58.206558284	-61.9614509091
-58.204598644	-61.9608790345
-58.203383817	-61.9618015593
-58.201424218	-61.9612296327
-58.199464703	-61.9606576759
-58.19750527	-61.960085689
-58.19872022	-61.9591632295
-58.196760912	-61.9585912342
-58.197975821	-61.957668788
-58.196016637	-61.9570967843
-58.197231504	-61.9561743514
-58.195272444	-61.9556023393
-58.196487269	-61.9546799195
-58.194528334	-61.954107899
-58.195743117	-61.9531854925
-58.193784306	-61.9526134637
-58.194999047	-61.9516910704
-58.19304036	-61.9511190331
-58.191081756	-61.9505469657
-58.192296497	-61.9496246074
-58.190338017	-61.9490525317
-58.188379621	-61.9484804257
-58.186421308	-61.9479082896
-58.184463077	-61.9473361234
-58.183248172	-61.9482583946
-58.181289983	-61.9476861764
-58.179331878	-61.9471139281
-58.178116807	-61.9480361472
-58.176158744	-61.947463847
-58.174943549	-61.9483860357
-58.172985527	-61.9478136836
-58.171027589	-61.9472413013
-58.169812229	-61.9481634379
-58.167854332	-61.9475910038
-58.166638847	-61.94851311
-58.164680993	-61.9479406239
-58.162723221	-61.9473681077
-58.161507572	-61.9482901618
-58.159549842	-61.9477175937
-58.158807927	-61.9462229849
-58.156850405	-61.9456503783
-58.154892965	-61.9450777416
-58.153677151	-61.9459997086
-58.151719754	-61.94542702
-58.152935609	-61.9445050748
-58.150978336	-61.9439323779
-58.152194149	-61.9430104459
-58.150237	-61.9424377406
-58.148279934	-61.9418650052
-58.146322951	-61.9412922397
-58.145107015	-61.9422141064
-58.143150074	-61.941641289
-58.141193216	-61.9410684415
-58.139977115	-61.941990256
-58.138020299	-61.9414173566
-58.136063566	-61.9408444271
-58.134106916	-61.9402714676
-58.13215035	-61.9396984779
-58.130193866	-61.9391254581
-58.128237466	-61.9385524083
-58.126281148	-61.9379793284
-58.124324914	-61.9374062183
-58.122368763	-61.9368330782
-58.121152209	-61.937754688
-58.1191961	-61.937181496
-58.117240074	-61.936608274
-58.116023356	-61.9375298316
-58.114067372	-61.9369565576
-58.112111471	-61.9363832536
-58.110894588	-61.937304759
-58.108938729	-61.9367314031
-58.106982954	-61.9361580172
-58.105027261	-61.9355846012
-58.103071652	-61.9350111551
-58.101116125	-61.9344376789
-58.099160682	-61.9338641727
-58.097205322	-61.9332906365
-58.095250045	-61.9327170701
-58.096467255	-61.9317957391
-58.094512102	-61.9312221645
-58.092557032	-61.9306485599
-58.090602044	-61.9300749252
-58.089384712	-61.9309961908
-58.087429767	-61.9304225043
-58.08621231	-61.9313437395
-58.084257407	-61.9307700011
-58.083039827	-61.9316912059
-58.081084966	-61.9311174157
-58.079130189	-61.9305435954
-58.077912444	-61.931464748
-58.075957709	-61.9308908759
-58.074003057	-61.9303169737
-58.072785147	-61.9312380741
-58.070830537	-61.9306641201
-58.068876011	-61.930090136
-58.067657936	-61.9310111841
-58.065703452	-61.9304371483
-58.063749051	-61.9298630824
-58.062530811	-61.9307840782
-58.061312489	-61.9317050654
-58.059358089	-61.9311309259
-58.058139643	-61.9320518826
-58.056185286	-61.9314776913
-58.054231012	-61.9309034699
-58.052276821	-61.9303292184
-58.050322713	-61.929754937
-58.048368689	-61.9291806255
-58.046414747	-61.928606284
-58.044460889	-61.9280319125
-58.043242074	-61.928952708
-58.041288258	-61.9283782847
-58.039334526	-61.9278038313
-58.037380876	-61.927229348
-58.038599813	-61.926308618
-58.036646287	-61.9257341265
-58.034692844	-61.925159605
-58.035911779	-61.9242389099
-58.03395846	-61.9236643802
-58.035177353	-61.9227436984
-58.036396162	-61.9218230079
-58.034443007	-61.9212484918
-58.035661774	-61.9203278145
-58.033708744	-61.9197532902
-58.034927468	-61.918832626
-58.032974561	-61.9182580936
-58.031021737	-61.9176835312
-58.03224046	-61.916762902
-58.03028776	-61.9161883314
-58.028335142	-61.9156137308
-58.029553863	-61.9146931365
-58.02760137	-61.9141185278
-58.025648959	-61.913543889
-58.023696632	-61.9129692203
-58.024915392	-61.9120486829
-58.022963188	-61.911474006
-58.021011067	-61.9108992991
-58.019059029	-61.9103245623
-58.017107075	-61.9097497955
-58.015155203	-61.9091749987
-58.013203415	-61.908600172
-58.011251709	-61.9080253153
-58.009300087	-61.9074504287
-58.010519088	-61.9065300571
-58.008567589	-61.9059551623
-58.006616173	-61.9053802375
-58.007835173	-61.9044599009
-58.00588388	-61.903884968
-58.007102837	-61.9029646444
-58.005151668	-61.9023897034
-58.006370582	-61.901469393
-58.004419537	-61.9008944439
-58.002468575	-61.9003194648
-58.000517696	-61.8997444557
-57.9985669	-61.8991694168
-57.997347824	-61.9000896399
-57.99539707	-61.8995145492
-57.993446399	-61.8989394285
-57.992227159	-61.8998595994
-57.991007836	-61.9007797615
-57.989057168	-61.9002045673
-57.987837721	-61.901124699
-57.986618191	-61.902044822
-57.985398579	-61.9029649364
-57.984178883	-61.9038850421
-57.986129713	-61.9044603235
-57.984909975	-61.9053804423
-57.984421284	-61.9077959709
