> -L"antarctic_islands_coastlines"
-93.184340839	-72.6201902375
-93.196667123	-72.6256197681
-93.196877137	-72.6267432521
-93.197087179	-72.6278667391
-93.197297249	-72.6289902292
-93.201058037	-72.6289274326
-93.20126838	-72.6300509213
-93.201478751	-72.6311744131
-93.205240003	-72.6311115341
-93.205450648	-72.6322350245
-93.209212118	-72.6321720675
-93.209423037	-72.6332955567
-93.213184726	-72.6332325215
-93.213395918	-72.6343560094
-93.213607139	-72.6354795002
-93.217369292	-72.6354163827
-93.217580786	-72.6365398722
-93.217792309	-72.6376633647
-93.218003858	-72.6387868602
-93.221766723	-72.638723656
-93.221978547	-72.6398471502
-93.222190399	-72.6409706473
-93.225953729	-72.6409073606
-93.229929403	-72.6419674916
-93.233692923	-72.641904053
-93.237456416	-72.6418405406
-93.24121988	-72.6417769544
-93.244983317	-72.6417132944
-93.248746725	-72.6416495606
-93.252510106	-72.6415857531
-93.252723984	-72.6427092214
-93.256487583	-72.6426453357
-93.260251154	-72.6425813762
-93.260465554	-72.6437048387
-93.264229343	-72.643640801
-93.267993103	-72.6435766896
-93.268208024	-72.6447001463
-93.271972003	-72.6446359567
-93.275735953	-72.6445716932
-93.279499876	-72.644507356
-93.279284216	-72.6433839124
-93.283047863	-72.6433195058
-93.286811482	-72.6432550254
-93.286595357	-72.6421315937
-93.290358702	-72.6420670439
-93.290142359	-72.6409436196
-93.293905429	-72.6408790005
-93.293688868	-72.6397555836
-93.297234884	-72.6385674857
-93.297018135	-72.6374440793
-93.296801413	-72.6363206758
-93.29658472	-72.6351972753
-93.300346502	-72.6351325308
-93.300129591	-72.6340091378
-93.299912709	-72.6328857477
-93.303673969	-72.6328209384
-93.303456869	-72.6316975557
-93.307217856	-72.6316326771
-93.310978813	-72.6315677248
-93.314739742	-72.6315026987
-93.318500643	-72.6314375989
-93.322261515	-72.6313724254
-93.326022358	-72.6313071781
-93.326240934	-72.632430534
-93.330001994	-72.6323652085
-93.330220845	-72.6334885629
-93.333982123	-72.6334231593
-93.337743372	-72.6333576819
-93.337962744	-72.6344810303
-93.34172421	-72.6344154747
-93.345485648	-72.6343498453
-93.349247057	-72.6342841422
-93.353008436	-72.6342183654
-93.35278808	-72.633095035
-93.356549185	-72.6330291889
-93.360310261	-72.6329632691
-93.360089442	-72.6318399507
-93.363850242	-72.6317739618
-93.363629206	-72.6306506509
-93.363408199	-72.6295273429
-93.367168479	-72.6294612893
-93.366947254	-72.6283379889
-93.370707259	-72.628271866
-93.370485818	-72.6271485731
-93.370264406	-72.6260252832
-93.37402389	-72.6259590957
-93.377561471	-72.6247695567
-93.381320651	-72.6247032264
-93.384857465	-72.6235135566
-93.388616341	-72.6234470835
-93.388393788	-72.6223238252
-93.388171263	-72.6212005699
-93.387948768	-72.6200773176
-93.387726302	-72.6189540682
-93.383968409	-72.6190205232
-93.383746218	-72.6178972723
-93.383524056	-72.6167740243
-93.379766625	-72.6168403965
-93.379544737	-72.615717147
-93.379322879	-72.6145939005
-93.37556591	-72.61466019
-93.375344326	-72.6135369419
-93.371587573	-72.6136031532
-93.371366264	-72.6124799035
-93.367609727	-72.6125460367
-93.367388693	-72.6114227855
-93.363632373	-72.6114888404
-93.363411612	-72.6103655877
-93.359655509	-72.6104315645
-93.359435023	-72.6093083103
-93.355679135	-72.609374209
-93.355458924	-72.6082509532
-93.351703253	-72.6083167738
-93.351483315	-72.6071935165
-93.351263407	-72.6060702622
-93.351043527	-72.6049470109
-93.350823676	-72.6038237626
-93.350603853	-72.6027005173
-93.35038406	-72.601577275
-93.350164295	-72.6004540356
-93.349944559	-72.5993307993
-93.353698269	-72.5992650147
-93.353478316	-72.5981417859
-93.353258393	-72.59701856
-93.349505174	-72.5970843355
-93.349285525	-72.5959611081
-93.349065904	-72.5948378837
-93.345313146	-72.5949035767
-93.345093799	-72.5937803508
-93.344874481	-72.5926571279
-93.344655191	-72.5915339079
-93.34443593	-72.590410691
-93.344216698	-72.5892874771
-93.343997495	-72.5881642661
-93.34377832	-72.5870410582
-93.343559174	-72.5859178532
-93.347309973	-72.5858521961
-93.347090611	-72.5847289986
-93.346871277	-72.5836058041
-93.346651973	-72.5824826126
-93.350402009	-72.5824168955
-93.350182489	-72.5812937115
-93.353712516	-72.5801047489
-93.357462005	-72.5800388938
-93.357242053	-72.5789157247
-93.36099127	-72.5788498006
-93.35702213	-72.5777925587
-93.356802236	-72.5766693956
-93.352833858	-72.5756120727
-93.352614265	-72.5744889111
-93.348865969	-72.5745546702
-93.348646649	-72.5734315072
-93.348427359	-72.5723083471
-93.344679522	-72.5723740238
-93.344460505	-72.5712508622
-93.344241515	-72.5701277036
-93.340494139	-72.5701932979
-93.340275423	-72.5690701379
-93.340056735	-72.5679469808
-93.336091404	-72.5668893341
-93.335873017	-72.5657661786
-93.33212656	-72.5658316081
-93.328380075	-72.5658969642
-93.328162206	-72.5647738027
-93.324415936	-72.5648390809
-93.320669638	-72.5649042857
-93.316923311	-72.564969417
-93.316706203	-72.5638462452
-93.312960092	-72.5639112986
-93.309213953	-72.5639762787
-93.305467785	-72.5640411853
-93.305251437	-72.5629180032
-93.301505486	-72.5629828319
-93.297759506	-72.5630475873
-93.297543674	-72.5619243993
-93.29379791	-72.5619890768
-93.290052118	-72.5620536809
-93.289836803	-72.5609304871
-93.289621515	-72.5598072963
-93.285876183	-72.5598718181
-93.285661168	-72.5587486259
-93.281916052	-72.55881307
-93.281701309	-72.5576898764
-93.281486594	-72.5565666858
-93.277741938	-72.5566310476
-93.277527495	-72.5555078557
-93.27731308	-72.5543846667
-93.273568883	-72.5544489464
-93.27335474	-72.553325756
-93.269610759	-72.5533899579
-93.265653123	-72.5523308904
-93.26190933	-72.5523949411
-93.261695975	-72.5512717437
-93.257952398	-72.5513357167
-93.254208793	-72.5513996164
-93.25046516	-72.5514634426
-93.2467215	-72.5515271955
-93.242977812	-72.551590875
-93.239234096	-72.5516544812
-93.239022231	-72.5505312606
-93.235278731	-72.550594789
-93.231535204	-72.5506582441
-93.227791649	-72.5507216257
-93.224048066	-72.550784934
-93.223837204	-72.5496616992
-93.220093838	-72.5497249297
-93.216350444	-72.5497880869
-93.212607023	-72.5498511708
-93.208863574	-72.5499141812
-93.205120098	-72.5499771183
-93.201376594	-72.550039982
-93.201167222	-72.5489167244
-93.197423935	-72.5489795104
-93.193680621	-72.5490422231
-93.193471764	-72.5479189599
-93.189728666	-72.5479815949
-93.18952008	-72.5468583305
-93.185777199	-72.5469208878
-93.18203429	-72.5469833718
-93.178291354	-72.5470457825
-93.174548391	-72.5471081197
-93.170805401	-72.5471703836
-93.167062384	-72.5472325741
-93.167269507	-72.5483558641
-93.163526218	-72.5484179855
-93.159782903	-72.5484800335
-93.159989566	-72.5496033349
-93.15624598	-72.5496653138
-93.152502367	-72.5497272193
-93.152708568	-72.5508505322
-93.148964685	-72.5509123685
-93.145220774	-72.5509741314
-93.141476836	-72.5510358209
-93.137732872	-72.5510974371
-93.137938125	-72.5522207699
-93.134193889	-72.5522823168
-93.130654419	-72.5534671346
-93.126909886	-72.5535285389
-93.127114461	-72.5546518904
-93.127319062	-72.5557752449
-93.123574015	-72.5558365841
-93.123778399	-72.5569599458
-93.12398281	-72.5580833106
-93.120237247	-72.5581445848
-93.120441441	-72.5592679568
-93.116695607	-72.5593291618
-93.116899583	-72.5604525409
-93.113153479	-72.5605136767
-93.109407348	-72.5605747389
-93.109610862	-72.5616981295
-93.109814403	-72.562821523
-93.11001797	-72.5639449196
-93.110221564	-72.5650683193
-93.110425185	-72.5661917219
-93.114172537	-72.5661306388
-93.114376429	-72.5672540403
-93.114580347	-72.5683774449
-93.118532351	-72.5694396833
-93.118736567	-72.5705630898
-93.122484843	-72.570501843
-93.122689331	-72.5716252482
-93.126437825	-72.5715639238
-93.126642584	-72.5726873279
-93.126847369	-72.573810735
-93.130596326	-72.5737493287
-93.130801383	-72.5748727347
-93.131006466	-72.5759961437
-93.134755885	-72.5759346554
-93.13496124	-72.5770580633
-93.135166622	-72.5781814741
-93.131416714	-72.5782429708
-93.131621878	-72.5793663888
-93.127871698	-72.5794278162
-93.128076645	-72.5805512415
-93.124326193	-72.5806125995
-93.124530922	-72.581736032
-93.120780199	-72.5817973207
-93.120984709	-72.5829207604
-93.121189246	-72.5840442032
-93.124940459	-72.5839829061
-93.125145268	-72.5851063477
-93.125350103	-72.5862297923
-93.125554966	-72.58735324
-93.125759855	-72.5884766907
-93.125964771	-72.5896001444
-93.126169714	-72.5907236011
-93.12992237	-72.5906622053
-93.130127584	-72.5917856609
-93.130332826	-72.5929091195
-93.130538095	-72.5940325811
-93.134291459	-72.5939710991
-93.134497	-72.5950945595
-93.134702567	-72.596218023
-93.134908162	-72.5973414894
-93.135113783	-72.5984649589
-93.138868101	-72.5984033865
-93.139073995	-72.5995268548
-93.142828531	-72.5994652046
-93.143034697	-72.6005886717
-93.14324089	-72.6017121418
-93.14699589	-72.6016504096
-93.147202355	-72.6027738785
-93.150957573	-72.6027120684
-93.151164311	-72.603835536
-93.154919748	-72.6037736481
-93.155126758	-72.6048971146
-93.155333795	-72.6060205841
-93.159089696	-72.605958614
-93.159297006	-72.6070820823
-93.159504343	-72.6082055535
-93.159711708	-72.6093290278
-93.163468317	-72.6092669714
-93.163675954	-72.6103904445
-93.167432782	-72.6103283101
-93.167640692	-72.6114517819
-93.16784863	-72.6125752568
-93.171605921	-72.6125130403
-93.171814132	-72.6136365139
-93.175571642	-72.6135742194
-93.175780125	-72.6146976918
-93.175988636	-72.6158211671
-93.176197174	-72.6169446455
-93.179955393	-72.6168822646
-93.180164205	-72.6180057417
-93.180373043	-72.6191292218
-93.184131727	-72.6190667586
-93.184340839	-72.6201902375
