> -L"antarctic_islands_coastlines"
-147.350275892	-77.2568541117
-147.36884926	-77.2567790248
-147.37162725	-77.2558216021
-147.375966219	-77.2564345408
-147.38308279	-77.2560898619
-147.387422406	-77.2567026094
-147.390198972	-77.2557449882
-147.394538815	-77.2563576164
-147.401654836	-77.2560124285
-147.405995325	-77.2566248655
-147.408770468	-77.2556670459
-147.413111183	-77.2562793635
-147.415885711	-77.2553214685
-147.420226652	-77.2559336668
-147.423000565	-77.2549756963
-147.427341732	-77.2555877752
-147.43011503	-77.2546297294
-147.432887908	-77.2536716556
-147.437229105	-77.2542835677
-147.440001368	-77.2533254186
-147.442773211	-77.2523672416
-147.447114439	-77.2529789869
-147.449885667	-77.2520207346
-147.452656476	-77.2510624544
-147.455426864	-77.2501041464
-147.458196832	-77.2491458105
-147.453856384	-77.2485342549
-147.456626128	-77.2475759386
-147.452286294	-77.2469643586
-147.455055813	-77.2460060618
-147.450716593	-77.2453944573
-147.453485887	-77.2444361802
-147.456254762	-77.2434778752
-147.451916352	-77.2428662936
-147.450347205	-77.2412964022
-147.446009827	-77.2406847244
-147.448778448	-77.239726506
-147.451546649	-77.2387682597
-147.454314431	-77.2378099856
-147.457081794	-77.2368516837
-147.459848739	-77.2358933539
-147.462615265	-77.2349349964
-147.465381372	-77.2339766111
-147.46814706	-77.2330181979
-147.472482881	-77.2336294967
-147.475247956	-77.2326710085
-147.478012613	-77.2317124924
-147.485112506	-77.2313650335
-147.487876132	-77.2304064146
-147.490639339	-77.229447768
-147.493402128	-77.2284890936
-147.496164499	-77.2275303915
-147.491829622	-77.2269194959
-147.49459177	-77.2259608134
-147.4973535	-77.2250021032
-147.493019431	-77.2243912304
-147.495780938	-77.2234325397
-147.498542027	-77.2224738214
-147.494208765	-77.2218629714
-147.496969631	-77.2209042726
-147.49973008	-77.2199455461
-147.495397625	-77.2193347189
-147.498157851	-77.218376012
-147.493826008	-77.2177651603
-147.496586011	-77.216806473
-147.49501456	-77.2152369291
-147.497773923	-77.2142782336
-147.493443498	-77.2136673802
-147.496202638	-77.2127087044
-147.498961361	-77.2117500008
-147.503291397	-77.2123607597
-147.506049509	-77.2114019812
-147.508807204	-77.2104431751
-147.511564482	-77.2094843413
-147.514321344	-77.2085254798
-147.518651019	-77.209135978
-147.521407269	-77.2081770417
-147.524163103	-77.2072180777
-147.526918521	-77.2062590861
-147.529673522	-77.2053000669
-147.534002835	-77.2059103044
-147.536757225	-77.2049512104
-147.539511199	-77.2039920887
-147.542264756	-77.2030329395
-147.546593901	-77.2036429636
-147.549346848	-77.2026837396
-147.552099379	-77.2017244881
-147.55642855	-77.202334346
-147.55918047	-77.2013750197
-147.561931974	-77.2004156658
-147.566261171	-77.2010253577
-147.569012065	-77.2000659291
-147.571762543	-77.199106473
-147.576091765	-77.1997159987
-147.578841632	-77.1987564679
-147.581591084	-77.1977969096
-147.585920332	-77.1984062692
-147.588669173	-77.1974466362
-147.591417598	-77.1964869757
-147.594165608	-77.1955272878
-147.596913203	-77.1945675724
-147.599660383	-77.1936078294
-147.602407148	-77.1926480591
-147.598079072	-77.1920389822
-147.600825617	-77.1910792315
-147.603571747	-77.1901194533
-147.599244476	-77.1895103988
-147.601990387	-77.1885506403
-147.604735883	-77.1875908543
-147.600409417	-77.1869818223
-147.603154694	-77.1860220559
-147.605899556	-77.1850622621
-147.601573895	-77.1844532524
-147.604318537	-77.1834934783
-147.599993486	-77.182884444
-147.602737909	-77.1819246894
-147.601157671	-77.1803558955
-147.596833837	-77.1797468119
-147.599577822	-77.1787870966
-147.602321393	-77.1778273539
-147.597998363	-77.1772182927
-147.593675747	-77.1766091597
-147.589353546	-77.175999955
-147.592097287	-77.1750403261
-147.587775694	-77.1744310968
-147.583454515	-77.1738217958
-147.579133749	-77.1732124232
-147.574813398	-77.1726029789
-147.57049346	-77.171993463
-147.566173936	-77.1713838754
-147.561854826	-77.1707742162
-147.55753613	-77.1701644854
-147.554790835	-77.1711237379
-147.550472359	-77.1705138885
-147.546154296	-77.1699039674
-147.5434082	-77.1708630983
-147.539090357	-77.1702530586
-147.536343653	-77.1712121148
-147.532026031	-77.1706019565
-147.529278719	-77.1715609381
-147.524961317	-77.1709506611
-147.520644329	-77.1703403126
-147.513579449	-77.1706887053
-147.506514182	-77.1710369048
-147.503764854	-77.1719956154
-147.499448529	-77.171384911
-147.496698593	-77.1723435469
-147.493948243	-77.1733021553
-147.489631946	-77.1726912851
-147.486880988	-77.1736498187
-147.484129616	-77.1746083248
-147.479813347	-77.1739972888
-147.477061367	-77.1749557201
-147.47274532	-77.1743445655
-147.469992733	-77.175302922
-147.467239731	-77.1762612509
-147.462923713	-77.1756499306
-147.460170103	-77.1766081846
-147.457416078	-77.1775664111
-147.454661639	-77.1785246099
-147.450345458	-77.1779130765
-147.44759041	-77.1788712004
-147.444834948	-77.1798292967
-147.440518796	-77.1792175975
-147.437762726	-77.1801756189
-147.43500624	-77.1811336125
-147.432249339	-77.1820915785
-147.427933026	-77.1814796663
-147.425175517	-77.1824375573
-147.422417593	-77.1833954206
-147.419659253	-77.1843532562
-147.415342777	-77.1837411309
-147.411026717	-77.1831289342
-147.406711073	-77.182516666
-147.402395845	-77.1819043264
-147.405154954	-77.1809466797
-147.407913647	-77.1799890052
-147.403599218	-77.1793766886
-147.399285205	-77.1787643006
-147.402043867	-77.1778066928
-147.397730461	-77.1771942807
-147.39341747	-77.1765817971
-147.390658424	-77.1775393105
-147.386345657	-77.1769267083
-147.383586004	-77.1778841467
-147.379273461	-77.177271426
-147.376513201	-77.1782287894
-147.373752525	-77.1791861249
-147.370991434	-77.1801434327
-147.368229927	-77.1811007126
-147.365468005	-77.1820579648
-147.362705666	-77.1830151891
-147.358392389	-77.1824021136
-147.355629443	-77.1833592628
-147.352866081	-77.1843163841
-147.348552837	-77.1837031427
-147.344240009	-77.18308983
-147.339927597	-77.182476446
-147.337163245	-77.1834333977
-147.332851058	-77.182819895
-147.328539288	-77.1822063211
-147.325774137	-77.1831631504
-147.323008571	-77.1841199517
-147.318696834	-77.1835062119
-147.31593066	-77.1844629381
-147.31316407	-77.1854196363
-147.310397063	-77.1863763066
-147.30762964	-77.187332949
-147.303317557	-77.1867189487
-147.29900589	-77.1861048771
-147.296237668	-77.187061397
-147.291926227	-77.1864472068
-147.289157398	-77.1874036513
-147.284846183	-77.1867893426
-147.280535385	-77.1861749626
-147.277765758	-77.1871312845
-147.273455186	-77.1865167859
-147.269145031	-77.1859022161
-147.266374607	-77.1868584154
-147.262064678	-77.186243727
-147.259293648	-77.1871998509
-147.254983945	-77.186585044
-147.252212308	-77.1875410925
-147.247902832	-77.186926167
-147.245130587	-77.1878821402
-147.242357925	-77.1888380853
-147.239584846	-77.1897940023
-147.23681135	-77.1907498913
-147.234037436	-77.1917057523
-147.231263105	-77.1926615852
-147.23557372	-77.1932767949
-147.232799162	-77.1942326471
-147.237110384	-77.194847833
-147.241422025	-77.1954629477
-147.245734082	-77.1960779912
-147.250046558	-77.1966929635
-147.247272342	-77.1976489772
-147.251585426	-77.1982639256
-147.248810983	-77.1992199586
-147.244497709	-77.1986049628
-147.240184853	-77.1979898958
-147.237409612	-77.198945806
-147.233096983	-77.1983306203
-147.228784773	-77.1977153634
-147.226008734	-77.1986711507
-147.221696751	-77.1980557751
-147.218920104	-77.1990114869
-147.214608349	-77.1983959927
-147.211831094	-77.1993516289
-147.209053421	-77.200307237
-147.213365556	-77.2009228261
-147.210587654	-77.2018784535
-147.207809335	-77.2028340527
-147.205030597	-77.2037896239
-147.202251441	-77.2047451669
-147.195158783	-77.2050848554
-147.1923786	-77.2060402946
-147.189597998	-77.2069957057
-147.193911461	-77.2076116269
-147.191130631	-77.2085670572
-147.188349382	-77.2095224594
-147.192663643	-77.2101384044
-147.189882165	-77.2110938258
-147.187100268	-77.2120492191
-147.184317952	-77.2130045842
-147.188633202	-77.2136206004
-147.185850656	-77.2145759848
-147.190166516	-77.2151919772
-147.194482794	-77.2158078985
-147.198799492	-77.2164237484
-147.203116609	-77.2170395271
-147.207434145	-77.2176552344
-147.2117521	-77.2182708705
-147.216070475	-77.2188864353
-147.220389269	-77.2195019287
-147.223170293	-77.2185461643
-147.227489315	-77.219161539
-147.230269729	-77.2182056989
-147.23458898	-77.2188209547
-147.237368784	-77.2178650391
-147.241688264	-77.218480176
-147.246008162	-77.2190952416
-147.24322874	-77.2200512522
-147.247549249	-77.2206662939
-147.251870177	-77.2212812642
-147.256191524	-77.2218961631
-147.260513291	-77.2225109906
-147.257734214	-77.223467163
-147.262056591	-77.2240819666
-147.266379387	-77.2246966987
-147.270702602	-77.2253113594
-147.273481105	-77.2243550445
-147.277804549	-77.2249695863
-147.282128412	-77.2255840566
-147.286452694	-77.2261984554
-147.290777395	-77.2268127827
-147.295102515	-77.2274270386
-147.302204989	-77.2270845952
-147.306530756	-77.2276986605
-147.313633072	-77.2273559036
-147.317959486	-77.2279697785
-147.322286319	-77.2285835818
-147.319510573	-77.2295404274
-147.323838018	-77.2301542066
-147.321062045	-77.2311110717
-147.325390102	-77.2317248268
-147.322613902	-77.2326817113
-147.319837284	-77.2336385678
-147.324166144	-77.2342523463
-147.321389298	-77.2352092222
-147.318612033	-77.2361660701
-147.322941698	-77.2367798719
-147.320164205	-77.2377367393
-147.317386293	-77.2386935786
-147.321716763	-77.2393074038
-147.318938623	-77.2402642626
-147.316160063	-77.2412210933
-147.313381083	-77.242177896
-147.310601683	-77.2431346706
-147.307821863	-77.2440914171
-147.312153716	-77.2447054082
-147.309373668	-77.2456621742
-147.313706135	-77.2462761412
-147.310925859	-77.2472329266
-147.315258939	-77.2478468695
-147.319592439	-77.2484607407
-147.316812128	-77.2494175931
-147.321146242	-77.2500314402
-147.318365703	-77.2509883121
-147.322700431	-77.251602135
-147.319919665	-77.2525590264
-147.324255006	-77.2531728252
-147.328590768	-77.2537865523
-147.332926951	-77.2544002076
-147.337263555	-77.2550137913
-147.334483141	-77.2559708447
-147.338820359	-77.2565844041
-147.343157998	-77.2571978918
-147.345938026	-77.2562407433
-147.350275892	-77.2568541117
