> -L"antarctic_islands_coastlines"
-74.404446006	-69.9594140739
-74.400942865	-69.9637174365
-74.404080509	-69.9640177675
-74.403204643	-69.9650936227
-74.402328681	-69.9661694767
-74.405466738	-69.9664697839
-74.404590838	-69.9675456541
-74.407729149	-69.9678459201
-74.410867556	-69.9681461274
-74.409991878	-69.9692220313
-74.413130539	-69.9695221973
-74.416269297	-69.9698223046
-74.41940815	-69.9701223533
-74.418532851	-69.9711983083
-74.420796723	-69.9725742868
-74.423936086	-69.9728742529
-74.423060912	-69.9739502404
-74.426200529	-69.9742501652
-74.425325419	-69.9753261688
-74.428465291	-69.9756260523
-74.430730369	-69.9770019144
-74.433870591	-69.9773016979
-74.437010909	-69.9776014227
-74.437885481	-69.9765253506
-74.441025736	-69.9768249993
-74.441900054	-69.9757489087
-74.445040246	-69.9760484813
-74.445914308	-69.9749723722
-74.449054438	-69.9752718687
-74.452194663	-69.9755713064
-74.455334984	-69.9758706855
-74.454461398	-69.9769468467
-74.457601973	-69.9772461844
-74.460742645	-69.9775454634
-74.45986928	-69.9786216582
-74.463010206	-69.9789208959
-74.466151228	-69.9792200748
-74.465278086	-69.9802963031
-74.468419362	-69.9805954407
-74.471560734	-69.9808945194
-74.470687814	-69.9819707814
-74.473829441	-69.9822698188
-74.472956584	-69.983346097
-74.476098465	-69.983645093
-74.475225671	-69.9847213874
-74.478367808	-69.9850203419
-74.477495077	-69.9860966526
-74.480637468	-69.9863955658
-74.483779955	-69.9866944201
-74.486922537	-69.9869932158
-74.490065215	-69.9872919526
-74.493207989	-69.9875906306
-74.494079924	-69.9865142333
-74.497222634	-69.9868128352
-74.501236961	-69.9860349453
-74.502108386	-69.984958511
-74.50612214	-69.9841805081
-74.50926466	-69.9844788818
-74.513278032	-69.9837007082
-74.514148693	-69.9826242187
-74.517291086	-69.9829224402
-74.520433574	-69.9832206029
-74.523576157	-69.9835187068
-74.526718836	-69.9838167519
-74.52986161	-69.9841147383
-74.53300448	-69.9844126658
-74.536147445	-69.9847105346
-74.539290506	-69.9850083445
-74.540159798	-69.9839317155
-74.543302795	-69.9842294494
-74.546445887	-69.9845271245
-74.549589074	-69.9848247408
-74.552732357	-69.9851222982
-74.553600917	-69.9840455991
-74.556744136	-69.9843430805
-74.557612442	-69.983266363
-74.560755596	-69.9835637683
-74.561623648	-69.9824870325
-74.564766738	-69.9827843617
-74.567909924	-69.9830816322
-74.568777562	-69.9820048608
-74.571920683	-69.9823020552
-74.572788066	-69.9812252654
-74.575931124	-69.9815223838
-74.576798253	-69.9804455757
-74.579941246	-69.980742618
-74.583084335	-69.9810396015
-74.586227518	-69.9813365261
-74.589370797	-69.981633392
-74.592514171	-69.981930199
-74.596523717	-69.9811500347
-74.599667122	-69.9814467068
-74.602810622	-69.9817433202
-74.603676285	-69.9806663722
-74.60681972	-69.9809629095
-74.609963251	-69.9812593879
-74.610828501	-69.9801824045
-74.613971966	-69.9804788069
-74.617115527	-69.9807751505
-74.620259182	-69.9810714353
-74.623402933	-69.9813676612
-74.626546778	-69.9816638283
-74.629690718	-69.9819599365
-74.628826425	-69.9830370232
-74.63197062	-69.9833330898
-74.635114909	-69.9836290976
-74.63425084	-69.9847062176
-74.637395383	-69.9850021837
-74.636531379	-69.9860793199
-74.63566728	-69.987156455
-74.634803086	-69.9882335892
-74.633938797	-69.9893107223
-74.633074413	-69.9903878544
-74.632209934	-69.9914649854
-74.63134536	-69.9925421154
-74.630480691	-69.9936192444
-74.629615928	-69.9946963724
-74.628751069	-69.9957734993
-74.627886116	-69.9968506253
-74.627021067	-69.9979277501
-74.630167621	-69.9982238637
-74.629302638	-69.9993010047
-74.632449447	-69.9995970766
-74.635596351	-69.9998930896
-74.63874335	-70.0001890437
-74.641890444	-70.0004849389
-74.645037633	-70.0007807752
-74.648184917	-70.0010765525
-74.647320797	-70.0021537957
-74.650468336	-70.0024495313
-74.652752075	-70.0038224846
-74.655899963	-70.0041181196
-74.655036133	-70.0051954123
-74.658184277	-70.0054910055
-74.657320512	-70.0065683144
-74.66046891	-70.0068638659
-74.657877525	-70.010095838
-74.65701354	-70.01117316
-74.65614946	-70.0122504809
-74.655285285	-70.0133278009
-74.658434739	-70.0136233965
-74.657570629	-70.0147007326
-74.656706424	-70.0157780677
-74.655842124	-70.0168554018
-74.65497773	-70.0179327348
-74.65411324	-70.0190100668
-74.653248655	-70.0200873978
-74.652383975	-70.0211647278
-74.6492334	-70.0208690117
-74.648368465	-70.0219463235
-74.645217825	-70.0216505313
-74.644352635	-70.0227278247
-74.643487349	-70.0238051172
-74.642621968	-70.0248824086
-74.639470943	-70.0245865058
-74.638605306	-70.0256637789
-74.635454216	-70.0253677999
-74.634588324	-70.0264450548
-74.637739575	-70.0267410511
-74.636873748	-70.0278183221
-74.640025254	-70.0281142766
-74.639159492	-70.0291915639
-74.642311253	-70.0294874766
-74.641445556	-70.03056478
-74.644597573	-70.030860651
-74.643731941	-70.0319379706
-74.642866214	-70.0330152892
-74.642000392	-70.0340926067
-74.641134474	-70.0351699232
-74.640268461	-70.0362472387
-74.639402353	-70.0373245531
-74.636249374	-70.0370285789
-74.63538301	-70.038105875
-74.634516551	-70.0391831701
-74.631363347	-70.0388871024
-74.630496632	-70.0399643792
-74.629629821	-70.041041655
-74.628762915	-70.0421189297
-74.625609325	-70.0418227512
-74.624742163	-70.0429000076
-74.623874906	-70.043977263
-74.623007553	-70.0450545173
-74.622140105	-70.0461317705
-74.621272561	-70.0472090227
-74.620404921	-70.0482862739
-74.619537187	-70.049363524
-74.618669356	-70.050440773
-74.61780143	-70.051518021
-74.616933409	-70.0525952679
-74.616065292	-70.0536725137
-74.619220648	-70.053968882
-74.618352596	-70.0550461441
-74.617484448	-70.056123405
-74.620640221	-70.0564197488
-74.619772138	-70.057497026
-74.61890396	-70.0585743021
-74.618035686	-70.0596515772
-74.617167316	-70.0607288512
-74.620323828	-70.0610252049
-74.619455523	-70.0621024951
-74.618587123	-70.0631797843
-74.61543029	-70.062883396
-74.614561633	-70.0639606667
-74.611404735	-70.0636642021
-74.610535821	-70.0647414545
-74.609666812	-70.0658187059
-74.606509688	-70.0655221475
-74.60335266	-70.0652255301
-74.602483234	-70.0663027458
-74.599326141	-70.066006052
-74.595299299	-70.0667864792
-74.592142237	-70.0664896499
-74.591272137	-70.0675668116
-74.590401941	-70.0686439722
-74.589531648	-70.0697211317
-74.592689193	-70.0700180129
-74.591818966	-70.0710951886
-74.594976767	-70.071392028
-74.594106604	-70.07246922
-74.593236346	-70.0735464108
-74.592365992	-70.0746236006
-74.591495542	-70.0757007893
-74.590624995	-70.0767779769
-74.589754353	-70.0778551634
-74.592913216	-70.0781520476
-74.592042638	-70.0792292503
-74.591171965	-70.080306452
-74.590301196	-70.0813836525
-74.58943033	-70.082460852
-74.588559369	-70.0835380504
-74.587688312	-70.0846152477
-74.586817158	-70.0856924439
-74.583657169	-70.0853954385
-74.582785758	-70.0864726163
-74.581914251	-70.087549793
-74.581042648	-70.0886269686
-74.584203121	-70.0889240259
-74.583331583	-70.0900012177
-74.586492312	-70.0902982332
-74.585620839	-70.0913754413
-74.58474927	-70.0924526482
-74.587038914	-70.0938268624
-74.586167314	-70.0949040845
-74.58932888	-70.0952010509
-74.588457345	-70.0962782893
-74.591619169	-70.0965752139
-74.590747698	-70.0976524684
-74.589876132	-70.0987297219
-74.593038375	-70.099026622
-74.592166873	-70.1001038916
-74.595329373	-70.1004007499
-74.59849197	-70.1006975489
-74.601654662	-70.1009942887
-74.60307545	-70.1034456439
-74.606238658	-70.1037423
-74.605367675	-70.104819653
-74.60853114	-70.1051162671
-74.607660222	-70.1061936364
-74.610823944	-70.1064902086
-74.609953092	-70.107567594
-74.609082143	-70.1086449784
-74.611375401	-70.1100189267
-74.610504421	-70.1110963262
-74.609633345	-70.1121737246
-74.608762173	-70.113251122
-74.611927057	-70.1135476796
-74.61105595	-70.1146250932
-74.610184747	-70.1157025057
-74.609313447	-70.1167799171
-74.612478913	-70.1170764674
-74.611607679	-70.1181538951
-74.610736348	-70.1192313216
-74.613902233	-70.1195278473
-74.613030968	-70.1206052901
-74.612159607	-70.1216827318
-74.615325912	-70.1219792329
-74.614454616	-70.1230566908
-74.613583224	-70.1241341476
-74.616749948	-70.1244306241
-74.615878621	-70.1255080971
-74.619045604	-70.1258045316
-74.618174343	-70.1268820209
-74.621341584	-70.1271784134
-74.620470388	-70.1282559189
-74.623637887	-70.1285522694
-74.626805482	-70.1288485607
-74.629973174	-70.1291447926
-74.630843884	-70.1280672351
-74.63401151	-70.1283633904
-74.637179232	-70.1286594863
-74.638049522	-70.1275818931
-74.638919716	-70.1265042989
-74.642087211	-70.1268003009
-74.642957147	-70.1257226883
-74.646124576	-70.1260186137
-74.646994253	-70.1249409827
-74.650161616	-70.1252368315
-74.651031036	-70.1241591821
-74.654198334	-70.1244549543
-74.657365727	-70.1247506672
-74.660533217	-70.1250463207
-74.659664283	-70.126124022
-74.66283203	-70.1264196335
-74.661963162	-70.1274973509
-74.665131168	-70.1277929204
-74.664262366	-70.1288706541
-74.66743063	-70.1291661815
-74.666561894	-70.1302439314
-74.665693061	-70.1313216802
-74.668861745	-70.1316171828
-74.672030525	-70.1319126261
-74.671161921	-70.1329904084
-74.674330959	-70.1332858096
-74.677500094	-70.1335811514
-74.680669324	-70.1338764339
-74.67980111	-70.134954267
-74.682970599	-70.1352495074
-74.686140183	-70.1355446884
-74.689309864	-70.13583981
-74.692479641	-70.1361348723
-74.695649513	-70.1364298752
-74.698819482	-70.1367248187
-74.699686723	-70.1356468821
-74.702856625	-70.135941749
-74.706026623	-70.1362365565
-74.709196717	-70.1365313046
-74.708329963	-70.1376092929
-74.711500316	-70.1379039989
-74.714670764	-70.1381986455
-74.717841308	-70.1384932326
-74.721011949	-70.1387877604
-74.724182685	-70.1390822288
-74.727353516	-70.1393766377
-74.726487641	-70.1404547285
-74.729658731	-70.1407490952
-74.728792922	-70.1418272022
-74.73196427	-70.1421215268
-74.731098528	-70.1431996499
-74.734270134	-70.1434939323
-74.733404459	-70.1445720716
-74.73023269	-70.144277772
-74.729366755	-70.145355893
-74.728500726	-70.1464340131
-74.725328727	-70.1461396196
-74.724462439	-70.1472177213
-74.721290374	-70.1469232512
-74.720423827	-70.1480013347
-74.719557184	-70.1490794171
-74.718690446	-70.1501574985
-74.717823611	-70.1512355789
-74.71695668	-70.1523136582
-74.716089653	-70.1533917365
-74.719262694	-70.1536863101
-74.718395733	-70.1547644046
-74.717528677	-70.1558424981
-74.720702139	-70.1561370467
-74.719835149	-70.1572151564
-74.723008869	-70.1575096628
-74.726182685	-70.1578041098
-74.72849	-70.1591766576
-74.731664171	-70.1594710029
-74.734838438	-70.1597652887
-74.738012801	-70.160059515
-74.74118726	-70.1603536818
-74.744361815	-70.1606477891
-74.743495935	-70.1617260346
-74.746670749	-70.1620200997
-74.749845659	-70.1623141053
-74.748980009	-70.1633923842
-74.752155177	-70.1636863475
-74.751289594	-70.1647646426
-74.754465022	-70.1650585636
-74.757640545	-70.1653524251
-74.760816164	-70.1656462271
-74.759950974	-70.1667245728
-74.763126852	-70.1670183325
-74.766302826	-70.1673120327
-74.769478896	-70.1676056733
-74.772655062	-70.1678992545
-74.7735196	-70.1668208399
-74.776695698	-70.1671143443
-74.779871893	-70.1674077892
-74.783048183	-70.1677011745
-74.786224569	-70.1679945003
-74.789401051	-70.1682877665
-74.790264678	-70.167209265
-74.793441092	-70.1675024546
-74.796617602	-70.1677955845
-74.797480807	-70.1667170477
-74.80065725	-70.1670101009
-74.803833789	-70.1673030947
-74.807010423	-70.1675960289
-74.807873043	-70.1665174394
-74.81104961	-70.1668102969
-74.814226272	-70.1671030948
-74.81508847	-70.1660244701
-74.818265065	-70.1663171913
-74.822303532	-70.165531193
-74.826341672	-70.1647450998
-74.829518227	-70.1650376081
-74.833555974	-70.1642513433
-74.836732557	-70.1645437154
-74.837593394	-70.1634649838
-74.840769909	-70.1637572792
-74.84394652	-70.1640495149
-74.844806935	-70.1629707482
-74.847983478	-70.1632629073
-74.85202011	-70.1624762048
-74.85519668	-70.1627682277
-74.858373346	-70.1630601909
-74.859232917	-70.1619813538
-74.862409515	-70.1622732404
-74.865586208	-70.1625650674
-74.868762997	-70.1628568349
-74.87193988	-70.1631485428
-74.872798704	-70.1620696363
-74.87597552	-70.1623612675
-74.87915243	-70.1626528392
-74.878293933	-70.1637317799
-74.881471102	-70.1640233091
-74.894180732	-70.16518883
-74.897358377	-70.1654800612
-74.898215894	-70.164401018
-74.90139347	-70.1646921726
-74.902250729	-70.1636131114
-74.905428237	-70.1639041893
-74.906285237	-70.1628251101
-74.909462678	-70.1631161114
-74.912640213	-70.163407053
-74.915817843	-70.1636979351
-74.914961333	-70.1647770655
-74.918139222	-70.165067905
-74.921317206	-70.1653586849
-74.924495284	-70.1656494052
-74.927673458	-70.1659400659
-74.930851727	-70.166230667
-74.931707419	-70.1651514513
-74.934885619	-70.1654419757
-74.938063914	-70.1657324405
-74.938919184	-70.1646531899
-74.94209741	-70.1649435781
-74.945275732	-70.1652339066
-74.94613058	-70.164154621
-74.949308832	-70.1644448729
-74.95248718	-70.1647350652
-74.953341606	-70.1636557447
-74.956519885	-70.1639458603
-74.959698258	-70.1642359163
-74.960552262	-70.1631565608
-74.963730567	-70.1634465402
-74.967762549	-70.1626570696
-74.970940879	-70.1629469127
-74.974119304	-70.1632366961
-74.977297823	-70.16352642
-74.980476438	-70.1638160842
-74.983655146	-70.1641056887
-74.98683395	-70.1643952336
-74.985981349	-70.1654747259
-74.989160411	-70.1657642282
-74.992339567	-70.1660536708
-74.994666614	-70.167422596
-74.997846123	-70.1677119363
-74.996993988	-70.1687914947
-75.000173756	-70.1690807923
-75.003353618	-70.1693700302
-75.006533575	-70.1696592084
-75.005681837	-70.1707388169
-75.008862052	-70.1710279524
-75.012042362	-70.1713170282
-75.011190857	-70.1723966697
-75.014371425	-70.1726857028
-75.017552088	-70.1729746763
-75.016700816	-70.1740543508
-75.019881737	-70.1743432815
-75.023062753	-70.1746321525
-75.026243863	-70.1749209638
-75.034307176	-70.1733388878
-75.037488241	-70.1736274861
-75.040669401	-70.1739160246
-75.043850655	-70.1742045035
-75.044700426	-70.1731246917
-75.047881611	-70.1734130939
-75.048731123	-70.1723332643
-75.051912238	-70.1726215899
-75.052761492	-70.1715417425
-75.055942538	-70.1718299915
-75.056791534	-70.1707501264
-75.059972509	-70.1710382987
-75.060821247	-70.1699584158
-75.06166989	-70.168878532
-75.064850632	-70.1691666109
-75.065699017	-70.1680867094
-75.068879689	-70.1683747116
-75.069727816	-70.1672947923
-75.073756286	-70.166502781
-75.074604061	-70.1654228432
-75.077784429	-70.1657106753
-75.078631946	-70.1646307197
-75.079479368	-70.1635507634
-75.082659502	-70.163838502
-75.083506667	-70.1627585279
-75.086686731	-70.16304619
-75.090713632	-70.1622537837
-75.09389372	-70.1625413095
-75.094740205	-70.1614612831
-75.097920223	-70.1617487324
-75.101100335	-70.1620361219
-75.101946398	-70.160956061
-75.10512644	-70.1612433739
-75.105972244	-70.1601632954
-75.109152216	-70.1604505318
-75.109997763	-70.1593704355
-75.113177665	-70.1596575954
-75.116357661	-70.1599446955
-75.11953775	-70.1602317359
-75.122717933	-70.1605187166
-75.12589821	-70.1608056377
-75.129078581	-70.1610924989
-75.132259046	-70.1613793005
-75.135439604	-70.1616660424
-75.138620256	-70.1619527245
-75.141801002	-70.1622393469
-75.142644814	-70.1611590815
-75.145825489	-70.1614456273
-75.149006258	-70.1617321135
-75.152187121	-70.1620185398
-75.153030347	-70.1609382232
-75.156211139	-70.1612245731
-75.157054107	-70.1601442389
-75.160234829	-70.1604305122
-75.161077539	-70.1593501604
-75.161920156	-70.1582698078
-75.165100643	-70.1585559878
-75.165943002	-70.1574756176
-75.169123418	-70.1577617211
-75.16996552	-70.1566813334
-75.173145865	-70.1569673603
-75.176326304	-70.1572533275
-75.177167984	-70.1561729055
-75.180348352	-70.1564587962
-75.183528814	-70.1567446272
-75.184370071	-70.1556641708
-75.187550462	-70.1559499252
-75.190730946	-70.15623562
-75.191571783	-70.1551551293
-75.194752196	-70.1554407475
-75.197932702	-70.155726306
-75.198773117	-70.1546457811
-75.201953553	-70.1549312631
-75.205134081	-70.1552166853
-75.208314704	-70.1555020478
-75.209154532	-70.1544214718
-75.212335083	-70.1547067579
-75.215515728	-70.1549919841
-75.216355135	-70.1539113739
-75.219535708	-70.1541965237
-75.220374857	-70.1531158961
-75.22355536	-70.1534009694
-75.220374857	-70.1531158961
-75.221213914	-70.1520352677
-75.222052877	-70.1509546385
-75.22523305	-70.1512396783
-75.226071756	-70.1501590317
-75.229251859	-70.1504439951
-75.232432054	-70.1507288987
-75.235612343	-70.1510137426
-75.238792725	-70.1512985268
-75.237954676	-70.1523792403
-75.241135315	-70.1526639814
-75.244316047	-70.1529486627
-75.247496873	-70.1532332843
-75.248334428	-70.1521525207
-75.251515182	-70.1524370658
-75.252352481	-70.1513562848
-75.255533163	-70.1516407535
-75.259550815	-70.1508443472
-75.262731519	-70.1511286797
-75.269093206	-70.1516971653
-75.269929497	-70.1506162993
-75.273110315	-70.1509004358
-75.276291226	-70.1511845125
-75.277127095	-70.1501036125
-75.280307935	-70.1503876128
-75.283488867	-70.1506715533
-75.284324314	-70.1495906193
-75.287505175	-70.1498744833
-75.288340365	-70.1487935319
-75.291521154	-70.1490773195
-75.294702036	-70.1493610474
-75.295536805	-70.148280062
-75.298717615	-70.1485637134
-75.299552126	-70.1474827107
-75.302732865	-70.1477662857
-75.305913695	-70.1480498009
-75.306747785	-70.1469687642
-75.309928544	-70.147252203
-75.310762378	-70.1461711489
-75.311596118	-70.1450900942
-75.308415688	-70.1448066886
-75.309249501	-70.1437256498
-75.312429766	-70.1440090387
-75.313263322	-70.1429279826
-75.314096785	-70.1418469258
-75.317276814	-70.1421302217
-75.320456936	-70.1424134578
-75.323637151	-70.1426966342
-75.326817458	-70.1429797508
-75.327650171	-70.1418986268
-75.330830405	-70.142181667
-75.334010733	-70.1424646474
-75.334843024	-70.1413834895
-75.335675224	-70.140302331
-75.338855314	-70.1405852185
-75.339687257	-70.1395040427
-75.340519107	-70.1384228662
-75.343698961	-70.1387056607
-75.344530555	-70.1376244669
-75.347710337	-70.137907185
-75.348541674	-70.1368259741
-75.351721384	-70.1371086158
-75.352552464	-70.1360273876
-75.355732102	-70.136309953
-75.358911832	-70.1365924586
-75.362091655	-70.1368749045
-75.362922149	-70.1357936259
-75.366101899	-70.1360759954
-75.369281742	-70.1363583051
-75.370111815	-70.1352769927
-75.373291585	-70.1355592261
-75.376471447	-70.1358413997
-75.379651401	-70.1361235136
-75.38048089	-70.1350421509
-75.383660771	-70.1353241884
-75.386840745	-70.1356061661
-75.387669812	-70.1345247696
-75.390849714	-70.134806671
-75.394029707	-70.1350885126
-75.394858353	-70.1340070824
-75.398038274	-70.1342888477
-75.401218287	-70.1345705532
-75.402046512	-70.1334890893
-75.405226452	-70.1337707185
-75.408406484	-70.1340522879
-75.411586608	-70.1343337975
-75.415594299	-70.1335337167
-75.418774442	-70.1338150902
-75.421954677	-70.1340964039
-75.422781731	-70.1330148397
-75.425961894	-70.133296077
-75.429142147	-70.1335772546
-75.429968781	-70.1324956568
-75.433148962	-70.132776758
-75.436329235	-70.1330577995
-75.4395096	-70.1333387812
-75.440335647	-70.1322571332
-75.46024374	-70.1328599209
-75.463424417	-70.1331404509
-75.466605186	-70.1334209211
-75.469786046	-70.1337013315
-75.470610428	-70.1326195341
-75.473791215	-70.1328998682
-75.476972093	-70.1331801425
-75.480153063	-70.1334603569
-75.483334124	-70.1337405115
-75.482510401	-70.1348223747
-75.485691719	-70.1351024859
-75.488873128	-70.1353825373
-75.489696521	-70.1343006412
-75.492877857	-70.1345806163
-75.496059284	-70.1348605315
-75.496882257	-70.133778602
-75.50006361	-70.1340584409
-75.500886327	-70.1329764944
-75.504067607	-70.1332562571
-75.507248979	-70.1335359599
-75.508071274	-70.13245398
-75.511252572	-70.1327336066
-75.514433961	-70.1330131733
-75.515255835	-70.1319311599
-75.518437151	-70.1322106504
-75.521618558	-70.1324900811
-75.522440012	-70.1314080343
-75.525621345	-70.1316873887
-75.528802769	-70.1319666832
-75.529623802	-70.1308846031
-75.532805153	-70.1311638214
-75.535986594	-70.1314429798
-75.536807206	-70.1303608664
-75.537627726	-70.1292787524
-75.54080893	-70.1295578182
-75.541629194	-70.1284756873
-75.545630332	-70.127672529
-75.546450249	-70.1265903806
-75.54963114	-70.1268692775
-75.550450802	-70.1257871122
-75.553631619	-70.126065933
-75.554451024	-70.1249837508
-75.557631767	-70.1252624953
-75.558450917	-70.1241802962
-75.561631586	-70.1244589645
-75.56245048	-70.1233767485
-75.565631075	-70.1236553406
-75.566449714	-70.1225731077
-75.569630235	-70.1228516236
-75.570448618	-70.1217693738
-75.573629065	-70.1220478136
-75.576809603	-70.1223261934
-75.577627565	-70.1212439104
-75.580808029	-70.1215222141
-75.581625735	-70.1204399143
-75.584806125	-70.1207181418
-75.585623576	-70.1196358251
-75.588803891	-70.1199139764
-75.589621087	-70.1188316429
-75.592801328	-70.119109718
-75.595981661	-70.1193877333
-75.599162084	-70.1196656888
-75.602342597	-70.1199435844
-75.605523201	-70.1202214201
-75.608703896	-70.120499196
-75.611884682	-70.1207769121
-75.615065558	-70.1210545682
-75.615881343	-70.1199721037
-75.619062145	-70.1202496837
-75.623058402	-70.1194447061
-75.62623922	-70.1197221501
-75.627054329	-70.1186396357
-75.630235072	-70.1189170035
-75.633415906	-70.1191943114
-75.634230595	-70.118111764
-75.637411354	-70.1183889958
-75.640592204	-70.1186661677
-75.643773144	-70.1189432797
-75.646954174	-70.1192203319
-75.650135295	-70.1194973242
-75.654130115	-70.118691611
-75.657311251	-70.1189684673
-75.660492478	-70.1192452637
-75.663673796	-70.1195220001
-75.664486818	-70.1184393054
-75.668480827	-70.1176332542
-75.669293504	-70.1165505422
-75.672474507	-70.1168271102
-75.673286928	-70.1157443815
-75.676467856	-70.1160208734
-75.680460874	-70.1152145438
-75.681272785	-70.1141317817
-75.684453563	-70.1144081213
-75.685265219	-70.1133253426
-75.689257322	-70.1125188107
-75.690068633	-70.1114360148
-75.693249095	-70.111712186
-75.694060151	-70.1106293734
-75.694871116	-70.1095465604
-75.698862049	-70.1087398096
-75.699672669	-70.1076569795
-75.702852652	-70.1079329662
-75.703663017	-70.1068501194
-75.706842925	-70.10712603
-75.710022922	-70.1074018807
-75.710832868	-70.1063190011
-75.71401279	-70.1065947757
-75.718002327	-70.105787578
-75.721991535	-70.1049802877
-75.725171397	-70.1052558504
-75.728351348	-70.1055313531
-75.729160199	-70.1044483913
-75.732340075	-70.104723818
-75.733148671	-70.1036408396
-75.736328472	-70.1039161903
-75.737136812	-70.1028331953
-75.740316538	-70.1031084699
-75.741124624	-70.1020254584
-75.744304274	-70.102300657
-75.745112106	-70.1012176288
-75.748291681	-70.1014927514
-75.749099257	-70.1004097067
-75.749906744	-70.0993266615
-75.750714142	-70.098243616
-75.753893311	-70.0985186302
-75.754700454	-70.0974355681
-75.755507507	-70.0963525056
-75.758686436	-70.0966274277
-75.759493235	-70.0955443486
-75.763478632	-70.0947360992
-75.764285087	-70.0936530031
-75.765091452	-70.0925699067
-75.7682699	-70.0928446446
-75.769076011	-70.0917615316
-75.769882032	-70.0906784182
-75.770687964	-70.0895953045
-75.773866006	-70.0898699342
-75.774671684	-70.0887868039
-75.775477272	-70.0877036732
-75.776282771	-70.0866205421
-75.779460408	-70.0868950636
-75.780265653	-70.085811916
-75.781070808	-70.084728768
-75.784248204	-70.0850031975
-75.785053105	-70.083920033
-75.785857917	-70.0828368681
-75.789035073	-70.0831112056
-75.789839631	-70.0820280243
-75.7906441	-70.0809448425
-75.791448479	-70.0798616603
-75.792252769	-70.0787784778
-75.79305697	-70.0776952949
-75.793861082	-70.0766121116
-75.800252235	-70.0725534913
-75.801055736	-70.07147029
-75.801859149	-70.0703870883
-75.802662472	-70.0693038863
-75.803465706	-70.0682206838
-75.804268852	-70.067137481
-75.805071908	-70.0660542778
-75.808246606	-70.0663282385
-75.809049409	-70.0652450188
-75.809852122	-70.0641617988
-75.810654747	-70.0630785784
-75.811457283	-70.0619953577
-75.808283243	-70.0617214612
-75.809085855	-70.0606382561
-75.809888377	-70.0595550507
-75.810690811	-70.0584718449
-75.811493156	-70.0573886387
-75.808319864	-70.0571147466
-75.809122284	-70.0560315561
-75.809924616	-70.0549483652
-75.813097579	-70.0552222252
-75.813899657	-70.0541390179
-75.814701647	-70.0530558102
-75.815503547	-70.0519726022
-75.818676106	-70.0522463543
-75.819477753	-70.0511631298
-75.820279312	-70.050079905
-75.821080782	-70.0489966799
-75.821882163	-70.0479134543
-75.822683455	-70.0468302285
-75.823484659	-70.0457470022
-75.824285774	-70.0446637756
-75.8250868	-70.0435805487
-75.825887738	-70.0424973214
-75.826688587	-70.0414140937
-75.827489347	-70.0403308657
-75.828290019	-70.0392476373
-75.829090602	-70.0381644085
-75.829891097	-70.0370811794
-75.830691503	-70.03599795
-75.83149182	-70.0349147202
-75.832292049	-70.0338314901
-75.829122283	-70.0335580103
-75.829922588	-70.0324747958
-75.830722804	-70.031391581
-75.827553455	-70.0311180735
-75.828353746	-70.0300348744
-75.825985018	-70.0286781397
-75.826785296	-70.0275949558
-75.827585486	-70.0265117716
-75.828385588	-70.025428587
-75.829185601	-70.0243454021
-75.829985525	-70.0232622168
-75.830785362	-70.0221790312
-75.831585109	-70.0210958452
-75.832384768	-70.0200126589
-75.833184339	-70.0189294722
-75.833983822	-70.0178462852
-75.834783216	-70.0167630979
-75.831616177	-70.0164896791
-75.832415646	-70.0154065074
-75.829248859	-70.0151330449
-75.830048404	-70.0140498888
-75.826881869	-70.0137763827
-75.824515207	-70.0124196925
-75.821349013	-70.0121460831
-75.822148873	-70.0110629743
-75.81898293	-70.0107893213
-75.819782866	-70.0097062282
-75.816617176	-70.0094325315
-75.817417186	-70.008349454
-75.814251748	-70.0080757137
-75.815051834	-70.0069926519
-75.815851832	-70.0059095898
-75.81268681	-70.0056358219
-75.813486882	-70.0045527754
-75.810322112	-70.0042789639
-75.81112226	-70.003195933
-75.807957742	-70.0029220779
-75.808757965	-70.0018390627
-75.8095581	-70.0007560472
-75.806393998	-70.0004821645
-75.807194208	-69.9993991646
-75.804830642	-69.9980422541
-75.805630839	-69.9969592695
-75.802467404	-69.9966853157
-75.803267676	-69.9956023467
-75.804067859	-69.9945193774
-75.800904839	-69.9942453961
-75.801705098	-69.9931624424
-75.799342663	-69.9918054795
-75.800142909	-69.9907225411
-75.797780876	-69.989365566
-75.798581108	-69.9882826429
-75.79541917	-69.9880085629
-75.796219477	-69.9869256555
-75.793057791	-69.986651532
-75.793858172	-69.9855686402
-75.794658466	-69.9844857481
-75.795458671	-69.9834028557
-75.796258788	-69.9823199629
-75.797058817	-69.9812370697
-75.797858757	-69.9801541762
-75.79865861	-69.9790712824
-75.799458374	-69.9779883882
-75.800258049	-69.9769054936
-75.801057637	-69.9758225987
-75.801857136	-69.9747397035
-75.802656547	-69.9736568079
-75.80345587	-69.972573912
-75.804255105	-69.9714910157
-75.805054252	-69.9704081191
-75.80585331	-69.9693252221
-75.806652281	-69.9682423248
-75.803493456	-69.9679684137
-75.804292502	-69.966885532
-75.805091459	-69.96580265
-75.805890328	-69.9647197677
-75.802732081	-69.964445845
-75.803531025	-69.9633629783
-75.804329881	-69.9622801112
-75.801172047	-69.962006161
-75.801970978	-69.9609233096
-75.802769821	-69.9598404579
-75.803568575	-69.9587576058
-75.804367242	-69.9576747534
-75.805165821	-69.9565919006
-75.805964312	-69.9555090475
-75.806762714	-69.9544261941
-75.807561029	-69.9533433403
-75.808359256	-69.9522604862
-75.805202976	-69.9519866204
-75.806001277	-69.9509037819
-75.806799491	-69.9498209431
-75.804441913	-69.9484642266
-75.805240113	-69.947381403
-75.806038226	-69.9462985792
-75.80683625	-69.945215755
-75.807634187	-69.9441329305
-75.808432036	-69.9430501057
-75.806075157	-69.9416934395
-75.806872993	-69.94061063
-75.80767074	-69.9395278201
-75.808468401	-69.9384450099
-75.809265973	-69.9373621994
-75.810063458	-69.9362793885
-75.810860854	-69.9351965774
-75.811658163	-69.9341137659
-75.812455384	-69.933030954
-75.809302132	-69.9327571812
-75.810099428	-69.931674385
-75.810896636	-69.9305915885
-75.807743796	-69.9303177882
-75.808541079	-69.9292350073
-75.809338274	-69.9281522261
-75.806185846	-69.9278783984
-75.806983116	-69.9267956328
-75.807780298	-69.9257128668
-75.804628283	-69.9254390117
-75.805425539	-69.9243562614
-75.802273775	-69.9240823628
-75.803071106	-69.9229996281
-75.799919591	-69.9227256861
-75.800716996	-69.9216429671
-75.797565731	-69.9213689817
-75.798363211	-69.9202862783
-75.795212196	-69.9200122496
-75.796009751	-69.9189295618
-75.792858986	-69.9186554897
-75.793656615	-69.9175728175
-75.790506099	-69.9172987021
-75.787355672	-69.9170245274
-75.788153537	-69.9159418868
-75.78500336	-69.9156676687
-75.785801299	-69.9145850437
-75.782651371	-69.9143107823
-75.783449386	-69.9132281729
-75.780299708	-69.9129538682
-75.781097796	-69.9118712745
-75.777948368	-69.9115969264
-75.77874653	-69.9105143483
-75.775597352	-69.9102399569
-75.776395589	-69.9091573945
-75.77324666	-69.9088829598
-75.774044971	-69.9078004129
-75.770896292	-69.907525935
-75.768546247	-69.9061688825
-75.765397905	-69.9058943019
-75.762249651	-69.9056196621
-75.759101485	-69.9053449631
-75.755953406	-69.9050702048
-75.752805415	-69.9047953872
-75.753604684	-69.9037129515
-75.750456943	-69.9034380907
-75.74730929	-69.9031631706
-75.744161724	-69.9028881913
-75.74496139	-69.9018058033
-75.741814074	-69.9015307807
-75.742613814	-69.9004484083
-75.740266562	-69.8990909858
-75.737119745	-69.8988158768
-75.737919633	-69.8977335356
-75.735573027	-69.8963760579
-75.732426709	-69.8961008625
-75.733226744	-69.8950185526
-75.730080676	-69.894743314
-75.730880785	-69.8936610198
-75.727734966	-69.8933857379
-75.728535148	-69.8923034594
-75.726189835	-69.8909458714
-75.726990004	-69.8898636082
-75.724645087	-69.8885060083
-75.725445241	-69.8874237603
-75.726245307	-69.886341512
-75.723900861	-69.8849839159
-75.724700913	-69.8839016829
-75.725500877	-69.8828194495
-75.722356863	-69.8825440749
-75.7231569	-69.8814618571
-75.720013135	-69.8811864394
-75.720813246	-69.8801042373
-75.71766973	-69.8798287765
-75.715326647	-69.878471086
-75.712183468	-69.8781955228
-75.712983888	-69.877113368
-75.709840957	-69.8768377618
-75.71064145	-69.8757556226
-75.707498769	-69.8754799732
-75.708299335	-69.8743978497
-75.709099814	-69.8733157258
-75.705957543	-69.8730400493
-75.706758094	-69.871957941
-75.703616072	-69.8716822214
-75.704416697	-69.8706001288
-75.701274924	-69.8703243661
-75.698133239	-69.8700485443
-75.698934098	-69.8689664833
-75.695792661	-69.8686906184
-75.692651313	-69.8684146944
-75.689510052	-69.8681387113
-75.686368879	-69.8678626691
-75.685567375	-69.868944666
-75.682426129	-69.8686685487
-75.681624376	-69.8697505291
-75.678483057	-69.8694743367
-75.675341826	-69.8691980851
-75.674539663	-69.8702800331
-75.671398359	-69.8700037065
-75.658030966	-69.8699796763
-75.654889941	-69.8697030382
-75.651749003	-69.869426341
-75.648608154	-69.8691495847
-75.645467393	-69.8688727693
-75.644663606	-69.8699545721
-75.641522773	-69.8696776815
-75.638382027	-69.869400732
-75.63757783	-69.8704825022
-75.634437012	-69.8702054774
-75.631296281	-69.8699283936
-75.628155639	-69.8696512507
-75.628960319	-69.8685695288
-75.625819926	-69.8682923429
-75.622679621	-69.868015098
-75.623484534	-69.8669334079
-75.620344479	-69.86665612
-75.617204511	-69.8663787731
-75.618009658	-69.8652971147
-75.614869939	-69.8650197248
-75.611730309	-69.8647422759
-75.612535688	-69.8636606493
-75.609396307	-69.8633831574
-75.610201759	-69.8623015465
-75.607062627	-69.8620240117
-75.607868151	-69.8609424164
-75.604729268	-69.8606648387
-75.605534864	-69.8595832592
-75.60239623	-69.8593056385
-75.599257684	-69.8590279589
-75.596119226	-69.8587502202
-75.592980856	-69.8584724226
-75.589842575	-69.8581945659
-75.586704382	-69.8579166502
-75.583566277	-69.8576386755
-75.580428261	-69.8573606418
-75.577290333	-69.8570825492
-75.574152494	-69.8568043975
-75.571014743	-69.8565261868
-75.56787708	-69.8562479171
-75.568684515	-69.8551665306
-75.565547101	-69.8548882181
-75.562409775	-69.8546098466
-75.559272539	-69.8543314161
-75.55613539	-69.8540529267
-75.55299833	-69.8537743782
-75.549861359	-69.8534957708
-75.546724476	-69.8532171045
-75.545915918	-69.854298378
-75.542778964	-69.8540196365
-75.539642098	-69.853740836
-75.53650532	-69.8534619766
-75.535696193	-69.8545432012
-75.532559344	-69.8542642666
-75.529422583	-69.8539852731
-75.528613047	-69.8550664649
-75.525476215	-69.8547873962
-75.522339471	-69.8545082686
-75.519202816	-69.8542290821
-75.51606625	-69.8539498366
-75.512929772	-69.8536705321
-75.51374011	-69.8525894212
-75.510603881	-69.852310074
-75.51141429	-69.8512289789
-75.50827831	-69.8509495889
-75.505142419	-69.85067014
-75.502006617	-69.8503906322
-75.501195727	-69.8514716787
-75.498059854	-69.8511920957
-75.494924069	-69.8509124538
-75.491788373	-69.850632753
-75.490976914	-69.8517137504
-75.487841147	-69.8514339744
-75.484705468	-69.8511541395
-75.483893601	-69.852235104
-75.480757851	-69.851955194
-75.47762219	-69.851675225
-75.474486618	-69.8513951971
-75.473674181	-69.8524761125
-75.470538538	-69.8521960094
-75.467402984	-69.8519158475
-75.464267518	-69.8516356266
-75.461132142	-69.8513553468
-75.44464263	-69.8510338328
-75.441507628	-69.8507531833
-75.438372715	-69.8504724749
-75.435237891	-69.8501917076
-75.432103156	-69.8499108815
-75.428968511	-69.8496299964
-75.425833954	-69.8493490524
-75.422699487	-69.8490680496
-75.419565109	-69.8487869879
-75.41643082	-69.8485058672
-75.41329662	-69.8482246878
-75.41016251	-69.8479434494
-75.409346696	-69.8490240385
-75.406212515	-69.848742725
-75.403078423	-69.8484613526
-75.4022622	-69.8495419086
-75.399128038	-69.8492604611
-75.395993965	-69.8489789546
-75.395177333	-69.8500594775
-75.392043189	-69.8497778959
-75.388909135	-69.8494962554
-75.385775171	-69.8492145561
-75.382641295	-69.8489327978
-75.37950751	-69.8486509808
-75.376373813	-69.8483691048
-75.372422367	-69.8491675782
-75.368470601	-69.8499659594
-75.365336853	-69.8496838743
-75.364518515	-69.8507642486
-75.361384698	-69.8504820883
-75.36056611	-69.8515624457
-75.357432222	-69.8512802102
-75.356613386	-69.8523605508
-75.353479428	-69.85207824
-75.350345559	-69.8517958704
-75.349526314	-69.8528761777
-75.346392375	-69.8525937329
-75.342438872	-69.8533915033
-75.339304953	-69.8531089244
-75.335351061	-69.8539065274
-75.332217161	-69.8536238144
-75.329083352	-69.8533410427
-75.325949632	-69.853058212
-75.322816003	-69.8527753226
-75.323636705	-69.8516951474
-75.320503324	-69.8514122154
-75.318190965	-69.8500490817
-75.315057924	-69.8497660485
-75.315878925	-69.8486859213
-75.312746133	-69.8484028457
-75.311924972	-69.8494829565
-75.30879211	-69.8491998056
-75.305659338	-69.848916596
-75.302526656	-69.8486333275
-75.299394064	-69.8483500002
-75.296261562	-69.8480666141
-75.293129149	-69.8477831692
-75.289996826	-69.8474996655
-75.290819104	-69.8464196695
-75.28768703	-69.8461361235
-75.284555047	-69.8458525186
-75.281423154	-69.8455688549
-75.27829135	-69.8452851324
-75.277468435	-69.8463650627
-75.274336562	-69.846081265
-75.271204779	-69.8457974086
-75.272028013	-69.8447175111
-75.268896479	-69.8444336123
-75.265765036	-69.8441496547
-75.264941484	-69.8452295193
-75.261809971	-69.8449454864
-75.260986169	-69.846025334
-75.257854587	-69.8457412259
-75.254723095	-69.8454570591
-75.251591693	-69.8451728335
-75.248460381	-69.8448885491
-75.247635852	-69.8459683303
-75.244504471	-69.8456839707
-75.24137318	-69.8453995523
-75.23824198	-69.8451150752
-75.235110869	-69.8448305393
-75.235936035	-69.843750824
-75.232805173	-69.8434662458
-75.229674403	-69.8431816088
-75.230499796	-69.8421019259
-75.2313251	-69.8410222423
-75.228194738	-69.8407375795
-75.229020111	-69.8396579118
-75.229845393	-69.8385782434
-75.230670585	-69.8374985745
-75.231495688	-69.8364189049
-75.2323207	-69.8353392347
-75.235450267	-69.8356238151
-75.23627503	-69.8345441278
-75.237099702	-69.8334644399
-75.240229041	-69.8337489287
-75.241053465	-69.8326692237
-75.244182735	-69.8329536373
-75.24500691	-69.8318739153
-75.245830994	-69.8307941926
-75.246654989	-69.8297144694
-75.247478893	-69.8286347455
-75.244350259	-69.8283503977
-75.245174233	-69.8272706897
-75.245998117	-69.8261909811
-75.242869891	-69.8259066075
-75.239741755	-69.8256221751
-75.240565866	-69.8245424988
-75.237437979	-69.8242580242
-75.23826216	-69.8231783637
-75.23908625	-69.8220987026
-75.242213819	-69.8223831443
-75.243037661	-69.8213034661
-75.243861413	-69.8202237874
-75.246988754	-69.8205081375
-75.247812257	-69.8194284417
-75.25093953	-69.8197127167
-75.251762784	-69.8186330039
-75.254889988	-69.8189172037
-75.255712993	-69.8178374739
-75.256535909	-69.8167577434
-75.259662884	-69.8170418518
-75.260485551	-69.8159621043
-75.261308129	-69.8148823562
-75.264434876	-69.815166373
-75.265257205	-69.814086608
-75.266079444	-69.8130068423
-75.266901593	-69.811927076
-75.263775322	-69.8116431085
-75.26459754	-69.810563358
-75.261471517	-69.8102793482
-75.26459754	-69.810563358
-75.265419668	-69.809483607
-75.266241707	-69.8084038554
-75.267063656	-69.8073241032
-75.267885516	-69.8062443504
-75.268707285	-69.8051645971
-75.269528966	-69.8040848431
-75.270350556	-69.8030050886
-75.267225644	-69.8027211936
-75.264100822	-69.80243724
-75.26492264	-69.8013575177
-75.261798066	-69.8010735218
-75.259495627	-69.7997097772
-75.260317583	-69.7986300865
-75.26113945	-69.7975503953
-75.264263459	-69.7978344005
-75.265085077	-69.7967546923
-75.268209017	-69.7970386226
-75.269030387	-69.7959588973
-75.272154257	-69.7962427526
-75.272975379	-69.7951630104
-75.273796412	-69.7940832676
-75.274617355	-69.7930035243
-75.27149396	-69.7927197182
-75.272314972	-69.7916399906
-75.269191825	-69.7913561423
-75.266890006	-69.7899925401
-75.263767197	-69.789708591
-75.264588505	-69.7886289114
-75.261465943	-69.7883449201
-75.26228732	-69.7872652564
-75.259165007	-69.7869812229
-75.259986453	-69.785901575
-75.256864387	-69.7856174992
-75.259986453	-69.785901575
-75.260807809	-69.7848219265
-75.263929806	-69.7851059272
-75.264750915	-69.7840262618
-75.267872843	-69.7843101875
-75.270994861	-69.7845940547
-75.271815564	-69.7835143559
-75.274937512	-69.7837981481
-75.278059551	-69.7840818817
-75.281181678	-69.7843655567
-75.284303895	-69.7846491732
-75.287426202	-69.784932731
-75.290548597	-69.7852162302
-75.293671082	-69.7854996708
-75.296793657	-69.7857830528
-75.297613003	-69.7847032225
-75.300735508	-69.7849865295
-75.303858103	-69.785269778
-75.306980786	-69.7855529678
-75.31010356	-69.785836099
-75.313226422	-69.7861191715
-75.316349373	-69.7864021855
-75.319472414	-69.7866851408
-75.322595544	-69.7869680376
-75.321777466	-69.7880479987
-75.324900844	-69.7883308531
-75.328024311	-69.7886136489
-75.331147867	-69.788896386
-75.334271512	-69.7891790645
-75.337395247	-69.7894616844
-75.34051907	-69.7897442456
-75.343642983	-69.7900267482
-75.356139524	-69.7911561719
-75.356955857	-69.7900760313
-75.360080056	-69.7903582243
-75.360896141	-69.7892780669
-75.36402027	-69.7895601849
-75.367144488	-69.7898422443
-75.367960167	-69.7887620537
-75.371084316	-69.7890440381
-75.374208553	-69.7893259639
-75.375023825	-69.7882457403
-75.378147993	-69.7885275911
-75.381272249	-69.7888093832
-75.384396595	-69.7890911167
-75.387521029	-69.7893727915
-75.390645552	-69.7896544076
-75.391459942	-69.7885741021
-75.394584395	-69.7888556433
-75.397708937	-69.7891371258
-75.400833568	-69.7894185497
-75.401647391	-69.7883381949
-75.404771952	-69.7886195438
-75.405585529	-69.7875391722
-75.408710019	-69.7878204462
-75.409523348	-69.7867400579
-75.412647768	-69.7870212569
-75.415772278	-69.7873023973
-75.4165852	-69.786221976
-75.419709639	-69.7865030414
-75.420522314	-69.7854226034
-75.423646683	-69.785703594
-75.42445911	-69.7846231392
-75.427583409	-69.7849040548
-75.428395589	-69.7838235834
-75.425271449	-69.783542684
-75.426083699	-69.7824622283
-75.426895861	-69.7813817721
-75.427707934	-69.7803013154
-75.428519919	-69.7792208582
-75.425396503	-69.7789399651
-75.426208558	-69.7778595236
-75.427020524	-69.7767790817
-75.427832402	-69.7756986393
-75.424709551	-69.7754177361
-75.425521499	-69.7743373095
-75.428644192	-69.7746181964
-75.429455893	-69.7735377531
-75.430267505	-69.7724573092
-75.431079029	-69.7713768649
-75.431890464	-69.7702964201
-75.432701812	-69.7692159748
-75.43351307	-69.768135529
-75.43039133	-69.7678547394
-75.431202658	-69.7667743093
-75.428081165	-69.7664934772
-75.42495976	-69.7662125865
-75.425771317	-69.7651321884
-75.422650159	-69.7648512553
-75.419529089	-69.7645702636
-75.420340875	-69.7634898974
-75.417220052	-69.7632088633
-75.414099318	-69.7629277706
-75.410978672	-69.7626466192
-75.407858114	-69.7623654093
-75.404737645	-69.7620841407
-75.401617265	-69.7618028136
-75.398496973	-69.7615214278
-75.397684078	-69.7626016804
-75.394563716	-69.7623202198
-75.391443442	-69.7620387006
-75.392256654	-69.7609584806
-75.389136628	-69.7606769191
-75.38601669	-69.760395299
-75.382896841	-69.7601136203
-75.379777081	-69.759831883
-75.376657409	-69.7595500872
-75.373537825	-69.7592682328
-75.372723663	-69.7603483554
-75.36960401	-69.7600664261
-75.366484446	-69.7597844383
-75.363364971	-69.759502392
-75.360245584	-69.759220287
-75.357126285	-69.7589381235
-75.354007076	-69.7586559015
-75.350887956	-69.7583736208
-75.347768924	-69.7580912817
-75.34464998	-69.757808884
-75.341531126	-69.7575264277
-75.338412361	-69.7572439129
-75.339228263	-69.7561639694
-75.336109745	-69.7558814123
-75.332991315	-69.7555987967
-75.329872974	-69.7553161225
-75.326754722	-69.7550333899
-75.325938187	-69.7561132682
-75.322819866	-69.7558304607
-75.322003084	-69.7569103221
-75.318884694	-69.7566274398
-75.315766392	-69.7563444989
-75.31264818	-69.7560614995
-75.309530056	-69.7557784415
-75.306412022	-69.7554953251
-75.303294076	-69.7552121501
-75.302476257	-69.7562919131
-75.299358243	-69.7560086632
-75.296240317	-69.7557253549
-75.293122481	-69.755441988
-75.290004733	-69.7551585627
-75.286887075	-69.7548750788
-75.283769506	-69.7545915364
-75.280652026	-69.7543079355
-75.277534635	-69.7540242761
-75.278353717	-69.7529446438
-75.275236573	-69.7526609423
-75.272119518	-69.7523771822
-75.269002553	-69.7520933637
-75.265885676	-69.7518094867
-75.265065962	-69.7528890535
-75.261949017	-69.7526051016
-75.258832161	-69.7523210913
-75.255715394	-69.7520370224
-75.252598716	-69.7517528951
-75.249482128	-69.7514687093
-75.250302631	-69.7503892243
-75.24718629	-69.7501049964
-75.244070038	-69.7498207101
-75.244890767	-69.7487412573
-75.241774762	-69.7484569288
-75.238658846	-69.7481725419
-75.236364133	-69.7468086924
-75.233248553	-69.7465242049
-75.234069734	-69.7454448165
-75.230954402	-69.745160287
-75.227839159	-69.7448756991
-75.228660566	-69.7437963429
-75.22554557	-69.7435117129
-75.226367045	-69.7424323725
-75.223252296	-69.7421477005
-75.220137636	-69.7418629701
-75.220959337	-69.7407836619
-75.217844924	-69.7404988894
-75.2147306	-69.7402140586
-75.211616365	-69.7399291692
-75.210794191	-69.7410084282
-75.207679889	-69.7407234641
-75.204565675	-69.7404384415
-75.203743097	-69.741517667
-75.20292043	-69.742596892
-75.199805991	-69.7423117782
-75.196691642	-69.7420266059
-75.197514624	-69.7409474138
-75.194400522	-69.7406621996
-75.191286509	-69.740376927
-75.188172585	-69.740091596
-75.185058751	-69.7398062065
-75.185882274	-69.7387270795
-75.182768687	-69.7384416481
-75.179655189	-69.7381561583
-75.176541781	-69.7378706101
-75.173428463	-69.7375850036
-75.170315234	-69.7372993386
-75.167202094	-69.7370136152
-75.164089045	-69.7367278335
-75.160976085	-69.7364419934
-75.161800776	-69.7353629973
-75.158688063	-69.7350771153
-75.155575439	-69.7347911749
-75.152462905	-69.7345051761
-75.149350461	-69.734219119
-75.146238106	-69.7339330035
-75.143125841	-69.7336468296
-75.140013665	-69.7333605974
-75.139187874	-69.7344394781
-75.136075631	-69.7341531711
-75.132963478	-69.7338668056
-75.132137282	-69.7349456528
-75.129025061	-69.7346592126
-75.125912931	-69.7343727139
-75.12280089	-69.734086157
-75.119688939	-69.7337995417
-75.116577077	-69.733512868
-75.113465306	-69.733226136
-75.114292444	-69.7321473878
-75.11118092	-69.731860614
-75.112008125	-69.7307818816
-75.108896848	-69.730495066
-75.10578566	-69.730208192
-75.102674562	-69.7299212597
-75.103502149	-69.7288425762
-75.100391297	-69.728555602
-75.101218951	-69.7274769344
-75.098108347	-69.7271899185
-75.094997833	-69.7269028442
-75.091887408	-69.7266157117
-75.088777073	-69.7263285208
-75.087948792	-69.7274071224
-75.08483839	-69.7271198567
-75.081728079	-69.7268325327
-75.078617857	-69.7265451504
-75.077789015	-69.7276237017
-75.074678726	-69.7273362446
-75.071568528	-69.7270487292
-75.072397684	-69.7259702109
-75.063068098	-69.7251073645
-75.063897634	-69.7240288952
-75.060788109	-69.7237411797
-75.057678675	-69.7234534059
-75.05456933	-69.7231655739
-75.055399246	-69.7220871536
-75.052290148	-69.7217992798
-75.04918114	-69.7215113478
-75.046072223	-69.7212233575
-75.042963395	-69.7209353089
-75.039854657	-69.7206472021
-75.039023958	-69.7217255396
-75.035915154	-69.7214373579
-75.03280644	-69.721149118
-75.031975337	-69.7222274216
-75.028866557	-69.7219391069
-75.025757867	-69.7216507339
-75.02492636	-69.7227290037
-75.021817604	-69.7224405559
-75.020985851	-69.7235188084
-75.017877028	-69.7232302857
-75.014768295	-69.7229417048
-75.011659653	-69.7226530656
-75.008551101	-69.7223643682
-75.00544264	-69.7220756125
-75.002334268	-69.7217867986
-75.003166961	-69.7207086456
-75.000058836	-69.72041979
-74.996950802	-69.7201308762
-74.997783717	-69.7190527558
-74.998616542	-69.7179746346
-74.995508912	-69.7176856958
-74.992401371	-69.7173966988
-74.989293921	-69.7171076435
-74.988460627	-69.7181857149
-74.985353111	-69.7178965848
-74.982245685	-69.7176073965
-74.97913835	-69.71731815
-74.976031105	-69.7170288452
-74.976865025	-69.7159508404
-74.973758027	-69.7156614941
-74.970651119	-69.7153720896
-74.967544302	-69.7150826268
-74.966709914	-69.7161605818
-74.963603031	-69.7158710442
-74.962768395	-69.7169489818
-74.959661446	-69.7166593694
-74.956554588	-69.7163696989
-74.953447821	-69.7160799701
-74.950341144	-69.7157901831
-74.949505792	-69.7168680534
-74.94639905	-69.7165781915
-74.943292398	-69.7162882715
-74.942456643	-69.7173661077
-74.939349925	-69.7170761129
-74.938513924	-69.7181539317
-74.935407141	-69.717863862
-74.934570892	-69.7189416634
-74.931464044	-69.7186515188
-74.930627548	-69.7197293028
-74.927520634	-69.7194390833
-74.926683892	-69.7205168499
-74.923576912	-69.7202265556
-74.920470022	-69.7199362031
-74.919632877	-69.7210139355
-74.916525922	-69.7207235082
-74.913419058	-69.7204330226
-74.910312286	-69.7201424788
-74.90947458	-69.7212201604
-74.906367742	-69.7209295418
-74.903260995	-69.720638865
-74.900154338	-69.72034813
-74.897047772	-69.7200573368
-74.893941297	-69.7197664855
-74.890834913	-69.719475576
-74.889996181	-69.7205531566
-74.886889731	-69.7202621722
-74.883783373	-69.7199711296
-74.882944237	-69.721048676
-74.879837814	-69.7207575586
-74.876731482	-69.720466383
-74.875891942	-69.7215438951
-74.872785545	-69.7212526446
-74.869679239	-69.7209613359
-74.868839296	-69.7220388139
-74.865732924	-69.7217474303
-74.862626644	-69.7214559885
-74.859520455	-69.7211644887
-74.856414357	-69.7208729306
-74.853308351	-69.7205813144
-74.852467536	-69.7216587078
-74.849361465	-69.7213670167
-74.846255484	-69.7210752674
-74.845414267	-69.7221526265
-74.842308221	-69.7218608023
-74.841466756	-69.7229381439
-74.838360646	-69.7226462448
-74.835254628	-69.7223542876
-74.834412759	-69.7234315947
-74.831306676	-69.7231395626
-74.828200684	-69.7228474723
-74.827358412	-69.7239247451
-74.824252355	-69.7236325799
-74.823409837	-69.7247098351
-74.820303715	-69.724417595
-74.817197685	-69.7241252967
-74.816354763	-69.7252025175
-74.813248668	-69.7249101443
-74.810142665	-69.7246177129
-74.809299339	-69.7256948993
-74.806193271	-69.725402393
-74.805349698	-69.7264795618
-74.804506034	-69.7275567298
-74.803662278	-69.7286338969
-74.802818431	-69.7297110632
-74.801974492	-69.7307882287
-74.798867736	-69.7304955802
-74.79802355	-69.7315727281
-74.797179272	-69.7326498751
-74.794072295	-69.7323571348
-74.793227769	-69.7334342642
-74.790120728	-69.733141449
-74.789275955	-69.7342185607
-74.786168849	-69.7339256704
-74.785323828	-69.7350027645
-74.782216658	-69.7347097993
-74.77910958	-69.7344167759
-74.776002593	-69.7341236944
-74.772895698	-69.7338305547
-74.772049961	-69.7349075806
-74.768097017	-69.735691374
-74.767250941	-69.7367683813
-74.766404773	-69.7378453878
-74.763297438	-69.7375520644
-74.762451022	-69.7386290532
-74.765558514	-69.7389223934
-74.764712162	-69.7399993982
-74.763865719	-69.7410764021
-74.760757915	-69.7407830281
-74.759911224	-69.7418600143
-74.759064441	-69.7429369996
-74.758217566	-69.7440139841
-74.7573706	-69.7450909677
-74.754262263	-69.7447974682
-74.751154019	-69.7445039104
-74.750306648	-69.7455808594
-74.74719834	-69.7452872267
-74.746350721	-69.7463641579
-74.743242348	-69.7460704501
-74.740134068	-69.7457766841
-74.739286045	-69.7468535808
-74.73843793	-69.7479304765
-74.741546522	-69.7482242763
-74.740698471	-69.7493011881
-74.739850328	-69.750378099
-74.739002093	-69.751455009
-74.735893032	-69.7511611586
-74.735044549	-69.7522380509
-74.734195973	-69.7533149423
-74.731086692	-69.7530209999
-74.730237868	-69.7540978735
-74.727128523	-69.753803856
-74.726279451	-69.7548807119
-74.723170042	-69.7545866193
-74.722320721	-69.7556634573
-74.721471309	-69.7567402945
-74.718361679	-69.7564461099
-74.717512018	-69.7575229293
-74.716662265	-69.7585997478
-74.71581242	-69.7596765653
-74.714962482	-69.7607533821
-74.714112452	-69.7618301979
-74.71326233	-69.7629070128
-74.712412116	-69.7639838268
-74.711561809	-69.76506064
-74.714672688	-69.7653549599
-74.713822445	-69.7664317891
-74.71297211	-69.7675086174
-74.712121683	-69.7685854448
-74.711271163	-69.7696622713
-74.71042055	-69.7707390969
-74.709569846	-69.7718159216
-74.709278638	-69.7764176426
-74.708427628	-69.7774944798
-74.707576525	-69.7785713161
-74.706725329	-69.7796481514
-74.709838427	-69.7799425751
-74.708987295	-69.7810194265
-74.708136071	-69.7820962771
-74.711249574	-69.7823906764
-74.710398414	-69.783467543
-74.709547162	-69.7845444086
-74.708695817	-69.7856212734
-74.707844379	-69.7866981372
-74.706992849	-69.7877750002
-74.710107228	-69.788069426
-74.713221699	-69.7883637936
-74.712370389	-69.7894406895
-74.71548511	-69.7897350158
-74.714633864	-69.7908119278
-74.713782527	-69.7918888389
-74.712931096	-69.7929657491
-74.712079573	-69.7940426583
-74.711227958	-69.7951195667
-74.714343554	-69.7954139194
-74.713492003	-69.7964908439
-74.712640359	-69.7975677674
-74.711788622	-69.79864469
-74.710936793	-69.7997216118
-74.714053109	-69.800015974
-74.713201344	-69.8010929118
-74.71631791	-69.8013872326
-74.715466209	-69.8024641864
-74.714614415	-69.8035411394
-74.717731387	-69.8038354358
-74.716879658	-69.8049124048
-74.716027836	-69.8059893729
-74.71291055	-69.8056950425
-74.712058478	-69.8067719927
-74.711206314	-69.807848942
-74.708088807	-69.8075545193
-74.707236393	-69.8086314508
-74.706383886	-69.8097083813
-74.705531286	-69.8107853108
-74.702413401	-69.8104907789
-74.701560551	-69.8115676906
-74.698442602	-69.8112730834
-74.697589503	-69.8123499772
-74.696736311	-69.8134268701
-74.69361814	-69.8131321706
-74.692764698	-69.8142090455
-74.691911163	-69.8152859196
-74.688792772	-69.8149911277
-74.685674473	-69.8146962775
-74.684820531	-69.8157731166
-74.681702169	-69.8154781911
-74.680847977	-69.8165550123
-74.67772955	-69.8162600114
-74.676875108	-69.8173368146
-74.676020574	-69.8184136169
-74.672901926	-69.8181185237
-74.672047141	-69.819195308
-74.671192263	-69.8202720915
-74.674311225	-69.8205672188
-74.673456411	-69.8216440183
-74.672601504	-69.8227208169
-74.671746504	-69.8237976145
-74.670891411	-69.8248744112
-74.670036225	-69.825951207
-74.666916478	-69.8256559946
-74.666061041	-69.8267327724
-74.66294123	-69.8264374846
-74.662085543	-69.8275142444
-74.661229763	-69.8285910033
-74.658109732	-69.8282956231
-74.657253701	-69.829372364
-74.654133605	-69.8290769083
-74.653277325	-69.8301536312
-74.650157165	-69.8298581002
-74.647037098	-69.8295625107
-74.643917125	-69.8292668629
-74.64306028	-69.8303435337
-74.639940243	-69.8300478105
-74.6368203	-69.8297520289
-74.635963047	-69.8308286646
-74.63284304	-69.8305328076
-74.631985536	-69.8316094253
-74.628865465	-69.8313134929
-74.628007712	-69.8323900926
-74.624887577	-69.8320940847
-74.624029573	-69.8331706663
-74.623171475	-69.834247247
-74.62005112	-69.8339511466
-74.619192772	-69.8350277092
-74.61833433	-69.8361042708
-74.615213754	-69.8358080779
-74.614355062	-69.8368846214
-74.613496276	-69.837961164
-74.610375479	-69.8376648786
-74.609516443	-69.8387414031
-74.606395582	-69.8384450421
-74.605536295	-69.8395215486
-74.602415372	-69.8392251122
-74.601555834	-69.8403016005
-74.600696202	-69.8413780879
-74.597575058	-69.8410815589
-74.596715175	-69.8421580282
-74.593593968	-69.8418614237
-74.592733834	-69.8429378748
-74.589612563	-69.8426411949
-74.586491386	-69.8423444565
-74.585630845	-69.8434208724
-74.582509604	-69.8431240586
-74.581648812	-69.8442004564
-74.580787926	-69.8452768532
-74.577666465	-69.8449799467
-74.576805328	-69.8460563254
-74.575944098	-69.8471327031
-74.572822416	-69.846835704
-74.571960935	-69.8479120635
-74.567977457	-69.8486913303
-74.567115631	-69.8497676706
-74.563993665	-69.8494705033
-74.563131588	-69.8505468255
-74.562269416	-69.8516231467
-74.559147231	-69.8513258867
-74.558284808	-69.8524021898
-74.557422291	-69.8534784918
-74.554299885	-69.8531811391
-74.553437118	-69.8542574229
-74.552574256	-69.8553337057
-74.54945163	-69.8550362603
-74.548588516	-69.8561125249
-74.545465827	-69.8558150039
-74.542343232	-69.8555174246
-74.54147971	-69.8565936538
-74.540616095	-69.857669882
-74.537493279	-69.8573722099
-74.536629412	-69.8584484199
-74.533506534	-69.8581506722
-74.532642415	-69.859226864
-74.529519474	-69.8589290407
-74.528655104	-69.8600052143
-74.52779064	-69.8610813868
-74.524667478	-69.8607834708
-74.523802763	-69.8618596251
-74.522937953	-69.8629357783
-74.522073049	-69.8640119305
-74.525196682	-69.8643098982
-74.524331841	-69.8653860665
-74.523466905	-69.8664622338
-74.522601875	-69.8675384001
-74.525726074	-69.8678363609
-74.524861108	-69.8689125434
-74.527985559	-69.869210463
-74.527120655	-69.8702866616
-74.530245357	-69.87058454
-74.529380516	-69.8716607547
-74.532505471	-69.8719585919
-74.535630519	-69.8722563707
-74.538755662	-69.872554091
-74.537891199	-69.8736303562
-74.541016594	-69.8739280353
-74.540152194	-69.8750043167
-74.5392877	-69.8760805972
-74.538423111	-69.8771568765
-74.537558429	-69.8782331549
-74.536693651	-69.8793094321
-74.533567469	-69.8790116671
-74.53270244	-69.8800879262
-74.531837317	-69.8811641842
-74.530972099	-69.8822404411
-74.530106786	-69.883316697
-74.529241379	-69.8843929519
-74.528375878	-69.8854692057
-74.527510282	-69.8865454585
-74.524383092	-69.8862475145
-74.523517244	-69.887323749
-74.522651302	-69.8883999824
-74.521785265	-69.8894762148
-74.518657696	-69.8891781607
-74.517791407	-69.8902543748
-74.516925023	-69.8913305878
-74.513797234	-69.8910324408
-74.512930598	-69.8921086355
-74.512063867	-69.8931848292
-74.508935857	-69.8928865892
-74.508068874	-69.8939627646
-74.507201796	-69.895038939
-74.504073566	-69.894740606
-74.503206236	-69.895816762
-74.502338811	-69.8968929169
-74.501471292	-69.8979690708
-74.498342683	-69.8976706276
-74.497474911	-69.8987467631
-74.496607044	-69.8998228976
-74.493478214	-69.8995243614
-74.492610095	-69.9006004775
-74.489481203	-69.9003018655
-74.488612831	-69.9013779634
-74.484615251	-69.9021553551
-74.481486233	-69.9018565915
-74.480617356	-69.9029326526
-74.477488275	-69.9026338133
-74.474359289	-69.9023349155
-74.473490001	-69.903410941
-74.470360952	-69.9031119674
-74.469491413	-69.9041879745
-74.468621778	-69.9052639804
-74.471751142	-69.9055629886
-74.47088157	-69.9066390108
-74.470011903	-69.9077150319
-74.469142141	-69.9087910519
-74.466012303	-69.9084919918
-74.465142289	-69.9095679935
-74.464272179	-69.910643994
-74.46114212	-69.9103448408
-74.460271758	-69.9114208229
-74.457141637	-69.911121594
-74.456271021	-69.9121975577
-74.455400311	-69.9132735203
-74.452269969	-69.9129741982
-74.451399005	-69.9140501424
-74.450527947	-69.9151260855
-74.449656792	-69.9162020274
-74.448785543	-69.9172779683
-74.445654666	-69.9169785184
-74.444783164	-69.9180544408
-74.441652224	-69.9177549151
-74.440780468	-69.9188308191
-74.439908617	-69.919906722
-74.439036671	-69.9209826237
-74.435905353	-69.9206829875
-74.435033154	-69.9217588708
-74.434160859	-69.922834753
-74.433288469	-69.923910634
-74.432415984	-69.924986514
-74.435547934	-69.9252862196
-74.434675511	-69.9263621157
-74.433802993	-69.9274380108
-74.430670727	-69.9271382705
-74.429797956	-69.9282141471
-74.428925089	-69.9292900225
-74.425792603	-69.928990189
-74.424919483	-69.9300660459
-74.424046267	-69.9311419018
-74.42091356	-69.930841975
-74.420040091	-69.9319178123
-74.416907322	-69.9316178096
-74.416033599	-69.9326936284
-74.412900768	-69.9323935498
-74.412026791	-69.9334693501
-74.408893898	-69.9331691956
-74.408019668	-69.9342449774
-74.411152719	-69.9345451493
-74.410278552	-69.9356209474
-74.413411857	-69.9359210782
-74.415671311	-69.937296982
-74.414797268	-69.9383728125
-74.417931081	-69.9386728609
-74.417057101	-69.9397487077
-74.416183025	-69.9408245533
-74.415308853	-69.9419003978
-74.414434586	-69.9429762411
-74.413560223	-69.9440520833
-74.416694922	-69.94435216
-74.415820622	-69.9454280184
-74.414946226	-69.9465038757
-74.414071734	-69.9475797319
-74.413197147	-69.9486555869
-74.412322464	-69.9497314407
-74.409186974	-69.9494312772
-74.408312037	-69.9505071125
-74.407437004	-69.9515829467
-74.41057281	-69.951883145
-74.40969784	-69.9529589955
-74.408822774	-69.9540348447
-74.411958993	-69.9543350192
-74.411083989	-69.9554108847
-74.410208889	-69.9564867491
-74.409333694	-69.9575626123
-74.406197001	-69.9572623857
-74.405321551	-69.9583382304
-74.404446006	-69.9594140739
