> -L"antarctic_islands_coastlines"
4.51645037282	-70.2419507422
4.5337040663	-70.2448530045
4.53396531536	-70.2459674137
4.53726000356	-70.2458790109
4.53752147093	-70.246993418
4.53778296838	-70.2481078283
4.54107800307	-70.2480193507
4.54133971891	-70.2491337588
4.54489684607	-70.2501596178
4.54515881048	-70.251274027
4.54845434991	-70.2511854051
4.54871653281	-70.2522998121
4.54897874588	-70.2534142224
4.55227463189	-70.2533255257
4.55253706354	-70.2544399338
4.55609575801	-70.2554655735
4.55635843849	-70.2565799827
4.55662114919	-70.2576943951
4.55688389013	-70.2588088107
4.55714666131	-70.2599232295
4.55740946273	-70.2610376516
4.56096962774	-70.2620632087
4.56123267823	-70.2631776318
4.56149575899	-70.2642920582
4.56175887004	-70.2654064877
4.56202201138	-70.2665209205
4.56228518302	-70.2676353565
4.56254838495	-70.2687497957
4.56584681969	-70.268660831
4.56611024062	-70.269775268
4.56637369189	-70.2708897082
4.56967247368	-70.2708006685
4.56993614401	-70.2719151066
4.5701998447	-70.2730295478
4.57376289342	-70.2740548722
4.57402684364	-70.2751693144
4.57429082426	-70.2762837599
4.5775904891	-70.2761945648
4.57785468895	-70.2773090081
4.57811891923	-70.2784234546
4.57838317995	-70.2795379043
4.57864747112	-70.2806523572
4.57891179273	-70.2817668133
4.57917614481	-70.2828812726
4.57944052734	-70.2839957352
4.57970494033	-70.2851102009
4.5799693838	-70.2862246699
4.58023385774	-70.2873391421
4.58353538128	-70.2872498285
4.58380007474	-70.2883642985
4.5840647987	-70.2894787717
4.58432955318	-70.290593248
4.58459433817	-70.2917077276
4.58485915369	-70.2928222104
4.58512399974	-70.2939366965
4.58538887632	-70.2950511857
4.58565378344	-70.2961656781
4.58591872111	-70.2972801738
4.58618368932	-70.2983946726
4.5864486881	-70.2995091747
4.5897522616	-70.299419737
4.59001748019	-70.3005342369
4.59028272937	-70.3016487399
4.59054800915	-70.3027632461
4.59081331952	-70.3038777556
4.5910786605	-70.3049922682
4.59134403208	-70.3061067841
4.59160943428	-70.3072213032
4.59491430245	-70.3071317631
4.59517992468	-70.3082462799
4.59848495161	-70.3081566701
4.5987507939	-70.3092711847
4.60205597959	-70.3091815052
4.602322042	-70.3102960175
4.6025881351	-70.311410533
4.60285425892	-70.3125250517
4.60312041344	-70.3136395736
4.60338659868	-70.3147540987
4.60365281464	-70.315868627
4.60695910657	-70.3157788504
4.60722554282	-70.3168933765
4.60749200982	-70.3180079057
4.60775850759	-70.3191224382
4.60802503611	-70.3202369738
4.60829159541	-70.3213515127
4.60855818548	-70.3224660547
4.60882480633	-70.3235806
4.60909145797	-70.3246951484
4.60935814039	-70.3258097001
4.60962485362	-70.3269242549
4.60989159764	-70.328038813
4.60658321931	-70.3281286498
4.60684980434	-70.3292432166
4.60711642016	-70.3303577865
4.60738306677	-70.3314723596
4.60764974418	-70.3325869359
4.6079164524	-70.3337015155
4.60460709404	-70.3337913154
4.60487364315	-70.3349059036
4.60514022306	-70.336020495
4.60540683377	-70.3371350896
4.60567347529	-70.3382496874
4.60594014761	-70.3393642884
4.60620685075	-70.3404788925
4.60647358472	-70.3415934999
4.60674034951	-70.3427081105
4.60700714513	-70.3438227243
4.60727397159	-70.3449373413
4.6075408289	-70.3460519615
4.60780771705	-70.3471665848
4.60807463606	-70.3482812114
4.60834158592	-70.3493958412
4.60860856665	-70.3505104741
4.60887557825	-70.3516251103
4.60914262072	-70.3527397496
4.60940969408	-70.3538543922
4.60967679832	-70.3549690379
4.60994393345	-70.3560836868
4.61021109948	-70.357198339
4.61047829641	-70.3583129943
4.61074552424	-70.3594276528
4.61101278299	-70.3605423145
4.61128007266	-70.3616569794
4.61154739325	-70.3627716475
4.60850022013	-70.3639762023
4.60876741207	-70.3650908823
4.60903463494	-70.3662055654
4.60598676157	-70.3674100873
4.6062538557	-70.3685247824
4.60652098075	-70.3696394806
4.60678813671	-70.370754182
4.6070553236	-70.3718688866
4.60732254142	-70.3729835944
4.60400643022	-70.3730733929
4.60427348828	-70.3741881094
4.60454057725	-70.375302829
4.60480769714	-70.3764175519
4.60507484797	-70.3775322779
4.60534202972	-70.3786470072
4.60560924242	-70.3797617396
4.60587648605	-70.3808764752
4.60614376064	-70.381991214
4.60641106618	-70.383105956
4.60667840268	-70.3842207012
4.60694577014	-70.3853354496
4.60362752917	-70.385425244
4.60389473666	-70.386540001
4.60416197512	-70.3876547612
4.60442924453	-70.3887695247
4.6046965449	-70.3898842913
4.60496387625	-70.3909990611
4.60523123857	-70.3921138341
4.60549863187	-70.3932286103
4.60576605616	-70.3943433896
4.60603351144	-70.3954581722
4.60630099772	-70.3965729579
4.606568515	-70.3976877469
4.60683606329	-70.398802539
4.60710364259	-70.3999173343
4.6073712529	-70.4010321328
4.60763889425	-70.4021469344
4.60790656662	-70.4032617393
4.60817427002	-70.4043765473
4.60844200447	-70.4054913586
4.60870976996	-70.406606173
4.6089775665	-70.4077209906
4.6092453941	-70.4088358113
4.60951325276	-70.4099506353
4.60978114249	-70.4110654625
4.61004906329	-70.4121802928
4.61031701516	-70.4132951263
4.61058499812	-70.414409963
4.61085301217	-70.4155248029
4.61112105732	-70.4166396459
4.61138913356	-70.4177544922
4.6116572409	-70.4188693416
4.61192537936	-70.4199841942
4.61219354893	-70.42109905
4.61246174962	-70.4222139089
4.61272998144	-70.4233287711
4.61299824439	-70.4244436364
4.61326653848	-70.4255585049
4.61353486371	-70.4266733766
4.61380322009	-70.4277882515
4.61407160762	-70.4289031295
4.61434002631	-70.4300180107
4.61460847617	-70.4311328951
4.61487695719	-70.4322477827
4.61514546939	-70.4333626735
4.61181896717	-70.4334526398
4.61208731867	-70.4345675393
4.61235570132	-70.4356824419
4.61262411515	-70.4367973477
4.61289256016	-70.4379122567
4.60983354329	-70.4391170981
4.60677414243	-70.440321889
4.60704229694	-70.4414368185
4.6073104826	-70.4425517512
4.60425037589	-70.4437565089
4.60451843177	-70.4448714535
4.60118988499	-70.444961216
4.6014577799	-70.4460761693
4.60172570593	-70.4471911257
4.59839674374	-70.4472808346
4.59866450873	-70.4483957997
4.59560292715	-70.449600423
4.59587056217	-70.4507154
4.59280843501	-70.4519199814
4.59307593996	-70.4530349703
4.59001326707	-70.4542395097
4.59028064189	-70.4553545104
4.59054804781	-70.4564695143
4.5872174231	-70.456559008
4.58748466773	-70.4576740205
4.58775194343	-70.4587890362
4.58442090287	-70.4588784761
4.58468801723	-70.4599935004
4.58135675318	-70.460082881
4.58162370615	-70.461197914
4.58189069017	-70.4623129502
4.57855901015	-70.4624022769
4.57549392916	-70.4636065892
4.57242846312	-70.4648108507
4.569362612	-70.4660150616
4.56603023036	-70.4661041454
4.56296377053	-70.4673082462
4.56322975424	-70.4684233311
4.55989692548	-70.4685122962
4.5601627475	-70.4696273898
4.55682969517	-70.4697162956
4.55709535544	-70.4708313978
4.55376207953	-70.4709202441
4.55042877273	-70.4710090256
4.54736054813	-70.472212864
4.54762569205	-70.4733279889
4.54429193808	-70.4734166516
4.5445569201	-70.4745317852
4.54122294254	-70.4746203884
4.53788893415	-70.4747089268
4.53815356143	-70.4758240744
4.53481932946	-70.4759125534
4.5314850667	-70.4760009674
4.53174933914	-70.4771161291
4.5284148528	-70.4772044837
4.52867896314	-70.4783196541
4.5253442532	-70.4784079492
4.52560820141	-70.4795231281
4.52227326786	-70.4796113638
4.52253705389	-70.4807265514
4.51920189673	-70.4808147276
4.51946552053	-70.4819299237
4.51639360127	-70.4831332452
4.51665709349	-70.4842484531
4.51332129606	-70.4843365158
4.51358462595	-70.4854517323
4.51024860484	-70.4855397355
4.51051177236	-70.4866549606
4.50717552756	-70.4867429042
4.50743853266	-70.4878581379
4.50129089471	-70.4902643399
4.49821649636	-70.4914673644
4.49847904452	-70.4925826271
4.49514171168	-70.492670338
4.49540409722	-70.4937856092
4.49206654062	-70.4938732606
4.4923287635	-70.4949885404
4.48899098312	-70.4950761323
4.4892530433	-70.4961914206
4.48591503912	-70.4962789529
4.48617693656	-70.4973942499
4.48283870858	-70.4974817225
4.47976199143	-70.4986844412
4.47642350916	-70.4987717893
4.47668488763	-70.4998871088
4.47334618155	-70.4999743973
4.47000744503	-70.5000616209
4.46692950689	-70.5012641182
4.46359051617	-70.5013512172
4.46385118197	-70.5024665645
4.46051196745	-70.5025536038
4.45717272257	-70.5026405782
4.45743303188	-70.5037559394
4.45409356321	-70.5038428541
4.45075406422	-70.5039297039
4.44741453493	-70.5040164886
4.4443345411	-70.5052185941
4.44099475779	-70.5053052542
4.43765494423	-70.5053918494
4.43431510046	-70.5054783795
4.43123404841	-70.5066802548
4.42789395073	-70.5067666603
4.4245538229	-70.5068530007
4.42121366494	-70.5069392761
4.41787347686	-70.5070254866
4.41761542911	-70.5059100551
4.4142754045	-70.5059961952
4.41093534983	-70.5060822703
4.40759526512	-70.5061682805
4.40425515039	-70.5062542256
4.39757483098	-70.5064259208
4.39423462633	-70.5065116709
4.38755412729	-70.5066829761
4.38087350871	-70.5068540212
4.37393726944	-70.5059093094
4.37059704937	-70.5059945992
4.36725679954	-70.5060798239
4.36366162916	-70.5050494743
4.36032151346	-70.5051345638
4.36006684594	-70.5040190525
4.35672689412	-70.5041040717
4.35338691263	-70.504189026
4.35313266192	-70.5030735074
4.34979284435	-70.5031583914
4.34645299717	-70.5032432104
4.34311312039	-70.5033279644
4.33977321403	-70.5034126535
4.33951976716	-70.5022971172
4.33618002482	-70.502381736
4.33284025296	-70.5024662898
4.3295004516	-70.5025507786
4.32616062076	-70.5026352024
4.32282076046	-70.5027195611
4.32256831089	-70.5016040021
4.31922861473	-70.5016882907
4.31588888916	-70.5017725143
4.31254913421	-70.5018566729
4.3092093499	-70.5019407664
4.30895770396	-70.5008251899
4.30227843448	-70.5009931717
4.29893875579	-70.5010770651
4.29868771983	-70.4999614763
4.29534820543	-70.5000452995
4.2920086618	-70.5001290577
4.29175804217	-70.4990134619
4.28841866287	-70.4990971499
4.28507925437	-70.499180773
4.28482905101	-70.4980651701
4.28148980688	-70.498148723
4.27815053361	-70.4982322109
4.27790074644	-70.4971166009
4.27456163757	-70.4972000187
4.27431207301	-70.4960844068
4.27097312855	-70.4961677545
4.27072378656	-70.4950521407
4.26738500653	-70.4951354183
4.26713588706	-70.4940198026
4.26379727146	-70.4941030101
4.26354837447	-70.4929873925
4.26020992332	-70.4930705299
4.25996124876	-70.4919549104
4.25662296206	-70.4920379777
4.25637450989	-70.4909223564
4.25303638766	-70.4910053536
4.24945020007	-70.4899726575
4.24920219254	-70.4888570324
4.24586439927	-70.4889398895
4.24227898522	-70.4879070495
4.24203142215	-70.4867914208
4.23844661698	-70.4857585071
4.2381993049	-70.4846428797
4.23486219845	-70.4847255215
4.23461510846	-70.4836098923
4.23127816651	-70.4836924641
4.23103129857	-70.482576833
4.22744787521	-70.4815437019
4.227201258	-70.4804280722
4.22386483833	-70.4805104989
4.22361844305	-70.4793948674
4.22028218791	-70.4794772241
4.22003601452	-70.4783615908
4.21645397236	-70.4773282423
4.21311804629	-70.477410459
4.21287231654	-70.4762948221
4.20929104703	-70.47526133
4.20571016379	-70.4742277662
4.20212966678	-70.4731941306
4.20188463069	-70.4720784916
4.19805995549	-70.4699291449
4.19781519799	-70.4688135105
4.19399163037	-70.4666640933
4.19374715128	-70.4655484636
4.19350270064	-70.4644328373
4.19016892003	-70.464514604
4.18992469076	-70.4633989758
4.18968048991	-70.4622833509
4.18943631747	-70.4611677293
4.18610308716	-70.4612494161
4.18585913599	-70.4601337927
4.1856152132	-70.4590181725
4.18228234022	-70.4590997844
4.18203863863	-70.4579841624
4.18179496539	-70.4568685438
4.17846244968	-70.4569500808
4.17821899757	-70.4558344603
4.17464341531	-70.4548003053
4.17440021257	-70.4536846864
4.17082523683	-70.452650458
4.17058228336	-70.4515348406
4.167007914	-70.4505005389
4.1667652097	-70.449384923
4.16652253362	-70.4482693104
4.16627988575	-70.447153701
4.16603726609	-70.4460380949
4.16579467464	-70.4449224921
4.16555211139	-70.4438068925
4.1619794522	-70.4427725088
4.16173713786	-70.4416569108
4.16149485168	-70.440541316
4.15792301884	-70.4395068574
4.15768098143	-70.4383912641
4.15743897214	-70.4372756742
4.15410975409	-70.4373567323
4.15386796534	-70.4362411406
4.15362620469	-70.4351255522
4.15029734335	-70.4352065356
4.15005580317	-70.4340909455
4.14981429104	-70.4329753586
4.14648578638	-70.4330562673
4.14624449465	-70.4319406787
4.14600323095	-70.4308250934
4.14576199528	-70.4297095114
4.14552078763	-70.4285939326
4.14219302416	-70.4286747567
4.14195203678	-70.4275591762
4.14171107739	-70.426443599
4.14147014599	-70.425328025
4.14122924256	-70.4242124544
4.14098836712	-70.4230968869
4.13742088139	-70.4220620524
4.137180254	-70.4209464866
4.13693965455	-70.419830924
4.13669908304	-70.4187153647
4.13337299316	-70.4187960148
4.13313264164	-70.4176804538
4.13289231802	-70.4165648961
4.1326520223	-70.4154493417
4.12932648066	-70.4155299122
4.12908640483	-70.4144143561
4.12884635687	-70.4132988032
4.12552117135	-70.4133792991
4.12528134321	-70.4122637446
4.12504154291	-70.4111481934
4.12480177043	-70.4100326455
4.12147713291	-70.4101130619
4.12123758016	-70.4089975123
4.12099805521	-70.4078819659
4.12075855805	-70.4067664229
4.12051908868	-70.4056508831
4.12027964709	-70.4045353466
4.12004023328	-70.4034198133
4.11980084724	-70.4023042834
4.11956148897	-70.4011887567
4.11932215847	-70.4000732333
4.11908285572	-70.3989577131
4.11576010847	-70.3990380156
4.11552102516	-70.3979224938
4.11528196959	-70.3968069753
4.11504294173	-70.3956914601
4.11480394159	-70.3945759481
4.11124315241	-70.3935406527
4.11100439928	-70.3924251424
4.11076567382	-70.3913096353
4.11052697604	-70.3901941316
4.1072057063	-70.3902742655
4.10696722771	-70.3891587601
4.10672877676	-70.388043258
4.10649035346	-70.3869277591
4.10625195779	-70.3858122636
4.10293142636	-70.3858923132
4.10269324976	-70.3847768161
4.10245510076	-70.3836613222
4.10221697936	-70.3825458316
4.09865909216	-70.3815103097
4.0984212173	-70.3803948207
4.09818337	-70.3792793351
4.09462630329	-70.3782437388
4.0943887024	-70.3771282549
4.09415112903	-70.3760127742
4.09391358318	-70.3748972968
4.09059488252	-70.3749771036
4.09035755542	-70.3738616246
4.09012025581	-70.3727461489
4.08988298368	-70.3716306765
4.08656482917	-70.3717104041
4.08632777569	-70.3705949301
4.08609074967	-70.3694794594
4.0858537511	-70.3683639919
4.08561677997	-70.3672485277
4.08537983629	-70.3661330668
4.08206260997	-70.3662127056
4.08182588479	-70.3650972431
4.08158918701	-70.3639817839
4.08135251663	-70.362866328
4.08111587366	-70.3617508754
4.08087925807	-70.3606354261
4.08064266988	-70.3595199801
4.08040610907	-70.3584045373
4.07709019238	-70.3584840775
4.07685384987	-70.3573686332
4.07661753471	-70.3562531921
4.07638124689	-70.3551377544
4.07614498643	-70.35402232
4.07282980593	-70.3541017761
4.07259376364	-70.3529863401
4.07235774866	-70.3518709074
4.07212176098	-70.350755478
4.07188580061	-70.3496400518
4.06833561371	-70.3486039964
4.06809989866	-70.347488572
4.06786421087	-70.3463731509
4.06762855035	-70.3452577331
4.06739291709	-70.3441423186
4.06715731108	-70.3430269073
4.06384398343	-70.343106186
4.06360859529	-70.3419907732
4.06337323438	-70.3408753638
4.06313790068	-70.3397599576
4.06290259419	-70.3386445547
4.0626673149	-70.3375291551
4.06243206283	-70.3364137588
4.06219683794	-70.3352983658
4.06196164026	-70.3341829761
4.06172646976	-70.3330675897
4.06149132644	-70.3319522066
4.0612562103	-70.3308368267
4.06102112134	-70.3297214502
4.06078605954	-70.328606077
4.06055102491	-70.3274907071
4.05724033689	-70.3275698536
4.05700551974	-70.3264544821
4.05677072973	-70.325339114
4.05653596685	-70.3242237491
4.05630123109	-70.3231083876
4.05606652245	-70.3219930293
4.05583184093	-70.3208776743
4.05252226742	-70.3209567275
4.05228780321	-70.319841371
4.05205336608	-70.3187260178
4.05181895603	-70.3176106679
4.05158457305	-70.3164953213
4.05135021714	-70.3153799781
4.0511158883	-70.3142646381
4.0478074286	-70.3143435979
4.04757331689	-70.3132282564
4.04733923222	-70.3121129182
4.04710517457	-70.3109975833
4.04687114395	-70.3098822518
4.04663714035	-70.3087669235
4.04640316377	-70.3076515985
4.04616921419	-70.3065362768
4.04593529162	-70.3054209585
4.04570139606	-70.3043056434
4.04546752748	-70.3031903316
4.04877408743	-70.3031114199
4.04854005599	-70.3019961163
4.04830605156	-70.300880816
4.04807207414	-70.2997655189
4.05137803758	-70.2996865573
4.05114389737	-70.2985712684
4.05090978417	-70.2974559828
4.05067569799	-70.2963407005
4.05398106512	-70.296261689
4.05374681623	-70.2951464148
4.05351259436	-70.2940311439
4.05327839951	-70.2929158764
4.05304423168	-70.2918006121
4.05281009086	-70.2906853511
4.05257597704	-70.2895700935
4.05234189022	-70.2884548391
4.0521078304	-70.2873395881
4.05187379757	-70.2862243403
4.05163979173	-70.2851090959
4.05140581287	-70.2839938548
4.05117186099	-70.2828786169
4.05447492597	-70.2827995989
4.05424081161	-70.2816843692
4.05754366015	-70.2816052918
4.05730938335	-70.2804900702
4.06061201546	-70.2804109333
4.06037757627	-70.2792957198
4.06367999195	-70.2792165234
4.06698238059	-70.2791372628
4.06674758968	-70.2780220623
4.07004976188	-70.2779427423
4.06981480869	-70.2768275499
4.07311676447	-70.2767481704
4.07641869316	-70.2766687267
4.07618338841	-70.2755535473
4.07948510067	-70.2754740442
4.08255112959	-70.2742793104
4.08585259826	-70.2741996837
4.08561677997	-70.2730845254
4.08891803222	-70.2730048393
4.09221925728	-70.2729250889
4.09198308771	-70.2718099436
4.09528409633	-70.2717301339
4.09834855696	-70.2705351276
4.09811206346	-70.2694199987
4.10141263924	-70.2693400702
4.10447634321	-70.2681449617
4.10777667529	-70.2680649096
4.10753966892	-70.2669498019
4.11083978459	-70.2668696905
4.1139025157	-70.2656744203
4.11720238763	-70.2655941853
4.11696486867	-70.2644790989
4.12026452418	-70.2643988046
4.12002684355	-70.2632837263
4.12332628266	-70.2632033728
4.12638766311	-70.2620078898
4.12968685841	-70.2619274128
4.12944866559	-70.2608123558
4.13274764449	-70.2607318195
4.13604659594	-70.260651219
4.13934551993	-70.2605705543
4.14264441642	-70.2604898254
4.14594328539	-70.2604090323
4.14924212683	-70.2603281751
4.15254094071	-70.2602472537
4.15583972702	-70.2601662681
4.15913848572	-70.2600852183
4.16243721681	-70.2600041043
4.16573592025	-70.2599229262
4.16903459602	-70.2598416839
4.17233324411	-70.2597603774
4.17563186449	-70.2596790068
4.17893045714	-70.259597572
4.18222902204	-70.259516073
4.18198783406	-70.2584010981
4.18528618232	-70.2583195399
4.18858450279	-70.2582379176
4.19188279545	-70.258156231
4.19518106027	-70.2580744803
4.19847929725	-70.2579926655
4.19823719283	-70.2568777188
4.20153521311	-70.2567958447
4.20483320549	-70.2567139065
4.20813116995	-70.2566319042
4.21142910649	-70.2565498377
4.21472701506	-70.256467707
4.21448399455	-70.2553527885
4.21778168637	-70.2552705987
4.22107935019	-70.2551883447
4.224376986	-70.2551060266
4.22767459377	-70.2550236443
4.23097217349	-70.2549411979
4.23426972512	-70.2548586874
4.23756724865	-70.2547761127
4.24086474406	-70.2546934738
4.24416221132	-70.2546107708
4.24745965041	-70.2545280037
4.25075706132	-70.2544451724
4.25405444402	-70.254362277
4.25735179849	-70.2542793175
4.26064912471	-70.2541962938
4.26394642265	-70.2541132059
4.2672436923	-70.254030054
4.27054093363	-70.2539468378
4.27383814662	-70.2538635576
4.27713533125	-70.2537802132
4.27688875313	-70.2526653936
4.28018572072	-70.2525819902
4.28348265991	-70.2524985226
4.28653245501	-70.2513001898
4.28982914871	-70.2512165991
4.29312581395	-70.2511329442
4.29642245071	-70.2510492253
4.29617479767	-70.2499344427
4.29947121734	-70.2498506647
4.3027676085	-70.2497668226
4.30606397111	-70.2496829163
4.30936030517	-70.249598946
4.31265661064	-70.2495149115
4.31595288751	-70.2494308129
4.31570413161	-70.2483160642
4.31900019131	-70.2482319067
4.32229622238	-70.248147685
4.32559222478	-70.2480633992
4.3288881985	-70.2479790493
4.33218414352	-70.2478946353
4.33548005981	-70.2478101572
4.33877594735	-70.247725615
4.34207180612	-70.2476410087
4.3453676361	-70.2475563383
4.34511721231	-70.246441639
4.348412825	-70.2463569097
4.35170840887	-70.2462721162
4.35500396388	-70.2461872587
4.35829949003	-70.246102337
4.36134365006	-70.2449026811
4.36463892997	-70.2448176365
4.36793418094	-70.2447325277
4.37122940297	-70.2446473549
4.37452459602	-70.244562118
4.37781976008	-70.244476817
4.38111489512	-70.2443914519
4.38441000112	-70.2443060227
4.38770507807	-70.2442205295
4.39100012593	-70.2441349722
4.39429514469	-70.2440493508
4.39759013433	-70.2439636653
4.40088509483	-70.2438779157
4.40418002616	-70.2437921021
4.4074749283	-70.2437062244
4.41102396438	-70.2447348748
4.41431899644	-70.2446488637
4.41761399924	-70.2445627886
4.42445886285	-70.2455050206
4.42775396611	-70.2454187479
4.43104904003	-70.2453324112
4.43459962488	-70.2463605725
4.43789482839	-70.2462741024
4.44119000249	-70.2461875682
4.44448514716	-70.2461009699
4.44778026236	-70.2460143076
4.45107534808	-70.2459275811
4.4543704043	-70.2458407906
4.457665431	-70.2457539361
4.46096042815	-70.2456670174
4.46425539573	-70.2455800347
4.46755033373	-70.2454929879
4.47084524212	-70.245405877
4.47414012087	-70.2453187021
4.47743496998	-70.2452314631
4.48072978941	-70.24514416
4.48402457915	-70.2450567929
4.48731933917	-70.2449693617
4.49061406945	-70.2448818664
4.49390876997	-70.2447943071
4.49364983991	-70.2436798402
4.49694432238	-70.2435922221
4.50023877506	-70.24350454
4.49997949828	-70.242390087
4.5032737329	-70.2423023462
4.50656793768	-70.2422145412
4.50986211261	-70.2421266723
4.51315625767	-70.2420387393
4.51645037282	-70.2419507422
