> -L"antarctic_islands_coastlines"
-59.723113362	-62.4472227062
-59.723617432	-62.4511372258
-59.722433482	-62.4520765036
-59.724461506	-62.4526248618
-59.723277519	-62.4535641534
-59.725305674	-62.4541125011
-59.724121651	-62.4550518066
-59.726149937	-62.4556001439
-59.724965877	-62.4565394632
-59.726994294	-62.45708779
-59.729022795	-62.4576360847
-59.731051379	-62.4581843474
-59.733080048	-62.4587325781
-59.7351088	-62.4592807768
-59.737137636	-62.4598289434
-59.738321411	-62.4588894948
-59.740350284	-62.4594376079
-59.74237924	-62.459985689
-59.741195559	-62.4609251806
-59.743224647	-62.4614732512
-59.745253818	-62.4620212897
-59.744070149	-62.4629608167
-59.746099452	-62.4635088447
-59.748128838	-62.4640568407
-59.74694518	-62.4649964031
-59.748974698	-62.4655443886
-59.751004299	-62.4660923421
-59.753033985	-62.4666402635
-59.751850385	-62.4675798828
-59.753880202	-62.4681277937
-59.755910102	-62.4686756725
-59.754726513	-62.4696153272
-59.756756545	-62.4701631955
-59.75557292	-62.4711028641
-59.757603083	-62.4716507219
-59.756419422	-62.4725904044
-59.758449717	-62.4731382516
-59.757266018	-62.474077948
-59.759296445	-62.4746257847
-59.75811271	-62.4755654949
-59.760143268	-62.4761133211
-59.758959497	-62.4770530451
-59.760990186	-62.4776008608
-59.759806379	-62.4785405987
-59.761837199	-62.4790884039
-59.760653355	-62.4800281556
-59.762684307	-62.4805759502
-59.764715343	-62.4811237128
-59.766746463	-62.4816714432
-59.767930164	-62.4807316269
-59.76996132	-62.4812793037
-59.771144889	-62.4803394581
-59.772328375	-62.4793996049
-59.77435952	-62.4799472066
-59.776390748	-62.4804947762
-59.777574055	-62.4795548722
-59.77960532	-62.4801023882
-59.778422061	-62.4810423137
-59.780453458	-62.4815898191
-59.779270162	-62.4825297585
-59.781301691	-62.4830772534
-59.780118359	-62.4840172067
-59.778934943	-62.4849571523
-59.777751444	-62.4858970902
-59.77656786	-62.4868370205
-59.775384193	-62.4877769431
-59.774200441	-62.488716858
-59.770984745	-62.4891091196
-59.769800778	-62.4900489977
-59.768616727	-62.490988868
-59.766584855	-62.4904411472
-59.765400672	-62.4913809883
-59.764216406	-62.4923208218
-59.762184522	-62.4917730258
-59.761000124	-62.49271283
-59.759815642	-62.4936526265
-59.757783747	-62.4931047553
-59.756599134	-62.4940445226
-59.755414436	-62.4949842822
-59.75338253	-62.4944363358
-59.752197701	-62.4953760662
-59.750165831	-62.4948280661
-59.748980871	-62.4957677673
-59.747795826	-62.4967074607
-59.745763945	-62.4961593854
-59.744578769	-62.4970990496
-59.742546925	-62.4965509207
-59.740515165	-62.4960027597
-59.73932981	-62.4969423731
-59.737298086	-62.4963941584
-59.735266447	-62.4958459117
-59.734080912	-62.4967854743
-59.732895294	-62.4977250291
-59.734927028	-62.4982733189
-59.733741372	-62.4992128876
-59.732555633	-62.5001524485
-59.731369809	-62.5010920018
-59.730183902	-62.5020315473
-59.72899791	-62.5029710851
-59.727811834	-62.5039106152
-59.726625674	-62.5048501376
-59.72543943	-62.5057896523
-59.723407316	-62.5052411899
-59.72222094	-62.5061806752
-59.72103448	-62.5071201529
-59.719002355	-62.5065716153
-59.717815763	-62.5075110636
-59.715783675	-62.5069624723
-59.714596951	-62.5079018914
-59.713410144	-62.5088413027
-59.711378044	-62.5082926362
-59.710191105	-62.5092320182
-59.708159043	-62.508683298
-59.706127064	-62.5081345457
-59.704939946	-62.5090738768
-59.702908004	-62.5085250709
-59.701720754	-62.5094643727
-59.699688849	-62.5089155131
-59.697657029	-62.5083666215
-59.698844373	-62.5074273629
-59.696812684	-62.5068784608
-59.69478108	-62.5063295266
-59.692749559	-62.5057805603
-59.693936962	-62.5048413588
-59.695124281	-62.5039021494
-59.693092939	-62.5033531943
-59.694280221	-62.5024139988
-59.695467419	-62.5014747956
-59.696654533	-62.5005355847
-59.694623417	-62.4999866622
-59.692592386	-62.4994377078
-59.69056144	-62.4988887212
-59.689374184	-62.4998278674
-59.688186844	-62.5007670059
-59.686155886	-62.5002179441
-59.684125013	-62.4996688504
-59.682937494	-62.5006079379
-59.680906657	-62.5000587905
-59.678875905	-62.499509611
-59.676845237	-62.4989603995
-59.674814653	-62.498411156
-59.673626861	-62.4993501494
-59.671596313	-62.4988008522
-59.669565851	-62.498251523
-59.670753738	-62.4973125728
-59.668723406	-62.4967632331
-59.669911257	-62.4958242967
-59.667881057	-62.4952749466
-59.66906887	-62.4943360241
-59.667038802	-62.4937866636
-59.668226579	-62.4928477548
-59.669414271	-62.4919088383
-59.667384382	-62.491359489
-59.668572037	-62.4904205863
-59.666542279	-62.4898712265
-59.667729898	-62.4889323377
-59.665700271	-62.4883829675
-59.666887853	-62.4874440925
-59.664858358	-62.4868947119
-59.666045903	-62.4859558507
-59.667233364	-62.4850169818
-59.665204047	-62.4844676123
-59.663174814	-62.4839182108
-59.664362286	-62.4829793773
-59.662333185	-62.4824299654
-59.663520619	-62.4814911457
-59.661491649	-62.4809417234
-59.662679047	-62.4800029176
-59.664707969	-62.4805523183
-59.665895236	-62.4796134832
-59.667082418	-62.4786746402
-59.66505359	-62.4781252827
-59.666240735	-62.4771864536
-59.664212038	-62.4766370856
-59.662183426	-62.4760876856
-59.663370581	-62.4751488919
-59.6613421	-62.4745994815
-59.662529219	-62.4736607016
-59.660500869	-62.4731112808
-59.661687951	-62.4721725148
-59.659659732	-62.4716230836
-59.660846777	-62.4706843314
-59.658818689	-62.4701348898
-59.656790686	-62.4695854161
-59.653575579	-62.469974598
-59.651547697	-62.4694250388
-59.649519898	-62.4688754477
-59.647492183	-62.4683258246
-59.646304771	-62.4692644395
-59.644277093	-62.4687147629
-59.643089549	-62.4696533485
-59.641061908	-62.4691036183
-59.639874234	-62.4700421746
-59.63784663	-62.4694923908
-59.636658824	-62.4704309178
-59.635470934	-62.4713694369
-59.63344332	-62.470819578
-59.632255299	-62.4717580678
-59.630227721	-62.4712081554
-59.629039569	-62.4721466158
-59.627012029	-62.4715966498
-59.625823745	-62.4725350809
-59.623796242	-62.4719850614
-59.622607827	-62.4729234631
-59.620580361	-62.47237339
-59.619391815	-62.4733117623
-59.618203185	-62.4742501269
-59.61701447	-62.4751884837
-59.615825672	-62.4761268327
-59.614636789	-62.4770651739
-59.612609172	-62.4765149609
-59.611420158	-62.4774532727
-59.61023106	-62.4783915768
-59.608203433	-62.4778412886
-59.607014204	-62.4787795632
-59.60582489	-62.4797178301
-59.604635493	-62.4806560891
-59.603446011	-62.4815943404
-59.602256445	-62.4825325839
-59.600228666	-62.4819821557
-59.599038969	-62.4829203698
-59.597849188	-62.483858576
-59.595821399	-62.4833080726
-59.593793695	-62.4827575373
-59.592603735	-62.4836956925
-59.590576068	-62.4831451036
-59.589385977	-62.4840832295
-59.588195802	-62.4850213475
-59.587005542	-62.4859594577
-59.585815198	-62.48689756
-59.58462477	-62.4878356546
-59.583434258	-62.4887737414
-59.582243662	-62.4897118203
-59.580215749	-62.4891610481
-59.579025022	-62.4900990976
-59.577834209	-62.4910371393
-59.576643313	-62.4919751731
-59.575452332	-62.4929131992
-59.573424316	-62.4923623085
-59.572233204	-62.4933003051
-59.571042008	-62.4942382939
-59.569013982	-62.493687328
-59.567822654	-62.4946252873
-59.565794666	-62.4940742679
-59.564603207	-62.4950121977
-59.562575256	-62.4944611247
-59.561383665	-62.495399025
-59.56019199	-62.4963369175
-59.55816403	-62.4957857693
-59.556972223	-62.4967236324
-59.555780333	-62.4976614876
-59.554588358	-62.4985993349
-59.553396299	-62.4995371744
-59.552204155	-62.5004750061
-59.554232351	-62.5010262625
-59.553040169	-62.501964108
-59.555068496	-62.5025153541
-59.557096908	-62.5030665683
-59.559125404	-62.5036177505
-59.560317444	-62.5026798401
-59.5615094	-62.5017419219
-59.563537886	-62.5022930289
-59.565566456	-62.5028441039
-59.564374595	-62.5037820654
-59.566403297	-62.5043331301
-59.565211398	-62.5052711054
-59.567240231	-62.5058221598
-59.566048295	-62.506760149
-59.564019414	-62.5062090729
-59.562827347	-62.5071470326
-59.561635194	-62.5080849844
-59.560442958	-62.5090229283
-59.559250636	-62.5099608644
-59.561279705	-62.510512027
-59.563308858	-62.5110631577
-59.562116547	-62.5120011292
-59.564145832	-62.5125522496
-59.566175201	-62.5131033379
-59.568204654	-62.5136543943
-59.5670124	-62.514592423
-59.569041985	-62.515143469
-59.571071654	-62.5156944831
-59.573101408	-62.5162454652
-59.574293522	-62.5153073716
-59.576323313	-62.5158583001
-59.577515295	-62.514920177
-59.578707193	-62.5139820461
-59.580736974	-62.5145328993
-59.58192874	-62.5135947389
-59.583958559	-62.5141455384
-59.585150193	-62.5132073486
-59.586341743	-62.5122691509
-59.588371553	-62.5128198752
-59.589562971	-62.511881648
-59.591592817	-62.5124323187
-59.592784104	-62.511494062
-59.594813988	-62.5120446791
-59.596005143	-62.511106393
-59.598035064	-62.5116569564
-59.600065069	-62.5122074878
-59.602095159	-62.5127579873
-59.600904145	-62.5136963382
-59.602934367	-62.5142468273
-59.604964672	-62.5147972843
-59.603773669	-62.5157356708
-59.60258258	-62.5166740494
-59.604613065	-62.5172245177
-59.60258258	-62.5166740494
-59.601391408	-62.5176124202
-59.600200151	-62.5185507832
-59.60223073	-62.5191012947
-59.601039435	-62.5200396715
-59.599008809	-62.5194891383
-59.597817383	-62.5204274856
-59.596625873	-62.5213658252
-59.594595237	-62.5208152166
-59.593403595	-62.5217535267
-59.591372996	-62.5212028645
-59.590181222	-62.5221411451
-59.588989364	-62.5230794178
-59.586958756	-62.5225286804
-59.585766766	-62.5234669236
-59.584574691	-62.5244051591
-59.583382533	-62.5253433867
-59.585413283	-62.5258941891
-59.584221087	-62.5268324305
-59.583028806	-62.527770664
-59.585059735	-62.5283214777
-59.583867417	-62.5292597251
-59.585898478	-62.5298105284
-59.584706122	-62.5307487896
-59.586737315	-62.5312995826
-59.585544922	-62.5322378576
-59.584352445	-62.5331761247
-59.586383816	-62.533726929
-59.585191301	-62.53466521
-59.583998702	-62.5356034831
-59.586030253	-62.5361542987
-59.584837616	-62.5370925856
-59.586869298	-62.5376433908
-59.588901065	-62.538194164
-59.590932916	-62.5387449051
-59.592964852	-62.5392956142
-59.594996873	-62.5398462913
-59.596189273	-62.5389078961
-59.597381589	-62.537969493
-59.599413599	-62.5385200948
-59.601445695	-62.5390706645
-59.603477874	-62.5396212021
-59.6022857	-62.5405596701
-59.604318012	-62.5411101974
-59.6031258	-62.5420486793
-59.605158244	-62.5425991962
-59.607190772	-62.543149681
-59.60599857	-62.5440881983
-59.60803123	-62.5446386728
-59.610063975	-62.5451891152
-59.612096804	-62.5457395255
-59.614129718	-62.5462899038
-59.616162716	-62.54684025
-59.614970666	-62.5477788678
-59.617003797	-62.5483292036
-59.619037011	-62.5488795074
-59.621070311	-62.5494297791
-59.623103695	-62.5499800187
-59.624295555	-62.5490413144
-59.626328976	-62.5495915003
-59.627520704	-62.5486527664
-59.629554162	-62.5492028986
-59.630745758	-62.5482641353
-59.632779254	-62.5488142138
-59.634812834	-62.5493642602
-59.636846499	-62.5499142745
-59.635655045	-62.5508531028
-59.637688842	-62.5514031066
-59.639722723	-62.5519530785
-59.641756689	-62.5525030182
-59.64379074	-62.5530529258
-59.645824875	-62.5536028013
-59.647859094	-62.5541526448
-59.649893399	-62.5547024561
-59.651927788	-62.5552522354
-59.653962261	-62.5558019826
-59.655153288	-62.5548629595
-59.657187798	-62.5554126529
-59.659222393	-62.5559623143
-59.660413241	-62.5550232401
-59.662447873	-62.5555728477
-59.663638588	-62.5546337441
-59.665673257	-62.555183298
-59.66686384	-62.554244165
-59.668898547	-62.5547936651
-59.670088997	-62.5538545026
-59.672123741	-62.554403949
-59.67331406	-62.5534647571
-59.67534884	-62.5540141497
-59.676539027	-62.5530749285
-59.678573844	-62.5536242673
-59.680608746	-62.554173574
-59.681798753	-62.5532343017
-59.683833692	-62.5537835547
-59.685868715	-62.5543327755
-59.687058543	-62.5533934522
-59.689093603	-62.5539426193
-59.690283299	-62.5530032666
-59.692318396	-62.5535523799
-59.694353578	-62.5541014612
-59.695543093	-62.5531620574
-59.697578312	-62.5537110849
-59.699613615	-62.5542600802
-59.700802951	-62.5533206254
-59.702838291	-62.553869567
-59.704873716	-62.5544184765
-59.706062872	-62.5534789707
-59.708098334	-62.5540278264
-59.710133879	-62.5545766499
-59.711322856	-62.5536370932
-59.713358439	-62.554185863
-59.715394106	-62.5547346006
-59.716582903	-62.5537949928
-59.718618607	-62.5543436767
-59.719807271	-62.5534040396
-59.721843012	-62.5539526697
-59.723031545	-62.5530130032
-59.725067322	-62.5535615796
-59.726255723	-62.5526218837
-59.727444038	-62.5516821801
-59.72863227	-62.5507424688
-59.730667989	-62.5512909482
-59.731856088	-62.5503512075
-59.733044103	-62.549411459
-59.735079811	-62.5499598631
-59.736267694	-62.5490200853
-59.738303438	-62.5495684356
-59.740339268	-62.5501167537
-59.741526971	-62.5491769249
-59.742714589	-62.5482370885
-59.744750407	-62.5487853312
-59.745937894	-62.5478454655
-59.747973748	-62.5483936545
-59.749161103	-62.5474537594
-59.751196994	-62.5480018946
-59.752384216	-62.5470619702
-59.753571354	-62.546122038
-59.755607235	-62.5466700979
-59.75679424	-62.5457301364
-59.757981162	-62.5447901672
-59.759167999	-62.5438501903
-59.760354751	-62.5429102057
-59.76154142	-62.5419702134
-59.762728004	-62.5410302133
-59.763914504	-62.5400902056
-59.765950134	-62.5406380822
-59.767136502	-62.5396980451
-59.768322785	-62.5387580004
-59.770358404	-62.5393058016
-59.771544555	-62.5383657276
-59.772730623	-62.5374256458
-59.773916605	-62.5364855564
-59.775952166	-62.5370332608
-59.777138016	-62.536093142
-59.778323783	-62.5351530156
-59.779509465	-62.5342128815
-59.777474048	-62.5336652418
-59.778659694	-62.5327251216
-59.776624409	-62.5321774713
-59.775438716	-62.53311757
-59.773403467	-62.532569866
-59.771368303	-62.5320221299
-59.769333223	-62.5314743616
-59.768147302	-62.5324143879
-59.766112259	-62.5318665659
-59.764926206	-62.5328065628
-59.763740069	-62.5337465521
-59.761705014	-62.5331986548
-59.760518745	-62.5341386147
-59.758483727	-62.5335906637
-59.756448793	-62.5330426805
-59.754413944	-62.5324946651
-59.752379179	-62.5319466176
-59.750344498	-62.531398538
-59.748309901	-62.5308504262
-59.749496456	-62.5299105957
-59.747461992	-62.5293624734
-59.745427611	-62.528814319
-59.746614178	-62.5278745239
-59.74780066	-62.5269347212
-59.745766459	-62.5263865777
-59.746952905	-62.5254467889
-59.744918836	-62.5248986349
-59.742884851	-62.5243504488
-59.744071308	-62.5234106953
-59.74525768	-62.5224709342
-59.743223875	-62.5219227591
-59.744410211	-62.5209830118
-59.746443968	-62.5215311653
-59.747630172	-62.5205913887
-59.749663966	-62.5211394885
-59.750850039	-62.5201996827
-59.752036026	-62.5192598691
-59.75406981	-62.5198078936
-59.756103677	-62.520355886
-59.757289485	-62.5194160215
-59.759323389	-62.5199639602
-59.760509066	-62.5190240665
-59.762543006	-62.5195719515
-59.764577031	-62.5201198044
-59.765762528	-62.5191798598
-59.766947941	-62.5182399076
-59.768981954	-62.5187876852
-59.771016052	-62.5193354306
-59.773050233	-62.5198831439
-59.774235419	-62.5189431193
-59.776269637	-62.5194907789
-59.778303939	-62.5200384064
-59.779488945	-62.519098331
-59.780673867	-62.5181582478
-59.782708158	-62.5187058
-59.783892949	-62.5177656877
-59.785927276	-62.5183131862
-59.787111934	-62.5173730445
-59.789146298	-62.5179204893
-59.790330824	-62.5169803185
-59.792365224	-62.5175277096
-59.793549619	-62.5165875095
-59.794733929	-62.5156473017
-59.795918156	-62.5147070863
-59.797102298	-62.5137668632
-59.799136591	-62.5143141359
-59.800320601	-62.5133738836
-59.801504528	-62.5124336236
-59.803538809	-62.5129808211
-59.804722604	-62.5120405319
-59.806756922	-62.5125876757
-59.807940585	-62.5116473573
-59.809124163	-62.5107070312
-59.81115847	-62.5112540997
-59.812341917	-62.5103137445
-59.814376259	-62.5108607593
-59.816410686	-62.511407742
-59.817593953	-62.510467336
-59.818777136	-62.5095269223
-59.820811552	-62.5100738298
-59.822846051	-62.5106207051
-59.824880634	-62.5111675482
-59.826915302	-62.5117143592
-59.82573231	-62.512654859
-59.827767109	-62.5132016593
-59.826584081	-62.514142173
-59.828619012	-62.5146889627
-59.830654027	-62.5152357202
-59.829471011	-62.5161762694
-59.831506158	-62.5167230162
-59.833541389	-62.5172697309
-59.835576704	-62.5178164135
-59.837612103	-62.5183630638
-59.838794928	-62.5174224285
-59.840830363	-62.5179690251
-59.842865882	-62.5185155896
-59.844048527	-62.5175749036
-59.846084083	-62.5181214143
-59.848119722	-62.5186678928
-59.849302187	-62.5177271561
-59.851337863	-62.5182735809
-59.852520196	-62.5173328151
-59.854555908	-62.5178791861
-59.855738109	-62.5169383911
-59.857773857	-62.5174847085
-59.858955926	-62.5165438843
-59.860137911	-62.5156030525
-59.862173647	-62.5161492946
-59.863355501	-62.5152084337
-59.86453727	-62.5142675651
-59.866572994	-62.514813732
-59.867754632	-62.5138728343
-59.868936185	-62.512931929
-59.870117655	-62.511991016
-59.87129904	-62.5110500955
-59.872480342	-62.5101091673
-59.87366156	-62.5091682316
-59.874842694	-62.5082272882
-59.876878166	-62.5087732722
-59.878059168	-62.5078322997
-59.879240086	-62.5068913196
-59.881275546	-62.5074372284
-59.882456332	-62.5064962192
-59.883637034	-62.5055552024
-59.885672482	-62.506101036
-59.886853053	-62.50515999
-59.888888537	-62.5057057699
-59.890924105	-62.5062515176
-59.892104495	-62.505310421
-59.894140099	-62.505856115
-59.896175786	-62.5064017767
-59.897355997	-62.5054606296
-59.898536124	-62.5045194749
-59.900571799	-62.5050650614
-59.901751794	-62.5041238776
-59.903787505	-62.5046694104
-59.904967368	-62.5037281975
-59.907003115	-62.5042736766
-59.909038946	-62.5048191235
-59.910218629	-62.5038778601
-59.912254496	-62.5044232532
-59.913434047	-62.5034819607
-59.915469949	-62.5040273002
-59.916649369	-62.5030859786
-59.918685307	-62.5036312643
-59.919864594	-62.5026899136
-59.921900568	-62.5032351457
-59.923936626	-62.5037803455
-59.925115733	-62.5028389442
-59.927151827	-62.5033840903
-59.929188004	-62.5039292042
-59.930366931	-62.5029877524
-59.932403144	-62.5035328125
-59.93358194	-62.5025913317
-59.935618189	-62.5031363382
-59.936796852	-62.5021948283
-59.937975432	-62.5012533109
-59.940011668	-62.5017982421
-59.941190116	-62.5008566957
-59.942368481	-62.4999151417
-59.943546761	-62.4989735801
-59.944724958	-62.498032011
-59.945903071	-62.4970904344
-59.943867076	-62.4965456106
-59.945045153	-62.4956040478
-59.946223147	-62.4946624776
-59.947401057	-62.4937208998
-59.949436908	-62.4942656592
-59.950614686	-62.4933240523
-59.951792381	-62.492382438
-59.953828219	-62.4929271222
-59.955005782	-62.4919854788
-59.957041656	-62.4925301093
-59.958219087	-62.4915884369
-59.959396434	-62.490646757
-59.960573698	-62.4897050696
-59.961750878	-62.4887633746
-59.962927974	-62.487821672
-59.960892341	-62.4872771488
-59.962069401	-62.4863354602
-59.961210925	-62.4848492516
-59.962387867	-62.4839075694
-59.960352545	-62.4833630461
-59.961529451	-62.4824213778
-59.962706274	-62.481479702
-59.963883013	-62.4805380187
-59.961847919	-62.4799935275
-59.963024623	-62.4790518581
-59.96098966	-62.4785073562
-59.962166329	-62.4775657007
-59.963342913	-62.4766240377
-59.964519414	-62.4756823672
-59.965695831	-62.4747406892
-59.966872165	-62.4737990036
-59.968048415	-62.4728573105
-59.966013825	-62.4723129051
-59.96719004	-62.4713712259
-59.968366171	-62.4704295393
-59.969542219	-62.4694878451
-59.970718183	-62.4685461434
-59.971894064	-62.4676044342
-59.973928413	-62.4681487324
-59.975104162	-62.4672069942
-59.977138547	-62.4677512388
-59.978314164	-62.4668094717
-59.979489698	-62.4658676971
-59.980665149	-62.464925915
-59.982699473	-62.465470063
-59.983874792	-62.4645282519
-59.985909151	-62.4650723463
-59.987084338	-62.4641305063
-59.988259442	-62.4631886588
-59.990293788	-62.4637326782
-59.991468761	-62.4627908017
-59.99264365	-62.4618489178
-59.993818455	-62.4609070264
-59.991784253	-62.4603630714
-59.992959023	-62.4594211939
-59.99413371	-62.4584793089
-59.995308314	-62.4575374165
-59.996482834	-62.4565955165
-59.99765727	-62.4556536091
-59.995623392	-62.455109729
-59.996797794	-62.4541678355
-59.997972112	-62.4532259345
-59.995938413	-62.452682065
-59.997112696	-62.4517401779
-59.995079129	-62.4511962976
-59.996253377	-62.4502544245
-59.994219941	-62.4497105334
-59.992186589	-62.4491666101
-59.990153321	-62.4486226546
-59.988120135	-62.448078667
-59.989294492	-62.447136872
-59.987261438	-62.4465928736
-59.985228467	-62.4460488429
-59.98319558	-62.44550478
-59.981162776	-62.444960685
-59.979130056	-62.4444165577
-59.977097419	-62.4438723983
-59.975922774	-62.4448140647
-59.973890172	-62.4442698517
-59.971857653	-62.4437256065
-59.970682829	-62.4446672226
-59.968650346	-62.4441229237
-59.966617946	-62.4435785928
-59.965442942	-62.4445201585
-59.963410578	-62.4439757739
-59.962235443	-62.4449173107
-59.960203114	-62.4443728725
-59.958170868	-62.4438284021
-59.956995554	-62.4447698885
-59.954963344	-62.4442253646
-59.953787898	-62.4451668221
-59.952612369	-62.446108272
-59.951436757	-62.4470497145
-59.949404486	-62.4465050941
-59.947372298	-62.4459604415
-59.946196507	-62.4469018335
-59.944164355	-62.4463571273
-59.942988432	-62.4472984905
-59.940956315	-62.4467537307
-59.938924282	-62.4462089387
-59.93774818	-62.4471502514
-59.935716182	-62.4466054059
-59.934539949	-62.4475466896
-59.932507987	-62.4470017905
-59.931331622	-62.4479430452
-59.930155173	-62.4488842925
-59.928123199	-62.4483393183
-59.926946619	-62.4492805366
-59.92491468	-62.4487355088
-59.923737969	-62.449676698
-59.922561174	-62.4506178798
-59.920529223	-62.4500727769
-59.919352297	-62.4510139297
-59.917320381	-62.4504687733
-59.916143324	-62.451409897
-59.914111444	-62.450864687
-59.912934255	-62.4518057817
-59.911756983	-62.452746869
-59.909725091	-62.4522015839
-59.908547687	-62.4531426421
-59.906515831	-62.4525973034
-59.905338296	-62.4535383326
-59.903306475	-62.4529929403
-59.902128808	-62.4539339405
-59.900097023	-62.4533884946
-59.898919225	-62.4543294658
-59.896887476	-62.4537839662
-59.89485581	-62.4532384346
-59.892824227	-62.4526928708
-59.890792728	-62.4521472749
-59.891970717	-62.4512063896
-59.893148623	-62.4502654967
-59.891117303	-62.4497199116
-59.892295173	-62.4487790326
-59.893472959	-62.4478381461
-59.891441818	-62.4472925718
-59.889410761	-62.4467469653
-59.887379787	-62.4462013267
-59.886201858	-62.4471421489
-59.88417092	-62.4465964568
-59.882992859	-62.4475372499
-59.881814714	-62.4484780355
-59.879783764	-62.4479322683
-59.877752898	-62.447386469
-59.876574575	-62.448327204
-59.874543744	-62.4477813511
-59.873365289	-62.4487220572
-59.872186751	-62.4496627556
-59.870155908	-62.4491168277
-59.868977239	-62.4500574971
-59.866946432	-62.4495115156
-59.865767631	-62.4504521559
-59.86373686	-62.4499061208
-59.862557928	-62.4508467321
-59.860527193	-62.4503006434
-59.85934813	-62.4512412256
-59.858168983	-62.4521818003
-59.856138236	-62.4516356365
-59.854107572	-62.4510894407
-59.852928246	-62.4520299648
-59.850897619	-62.4514837154
-59.849718161	-62.4524242104
-59.84768757	-62.4518779074
-59.845657062	-62.4513315723
-59.843626638	-62.4507852051
-59.842446954	-62.451725628
-59.840416565	-62.4511792073
-59.838386261	-62.4506327544
-59.83635604	-62.4500862694
-59.834325902	-62.4495397524
-59.832295848	-62.4489932032
-59.83347577	-62.4480528877
-59.831445847	-62.4475063279
-59.832625733	-62.4465660263
-59.830595942	-62.4460194559
-59.831775792	-62.4450791681
-59.829746132	-62.4445325872
-59.827716555	-62.4439859742
-59.825687062	-62.4434393292
-59.823657653	-62.442892652
-59.822477612	-62.4438328539
-59.820448238	-62.4432861232
-59.818418949	-62.4427393604
-59.817238729	-62.4436795117
-59.815209476	-62.4431326954
-59.813180305	-62.442585847
-59.811999907	-62.4435259477
-59.809970773	-62.4429790458
-59.807941723	-62.4424321118
-59.806761146	-62.4433721619
-59.804732131	-62.4428251744
-59.803551424	-62.4437651953
-59.801522445	-62.4432181543
-59.800341606	-62.4441581461
-59.798312664	-62.4436110515
-59.797131694	-62.4445510142
-59.795102788	-62.444003866
-59.793073965	-62.4434566858
-59.791892817	-62.4443965979
-59.78986403	-62.4438493641
-59.787835327	-62.4433020983
-59.786654	-62.4442419598
-59.784625334	-62.4436946404
-59.783443875	-62.4446344728
-59.782262333	-62.4455742974
-59.781080707	-62.4465141144
-59.779898998	-62.4474539238
-59.781927854	-62.4480013292
-59.780746109	-62.4489411524
-59.779564279	-62.449880968
-59.778382366	-62.450820776
-59.777200369	-62.4517605763
-59.775171323	-62.4512130849
-59.773989195	-62.452152856
-59.771960185	-62.4516053111
-59.770777926	-62.4525450531
-59.768748952	-62.4519974545
-59.766720062	-62.451449824
-59.765537624	-62.4523895153
-59.76350877	-62.4518418312
-59.761480001	-62.451294115
-59.759451314	-62.4507463668
-59.757422712	-62.4501985866
-59.755394193	-62.4496507744
-59.756576868	-62.4487111907
-59.754548481	-62.448163368
-59.752520177	-62.4476155132
-59.751337407	-62.4485550539
-59.749309139	-62.4480071456
-59.748126239	-62.448946657
-59.746098008	-62.4483986952
-59.74406986	-62.4478507013
-59.742041797	-62.4473026754
-59.740013817	-62.4467546176
-59.737985921	-62.4462065277
-59.735958108	-62.4456584057
-59.73393038	-62.4451102518
-59.731902735	-62.4445620659
-59.729875174	-62.444013848
-59.728691763	-62.4449531581
-59.727508269	-62.4458924605
-59.725480697	-62.4453441675
-59.724297071	-62.4462834407
-59.723113362	-62.4472227062
