> -L"antarctic_islands_coastlines"
-147.691161029	-76.6620235052
-147.704737728	-76.6613175084
-147.708897077	-76.66192418
-147.711525534	-76.660964232
-147.714153609	-76.6600042579
-147.718312977	-76.6606107702
-147.720940489	-76.6596507249
-147.725100057	-76.6602571231
-147.727727007	-76.6592970067
-147.730353575	-76.6583368642
-147.72619437	-76.6577305564
-147.722035547	-76.6571241796
-147.724662097	-76.6561641015
-147.727288265	-76.6552039974
-147.723130186	-76.6545976419
-147.718972488	-76.6539912175
-147.714815171	-76.6533847242
-147.717441502	-76.6524247295
-147.720067453	-76.6514647089
-147.722693022	-76.6505046623
-147.72531821	-76.6495445897
-147.729474802	-76.6501509025
-147.733631775	-76.6507571464
-147.740413392	-76.6504030874
-147.744570945	-76.6510091483
-147.747194646	-76.6500488433
-147.751352398	-76.65065479
-147.753975537	-76.649694414
-147.758133488	-76.6503002467
-147.760756065	-76.6493397996
-147.764914215	-76.6499455182
-147.769072746	-76.6505511678
-147.771694578	-76.6495906046
-147.775853307	-76.6501961401
-147.778474577	-76.649235506
-147.782633505	-76.6498409274
-147.785254212	-76.6488802223
-147.787874539	-76.6479194912
-147.792033484	-76.6485247535
-147.794653248	-76.6475639515
-147.797272632	-76.6466031237
-147.799891636	-76.6456422701
-147.804050415	-76.6462473281
-147.806668856	-76.6452864035
-147.809286918	-76.6443254531
-147.811904599	-76.6433644769
-147.814521901	-76.6424034748
-147.817138822	-76.641442447
-147.821297069	-76.6420472107
-147.823913429	-76.6410861121
-147.826529409	-76.6401249876
-147.829145009	-76.6391638373
-147.833303089	-76.6397683969
-147.835918127	-76.6388071759
-147.838532786	-76.637845929
-147.841147065	-76.6368846564
-147.847918694	-76.6365276686
-147.850532032	-76.6355662995
-147.853144991	-76.6346049046
-147.85575757	-76.633643484
-147.858369771	-76.6326820377
-147.860981592	-76.6317205657
-147.863593035	-76.6307590679
-147.866204098	-76.6297975444
-147.862047646	-76.6291935487
-147.864658513	-76.6282320445
-147.867269002	-76.6272705145
-147.863113294	-76.6266665397
-147.865723586	-76.625705029
-147.8683335	-76.6247434926
-147.870943035	-76.6237819305
-147.873552192	-76.6228203428
-147.87616097	-76.6218587294
-147.880315766	-76.6224624796
-147.882923983	-76.6215007956
-147.885531823	-76.6205390859
-147.888139284	-76.6195773506
-147.89229391	-76.620180897
-147.89490081	-76.6192190911
-147.900113477	-76.6172954025
-147.906873517	-76.6169368175
-147.909478723	-76.6159748643
-147.912083551	-76.6150128854
-147.916237837	-76.6156160244
-147.918842105	-76.6146539751
-147.921445995	-76.6136919002
-147.928203622	-76.6133327351
-147.930806574	-76.6123705642
-147.933409149	-76.6114083677
-147.940165289	-76.6110488774
-147.942766926	-76.610086585
-147.945368186	-76.609124267
-147.947969069	-76.6081619235
-147.950569575	-76.6071995544
-147.953169703	-76.6062371599
-147.957323108	-76.6068395985
-147.959922677	-76.6058771336
-147.962521869	-76.6049146432
-147.969273916	-76.6045543625
-147.971872171	-76.6035917763
-147.976025597	-76.6041938976
-147.978623292	-76.6032312412
-147.981220611	-76.6022685593
-147.983817553	-76.6013058519
-147.986414118	-76.6003431191
-147.989010307	-76.5993803608
-147.99160612	-76.5984175771
-147.994201557	-76.5974547679
-147.990049414	-76.59685296
-147.992644658	-76.5958901702
-147.995239526	-76.5949273549
-147.991088126	-76.5943255674
-147.986937102	-76.5937237109
-147.98953196	-76.5927609597
-147.985381495	-76.5921590789
-147.987976161	-76.591196347
-147.983826255	-76.590594442
-147.986420728	-76.5896317294
-147.989014825	-76.5886689914
-147.984865661	-76.5880671068
-147.987459565	-76.5871043881
-147.984350144	-76.5839751665
-147.986943287	-76.583012461
-147.989536055	-76.5820497301
-147.985388933	-76.5814478621
-147.987981508	-76.5804851505
-147.990573708	-76.5795224134
-147.993165534	-76.578559651
-147.995756984	-76.5775968632
-147.998348059	-76.57663405
-148.002494267	-76.5772356945
-148.005084784	-76.5762728112
-148.007674927	-76.5753099026
-148.010264694	-76.5743469686
-148.006119034	-76.5737454581
-148.004563508	-76.5721810087
-148.000418781	-76.571579405
-148.003008347	-76.5706165542
-147.998864177	-76.5700149263
-147.994720382	-76.5694132293
-147.997309939	-76.5684504426
-147.993166701	-76.5678487214
-147.989023837	-76.5672469313
-147.984881348	-76.5666450724
-147.980739233	-76.5660431445
-147.976597493	-76.5654411478
-147.972456127	-76.5648390822
-147.968315136	-76.5642369478
-147.964174519	-76.5636347445
-147.960034277	-76.5630324724
-147.953303029	-76.5633924716
-147.949163354	-76.5627900172
-147.945024053	-76.562187494
-147.942431934	-76.5631497193
-147.938292826	-76.5625470826
-147.935700152	-76.5635092378
-147.931561237	-76.5629064876
-147.928968006	-76.5638685727
-147.924829284	-76.5632657091
-147.922235497	-76.564227724
-147.918096968	-76.5636247469
-147.915502625	-76.5645866917
-147.911364289	-76.5639836011
-147.90876939	-76.5649454757
-147.904631248	-76.5643422716
-147.90049348	-76.5637389989
-147.897897844	-76.5647007585
-147.89376027	-76.5640973723
-147.891164077	-76.5650590617
-147.887026697	-76.564455562
-147.880292762	-76.5648135681
-147.877695457	-76.565775117
-147.873558466	-76.5651713904
-147.870960604	-76.566132869
-147.868362368	-76.5670943221
-147.86422539	-76.5664904373
-147.861626597	-76.5674518201
-147.857489813	-76.5668478219
-147.853353405	-76.566243755
-147.849217371	-76.5656396194
-147.846617662	-76.5666008424
-147.842481823	-76.5659965934
-147.835745914	-76.5663533835
-147.831610645	-76.5657489524
-147.829009643	-76.5667099898
-147.82487457	-76.5661054454
-147.822273012	-76.5670664124
-147.818138134	-76.5664617545
-147.815536021	-76.567422651
-147.812933531	-76.568383522
-147.808798668	-76.5677787059
-147.806195623	-76.5687395064
-147.803592203	-76.5697002812
-147.800988406	-76.5706610304
-147.798384234	-76.5716217539
-147.795779685	-76.5725824517
-147.793174761	-76.5735431238
-147.79056946	-76.5745037702
-147.787963784	-76.575464391
-147.785357731	-76.576424986
-147.782751302	-76.5773855553
-147.780144496	-76.5783460989
-147.777537314	-76.5793066168
-147.774929756	-76.580267109
-147.772321821	-76.5812275754
-147.769713509	-76.5821880161
-147.765576321	-76.5815824588
-147.762967453	-76.5825428289
-147.760358208	-76.5835031732
-147.757748585	-76.5844634917
-147.755138586	-76.5854237845
-147.7483905	-76.5857782011
-147.745779567	-76.5867383974
-147.741642054	-76.5861324336
-147.739030564	-76.5870925592
-147.734893249	-76.5864864819
-147.732281202	-76.5874465368
-147.729668778	-76.5884065658
-147.727055977	-76.589366569
-147.724442798	-76.5903265464
-147.721829242	-76.591286498
-147.717691405	-76.5906801274
-147.715077292	-76.5916400082
-147.712462801	-76.5925998631
-147.709847932	-76.5935596922
-147.703094509	-76.5939128764
-147.69895671	-76.5933061889
-147.696340727	-76.5942658763
-147.693724366	-76.5952255378
-147.691107627	-76.5961851733
-147.686969668	-76.5955782823
-147.684352372	-76.596537847
-147.681734697	-76.5974973858
-147.679116645	-76.5984568987
-147.676498214	-76.5994163857
-147.673879406	-76.6003758467
-147.671260218	-76.6013352818
-147.668640653	-76.6022946909
-147.666020709	-76.6032540741
-147.663400386	-76.6042134313
-147.659261192	-76.6036060667
-147.656640311	-76.6045653529
-147.654019052	-76.6055246132
-147.651397414	-76.6064838474
-147.648775397	-76.6074430557
-147.646153001	-76.608402238
-147.650293091	-76.6090098278
-147.647670496	-76.6099690291
-147.645047521	-76.6109282045
-147.642424167	-76.6118873538
-147.639800434	-76.6128464771
-147.637176322	-76.6138055744
-147.641317686	-76.6144133209
-147.638693374	-76.6153724373
-147.636068682	-76.6163315276
-147.63344361	-76.6172905919
-147.629301708	-76.6166827101
-147.626676078	-76.6176417032
-147.624050068	-76.6186006703
-147.621423679	-76.6195596113
-147.617281619	-76.6189515257
-147.61465467	-76.6199103955
-147.612027342	-76.6208692393
-147.609399634	-76.621828057
-147.606771546	-76.6227868486
-147.604143078	-76.6237456141
-147.60151423	-76.6247043535
-147.598885001	-76.6256630668
-147.603028314	-76.6262714684
-147.600398884	-76.6272302007
-147.597769074	-76.6281889069
-147.595138883	-76.629147587
-147.599283113	-76.6297560554
-147.596652721	-76.6307147545
-147.594021949	-76.6316734275
-147.595535943	-76.6332406096
-147.592904588	-76.6341992755
-147.597050296	-76.6348077873
-147.594418739	-76.6357664722
-147.598565006	-76.6363749605
-147.595933248	-76.6373336645
-147.600080076	-76.6379421293
-147.597448116	-76.6389008523
-147.594815774	-76.6398595492
-147.598963342	-76.6404680357
-147.596330799	-76.6414267516
-147.593697874	-76.6423854413
-147.597846182	-76.6429939496
-147.595213055	-76.6439526584
-147.599361923	-76.6445611432
-147.596728595	-76.645519871
-147.600878024	-76.6461283323
-147.598244494	-76.6470870792
-147.602394483	-76.647695517
-147.599760751	-76.648654283
-147.603911302	-76.6492626973
-147.608062234	-76.6498710428
-147.60542848	-76.650829873
-147.602794344	-76.6517886771
-147.600159826	-76.6527474549
-147.597524927	-76.6537062066
-147.594889645	-76.6546649321
-147.592253982	-76.6556236315
-147.588101972	-76.6550150145
-147.585465746	-76.6559736424
-147.582829139	-76.656932244
-147.578677152	-76.6563234678
-147.576039983	-76.657281998
-147.573402432	-76.658240502
-147.570764499	-76.6591989797
-147.568126183	-76.6601574312
-147.565487485	-76.6611158565
-147.569640369	-76.6617248591
-147.567001468	-76.6626833034
-147.564362184	-76.6636417214
-147.56851581	-76.6642507458
-147.565876323	-76.6652091829
-147.570030512	-76.6658181839
-147.567390822	-76.66677664
-147.571545572	-76.6673856175
-147.575700706	-76.6679945262
-147.579856223	-76.6686033662
-147.584012122	-76.6692121373
-147.586651094	-76.6682534999
-147.589289682	-76.6672948364
-147.593445604	-76.6679034481
-147.59608363	-76.666944713
-147.598721273	-76.6659859517
-147.605514298	-76.6656355713
-147.608150996	-76.6646767123
-147.610787312	-76.6637178272
-147.614943099	-76.6643260749
-147.617578852	-76.6633671183
-147.621734841	-76.6639752519
-147.624370031	-76.6630162239
-147.628526223	-76.6636242434
-147.635317244	-76.6632730494
-147.63947402	-76.663880886
-147.642107904	-76.6629216699
-147.644741407	-76.6619624277
-147.648898203	-76.6625701049
-147.651531143	-76.6616107914
-147.655688141	-76.6622183545
-147.659845522	-76.6628258488
-147.662477718	-76.6618664187
-147.666635299	-76.6624737988
-147.670793263	-76.66308111
-147.673424716	-76.6621215634
-147.67758288	-76.6627287605
-147.684372135	-76.6623762256
-147.688530883	-76.6629832396
-147.691161029	-76.6620235052
