> -L"antarctic_islands_coastlines"
-35.257739403	-79.1424617254
-35.219630075	-79.1461368038
-35.214682638	-79.1467945485
-35.209734599	-79.1474522135
-35.204785956	-79.1481097987
-35.19983671	-79.148767304
-35.194886861	-79.1494247295
-35.198378448	-79.1503567903
-35.193427781	-79.1510141938
-35.18847651	-79.1516715174
-35.183524635	-79.1523287611
-35.178572157	-79.152985925
-35.173619076	-79.1536430089
-35.168665391	-79.154300013
-35.163711102	-79.1549569371
-35.15875621	-79.1556137812
-35.153800714	-79.1562705454
-35.148844614	-79.1569272297
-35.143887911	-79.1575838339
-35.138930604	-79.1582403581
-35.133972692	-79.1588968023
-35.129014177	-79.1595531665
-35.124055059	-79.1602094506
-35.119095336	-79.1608656547
-35.114135009	-79.1615217787
-35.109174078	-79.1621778226
-35.104212543	-79.1628337863
-35.099250404	-79.16348967
-35.094287661	-79.1641454735
-35.089324314	-79.1648011968
-35.084360363	-79.16545684
-35.079395807	-79.166112403
-35.074430647	-79.1667678858
-35.069464883	-79.1674232883
-35.064498514	-79.1680786107
-35.059531541	-79.1687338528
-35.054563964	-79.1693890146
-35.049595782	-79.1700440961
-35.044626996	-79.1706990974
-35.039657605	-79.1713540183
-35.03468761	-79.172008859
-35.02971701	-79.1726636193
-35.024745805	-79.1733182992
-35.019773996	-79.1739728988
-35.014801582	-79.174627418
-35.009828563	-79.1752818568
-35.00485494	-79.1759362152
-35.001371834	-79.1750019013
-34.996397826	-79.1756561215
-34.991423213	-79.1763102612
-34.986447996	-79.1769643205
-34.981472173	-79.1776182993
-34.976495746	-79.1782721976
-34.971518714	-79.1789260155
-34.966541077	-79.1795797528
-34.96306012	-79.1786449962
-34.958082099	-79.1792985952
-34.953103473	-79.1799521137
-34.948124243	-79.1806055516
-34.943144408	-79.1812589089
-34.93966494	-79.180323883
-34.934684721	-79.1809771019
-34.929703898	-79.1816302403
-34.92472247	-79.1822832981
-34.919740437	-79.1829362752
-34.914757799	-79.1835891716
-34.909774556	-79.1842419874
-34.904790708	-79.1848947225
-34.901313399	-79.1839592541
-34.896329168	-79.1846118508
-34.891344333	-79.1852643667
-34.886358893	-79.1859168019
-34.881372847	-79.1865691564
-34.876386197	-79.1872214301
-34.871398941	-79.1878736231
-34.866411081	-79.1885257352
-34.861422615	-79.1891777666
-34.856433544	-79.1898297171
-34.851443868	-79.1904815868
-34.846453586	-79.1911333757
-34.8414627	-79.1917850836
-34.836471208	-79.1924367107
-34.83147911	-79.193088257
-34.826486408	-79.1937397223
-34.778053511	-79.1986623743
-34.773054978	-79.1993129719
-34.76805584	-79.1999634885
-34.763056096	-79.200613924
-34.758055746	-79.2012642783
-34.753054791	-79.2019145516
-34.748053229	-79.2025647437
-34.743051063	-79.2032148546
-34.73804829	-79.2038648844
-34.733044911	-79.204514833
-34.728040927	-79.2051647004
-34.723036336	-79.2058144866
-34.71803114	-79.2064641916
-34.713025337	-79.2071138153
-34.708018929	-79.2077633578
-34.703011914	-79.2084128189
-34.698004294	-79.2090621988
-34.692996067	-79.2097114974
-34.687987234	-79.2103607147
-34.682977795	-79.2110098507
-34.677967749	-79.2116589053
-34.672957098	-79.2123078785
-34.66794584	-79.2129567704
-34.662933976	-79.2136055808
-34.659468485	-79.2126673231
-34.654456243	-79.2133159944
-34.649443395	-79.2139645843
-34.644429941	-79.2146130928
-34.640965743	-79.2136746241
-34.635951912	-79.2143229934
-34.630937474	-79.2149712813
-34.62592243	-79.2156194876
-34.62090678	-79.2162676125
-34.615890524	-79.2169156558
-34.610873661	-79.2175636176
-34.605856192	-79.2182114979
-34.602394209	-79.2172725876
-34.597376363	-79.2179203286
-34.592357912	-79.218567988
-34.587338854	-79.2192155658
-34.582319189	-79.2198630621
-34.578858735	-79.2189238832
-34.573838695	-79.2195712402
-34.568818049	-79.2202185155
-34.563796796	-79.2208657091
-34.555316013	-79.2205733738
-34.550293779	-79.2212203465
-34.545270938	-79.2218672374
-34.536789869	-79.2215743887
-34.531766048	-79.2222210585
-34.52674162	-79.2228676466
-34.523285068	-79.2219278357
-34.518260266	-79.2225742844
-34.509779376	-79.2222806875
-34.504753595	-79.222926915
-34.499727207	-79.2235730606
-34.494700213	-79.2242191245
-34.489672613	-79.2248651065
-34.483069679	-79.2270971345
-34.478040026	-79.2277429286
-34.473009768	-79.2283886408
-34.467978902	-79.229034271
-34.46294743	-79.2296798194
-34.45949428	-79.2287392791
-34.454462435	-79.2293846879
-34.449429984	-79.2300300147
-34.444396926	-79.2306752595
-34.440945084	-79.2297345089
-34.435911654	-79.2303796141
-34.430877618	-79.2310246373
-34.42742685	-79.230083734
-34.422392442	-79.2307286175
-34.417357428	-79.2313734191
-34.412321807	-79.2320181386
-34.40728558	-79.232662776
-34.402248746	-79.2333073314
-34.397211305	-79.2339518046
-34.392173259	-79.2345961958
-34.387134605	-79.2352405048
-34.390583493	-79.2361818692
-34.385543997	-79.2368261537
-34.363785496	-79.2409880165
-34.358742123	-79.2416318655
-34.353698143	-79.2422756323
-34.348653556	-79.2429193168
-34.343608362	-79.2435629191
-34.33856256	-79.244206439
-34.333516152	-79.2448498767
-34.328469136	-79.245493232
-34.323421513	-79.246136505
-34.318373282	-79.2467796956
-34.313324445	-79.2474228039
-34.308275	-79.2480658298
-34.303224947	-79.2487087733
-34.299779715	-79.2477664091
-34.294729293	-79.2484092126
-34.289678264	-79.2490519336
-34.284626628	-79.2496945722
-34.279574384	-79.2503371283
-34.274521533	-79.250979602
-34.269468074	-79.2516219932
-34.264414008	-79.2522643019
-34.259359334	-79.2529065281
-34.255916618	-79.2519636657
-34.250861576	-79.2526057517
-34.245805926	-79.2532477552
-34.24074967	-79.2538896761
-34.235692805	-79.2545315145
-34.232251654	-79.2535883845
-34.227194422	-79.2542300827
-34.222136582	-79.2548716982
-34.217078135	-79.2555132311
-34.212019081	-79.2561546814
-34.206959419	-79.256796049
-34.201899149	-79.257437334
-34.196838272	-79.2580785362
-34.191776788	-79.2587196558
-34.186714695	-79.2593606927
-34.183276314	-79.2584170073
-34.178213855	-79.2590579038
-34.173150789	-79.2596987176
-34.168087115	-79.2603394487
-34.163022833	-79.2609800969
-34.159586024	-79.2600361442
-34.154521376	-79.2606766521
-34.149456121	-79.2613170772
-34.144390258	-79.2619574194
-34.140954782	-79.261013257
-34.135888554	-79.2616534589
-34.130821718	-79.2622935779
-34.125754275	-79.262933614
-34.120686224	-79.2635735673
-34.115617565	-79.2642134376
-34.110548299	-79.2648532251
-34.107114885	-79.2639086804
-34.102045254	-79.2645483273
-34.096975015	-79.2651878914
-34.093542694	-79.2642431946
-34.088472092	-79.2648826181
-34.083400881	-79.2655219587
-34.078329064	-79.2661612163
-34.07489808	-79.26521631
-34.069825898	-79.265855427
-34.064753109	-79.2664944611
-34.059679713	-79.267133412
-34.063109965	-79.2680784909
-34.058035717	-79.2687174163
-34.052960862	-79.2693562587
-34.047885399	-79.2699950181
-34.042809327	-79.2706336943
-34.037732649	-79.2712722874
-34.032655363	-79.2719107974
-34.027577468	-79.2725492242
-34.024148927	-79.2716037427
-34.01907067	-79.2722420288
-34.013991805	-79.2728802318
-34.010564362	-79.2719345985
-34.005485135	-79.2725726607
-34.0004053	-79.2732106398
-33.995324857	-79.2738485357
-33.998751565	-79.2747943416
-33.993670269	-79.2754322118
-33.988588365	-79.2760699987
-33.983505854	-79.2767077023
-33.986932431	-79.2776536441
-33.981849066	-79.278291322
-33.976765092	-79.2789289166
-33.971680511	-79.2795664278
-33.975106958	-79.2805125054
-33.970021522	-79.2811499909
-33.964935477	-79.2817873931
-33.96836204	-79.282733549
-33.96327514	-79.2833709253
-33.966702065	-79.2843171021
-33.96161431	-79.2849544526
-33.956525946	-79.2855917197
-33.959952986	-79.2865379748
-33.958291167	-79.288121492
-33.961719177	-79.2890677313
-33.965147797	-79.2900139338
-33.960057227	-79.2906512643
-33.963486209	-79.2915974877
-33.966915799	-79.2925436743
-33.961824126	-79.2931810365
-33.956731843	-79.2938183153
-33.960161549	-79.2947645803
-33.958498478	-79.2963481191
-33.953404481	-79.2969853461
-33.956834911	-79.2979316529
-33.951740057	-79.298568854
-33.95517085	-79.2995151816
-33.950075137	-79.3001523568
-33.944978814	-79.3007894485
-33.939881881	-79.3014264566
-33.943312541	-79.3023729203
-33.938214749	-79.3030099025
-33.933116347	-79.3036468011
-33.93654712	-79.3045933433
-33.931447859	-79.3052302159
-33.926347987	-79.3058670049
-33.929778875	-79.3068136257
-33.924678144	-79.3074503886
-33.919576801	-79.308087068
-33.923007803	-79.3090337673
-33.917905601	-79.3096704206
-33.912802788	-79.3103069903
-33.916233902	-79.3112537681
-33.911130228	-79.3118903117
-33.914561705	-79.3128371105
-33.91288901	-79.3144204478
-33.916321461	-79.3153672308
-33.919754523	-79.3163139771
-33.923188197	-79.3172606866
-33.918082054	-79.3178973511
-33.921516091	-79.3188440815
-33.92495074	-79.3197907752
-33.928386002	-79.3207374322
-33.923278499	-79.321374186
-33.926714124	-79.3223208638
-33.930150361	-79.3232675049
-33.933587211	-79.3242141092
-33.928478348	-79.3248509524
-33.931915561	-79.3257975776
-33.935353388	-79.3267441661
-33.938791828	-79.3276907177
-33.933681603	-79.3283276503
-33.937120407	-79.3292742228
-33.940559825	-79.3302207585
-33.943999856	-79.3311672574
-33.947440501	-79.3321137194
-33.95088176	-79.3330601445
-33.954323633	-79.3340065328
-33.95776612	-79.3349528842
-33.961209222	-79.3358991987
-33.966321441	-79.3352618038
-33.969765407	-79.3362080235
-33.973209986	-79.3371542064
-33.976655181	-79.3381003523
-33.980100991	-79.3390464613
-33.985213591	-79.3384087513
-33.988660265	-79.3393547654
-33.992107554	-79.3403007426
-33.995555458	-79.3412466828
-33.999003977	-79.3421925861
-34.002453112	-79.3431384523
-34.005902863	-79.3440842815
-34.00935323	-79.3450300737
-34.012804212	-79.3459758288
-34.016255811	-79.3469215469
-34.019708026	-79.347867228
-34.023160857	-79.348812872
-34.026614305	-79.3497584789
-34.031729274	-79.3491199903
-34.035183587	-79.3500655022
-34.038638517	-79.3510109769
-34.043753366	-79.3503722887
-34.047209161	-79.3513176684
-34.050665573	-79.3522630109
-34.055780301	-79.351624123
-34.059237578	-79.3525693704
-34.064351937	-79.3519303408
-34.067810079	-79.352875493
-34.071268839	-79.3538206081
-34.076383076	-79.3531813788
-34.079842701	-79.3541263986
-34.083302944	-79.3550713813
-34.088417058	-79.3544319522
-34.091878166	-79.3553768396
-34.095339891	-79.3563216898
-34.100453882	-79.355682061
-34.103916474	-79.3566268159
-34.107379683	-79.3575715335
-34.11249355	-79.3569317049
-34.117606799	-79.3562917926
-34.12107112	-79.3572363569
-34.126183998	-79.3565963029
-34.131296257	-79.3559561653
-34.132942836	-79.354371554
-34.138053612	-79.3537313072
-34.14316377	-79.3530909768
-34.14827331	-79.3524505628
-34.153382232	-79.3518100653
-34.156848277	-79.3527542231
-34.161956827	-79.352113584
-34.165423737	-79.3530576464
-34.170531914	-79.3524168657
-34.173999687	-79.3533608326
-34.177468079	-79.3543047622
-34.182576129	-79.3536637818
-34.191153061	-79.3539664938
-34.196260119	-79.3533252883
-34.199730484	-79.3542689687
-34.203201467	-79.3552126116
-34.208308396	-79.3545712065
-34.211780243	-79.3555147538
-34.215252709	-79.3564582637
-34.213618131	-79.3580433156
-34.217091591	-79.3589868086
-34.22056567	-79.3599302641
-34.224040368	-79.360873682
-34.229148766	-79.3602319281
-34.232624329	-79.3611752503
-34.237732351	-79.3605333547
-34.241208779	-79.3614765813
-34.246316426	-79.360834544
-34.249793717	-79.3617776748
-34.254900989	-79.361135496
-34.258379144	-79.362078531
-34.26348604	-79.3614362105
-34.268592315	-79.3607938067
-34.27369797	-79.3601513194
-34.278803006	-79.3595087488
-34.289011216	-79.3582233576
-34.294114391	-79.357580537
-34.299216947	-79.356937633
-34.304318883	-79.3562946458
-34.309420198	-79.3556515753
-34.312901408	-79.3565939907
-34.318002346	-79.3559507788
-34.321484418	-79.3568930982
-34.326584979	-79.3562497448
-34.33168492	-79.3556063082
-34.336784241	-79.3549627884
-34.340267659	-79.3559048954
-34.345366602	-79.3552612342
-34.350464925	-79.3546174897
-34.355562628	-79.3539736621
-34.360659711	-79.3533297513
-34.365756174	-79.3526857574
-34.370852017	-79.3520416804
-34.37594724	-79.3513975203
-34.381041843	-79.350753277
-34.386135827	-79.3501089508
-34.39122919	-79.3494645414
-34.396321934	-79.348820049
-34.399808626	-79.3497614778
-34.403295938	-79.3507028687
-34.408388543	-79.3500581768
-34.411876715	-79.3509994716
-34.415365508	-79.3519407285
-34.420457973	-79.3512958371
-34.423947626	-79.3522369978
-34.427437899	-79.3531781207
-34.432530224	-79.3525330297
-34.437621928	-79.3518878557
-34.441113302	-79.3528288241
-34.446204625	-79.3521835089
-34.451295328	-79.3515381107
-34.454787801	-79.3524789246
-34.459878123	-79.3518333852
-34.468461396	-79.3521284221
-34.477045148	-79.3524232216
-34.482134085	-79.3517773168
-34.485629377	-79.3527177834
-34.490717932	-79.3520717375
-34.499302257	-79.3523659206
-34.507887057	-79.3526598662
-34.512974227	-79.3520134551
-34.516472335	-79.3529535742
-34.521559121	-79.3523070219
-34.525058089	-79.3532470446
-34.528557677	-79.3541870291
-34.533644318	-79.3535402773
-34.537144766	-79.3544801653
-34.545732329	-79.3547730639
-34.549234258	-79.3557128173
-34.554320368	-79.3550657248
-34.557823156	-79.3560053816
-34.562908882	-79.3553581479
-34.57149787	-79.3556503333
-34.580087332	-79.3559422809
-34.583592697	-79.3568816479
-34.588677267	-79.3562339908
-34.592183491	-79.3571732611
-34.597267676	-79.3565254629
-34.600774759	-79.3574646364
-34.604282464	-79.3584037717
-34.609366499	-79.3577557739
-34.612875063	-79.3586948125
-34.617958712	-79.3580466736
-34.621468135	-79.3589856153
-34.626551397	-79.3583373353
-34.630061679	-79.3592761803
-34.635144554	-79.3586277592
-34.643738183	-79.3589179451
-34.648820048	-79.3582693003
-34.652332282	-79.3592078931
-34.65584514	-79.3601464475
-34.660926852	-79.3594976031
-34.664440569	-79.3604360606
-34.667954908	-79.3613744797
-34.673036468	-79.3607254357
-34.676551666	-79.3616637578
-34.680067487	-79.3626020414
-34.685148894	-79.3619527979
-34.688665574	-79.3628909845
-34.697264129	-79.3631796895
-34.702344757	-79.3625301638
-34.705863154	-79.3634681564
-34.710943392	-79.3628184896
-34.716023007	-79.3621687403
-34.721101997	-79.3615189086
-34.726180363	-79.3608689943
-34.731258106	-79.3602189977
-34.736335225	-79.3595689186
-34.739855649	-79.3605065212
-34.744932378	-79.3598563011
-34.750008482	-79.3592059986
-34.753529998	-79.3601434456
-34.758605712	-79.3594930022
-34.762128084	-79.3604303519
-34.767203407	-79.3597797675
-34.775801569	-79.3600662947
-34.784400195	-79.3603525838
-34.787925139	-79.3612896419
-34.792999287	-79.3606386346
-34.796525088	-79.3615755954
-34.800051513	-79.3625125175
-34.805125502	-79.3618613107
-34.808652784	-79.3627981355
-34.813726379	-79.3621467878
-34.817254518	-79.3630835152
-34.822327721	-79.3624320266
-34.827400299	-79.3617804557
-34.830929527	-79.362717027
-34.836001712	-79.3620653153
-34.841073271	-79.3614135213
-34.846144207	-79.3607616451
-34.851214517	-79.3601096867
-34.856284202	-79.359457646
-34.861353263	-79.3588055233
-34.866421698	-79.3581533183
-34.87148951	-79.3575010312
-34.875021211	-79.3584370946
-34.880088628	-79.3577846667
-34.88515542	-79.3571321568
-34.888688206	-79.3580680639
-34.897288245	-79.3583512229
-34.900822512	-79.3592869936
-34.905888744	-79.3586341435
-34.909423866	-79.3595698166
-34.914489703	-79.3589168257
-34.919554915	-79.3582637527
-34.923091121	-79.3591992696
-34.928155938	-79.3585460559
-34.931692998	-79.3594814751
-34.936757419	-79.3588281207
-34.940295334	-79.3597634422
-34.945359358	-79.3591099471
-34.948898128	-79.3600451709
-34.953961756	-79.3593915351
-34.959024758	-79.3587378173
-34.967627216	-79.3590190262
-34.972689195	-79.3583650858
-34.989894688	-79.3589265069
-34.994955247	-79.3582722033
-34.998498118	-79.3592068598
-35.003558279	-79.3585524155
-35.007102004	-79.3594869741
-35.012161767	-79.3588323893
-35.020765709	-79.3591121245
-35.025824447	-79.3584573172
-35.029370107	-79.3593916212
-35.034428446	-79.3587366733
-35.039486159	-79.3580816436
-35.043032899	-79.3590157909
-35.048090213	-79.3583606206
-35.051637805	-79.35929467
-35.056694719	-79.3586393591
-35.060243165	-79.3595733104
-35.065299679	-79.358917859
-35.070355567	-79.3582623259
-35.073905092	-79.3591961204
-35.07896058	-79.3585404467
-35.084015441	-79.3578846913
-35.089069677	-79.3572288542
-35.094123285	-79.3565729355
-35.099176268	-79.355916935
-35.104228624	-79.355260853
-35.109280354	-79.3546046893
-35.114331457	-79.3539484439
-35.117883413	-79.3548817287
-35.136586899	-79.3538453956
-35.141635947	-79.3531887064
-35.145190055	-79.3541216771
-35.150238701	-79.3534648474
-35.153793659	-79.3543977199
-35.158841903	-79.3537407499
-35.163889521	-79.3530836984
-35.167445554	-79.3540164138
-35.172492769	-79.353359222
-35.177539358	-79.3527019487
-35.181096465	-79.3536345069
-35.18614265	-79.3529770933
-35.189700608	-79.3539095533
-35.19474639	-79.3532519993
-35.198305197	-79.3541843609
-35.203350576	-79.3535266667
-35.208395328	-79.352868891
-35.213439453	-79.352211034
-35.218482952	-79.3515530955
-35.222043278	-79.3524851821
-35.227086372	-79.3518271034
-35.23212884	-79.3511689434
-35.237170681	-79.350510702
-35.242211895	-79.3498523793
-35.245773737	-79.3507841909
-35.250814547	-79.350125728
-35.255854729	-79.3494671838
-35.260894285	-79.3488085584
-35.26445742	-79.3497401536
-35.269496571	-79.349081388
-35.274535094	-79.3484225412
-35.279572992	-79.3477636131
-35.288174909	-79.3480359239
-35.293211774	-79.3473767745
-35.296777269	-79.348307996
-35.301813727	-79.3476487065
-35.310416122	-79.3479203998
-35.315451548	-79.3472608891
-35.319018958	-79.3481918545
-35.324053977	-79.3475322037
-35.332656847	-79.3478032796
-35.337690832	-79.3471434077
-35.341260157	-79.3480741168
-35.346293734	-79.3474141048
-35.351326685	-79.3467540118
-35.354897076	-79.3476845632
-35.359929619	-79.3470243302
-35.368532992	-79.3472944099
-35.3735645	-79.3466339558
-35.37859538	-79.3459734208
-35.382167903	-79.3469036567
-35.387198375	-79.3462429817
-35.392228219	-79.3455822257
-35.397257436	-79.3449213888
-35.402286026	-79.3442604709
-35.405860051	-79.3451904311
-35.410888232	-79.3445293733
-35.415915785	-79.3438682346
-35.420942711	-79.343207015
-35.42596901	-79.3425457145
-35.430994681	-79.3418843331
-35.434570424	-79.3428139586
-35.439595686	-79.3421524374
-35.44462032	-79.3414908353
-35.449644327	-79.3408291525
-35.458244947	-79.3410967384
-35.463267917	-79.3404348349
-35.468290259	-79.3397728507
-35.47186856	-79.3407020424
-35.476890492	-79.3400399184
-35.481911797	-79.3393777136
-35.486932474	-79.3387154282
-35.491952524	-79.338053062
-35.496971947	-79.3373906151
-35.501990743	-79.3367280876
-35.507008912	-79.3360654794
-35.512026453	-79.3354027905
-35.517043368	-79.334740021
-35.522059656	-79.3340771708
-35.527075316	-79.3334142401
-35.53209035	-79.3327512288
-35.537104757	-79.3320881369
-35.542118537	-79.3314249644
-35.545700485	-79.3323532901
-35.550713853	-79.331689978
-35.555726594	-79.3310265855
-35.559309598	-79.331954753
-35.562893229	-79.3328828804
-35.567905772	-79.3322192893
-35.571490244	-79.3331473175
-35.576502374	-79.3324835869
-35.580087688	-79.3334115159
-35.583673629	-79.3343394046
-35.587260197	-79.3352672532
-35.590847393	-79.3361950616
-35.594435217	-79.3371228297
-35.598023669	-79.3380505575
-35.601612749	-79.3389782452
-35.605202456	-79.3399058925
-35.608792793	-79.3408334996
-35.612383757	-79.3417610664
-35.61597535	-79.3426885929
-35.620989205	-79.3420241321
-35.62458164	-79.3429515592
-35.629595079	-79.3422869588
-35.63820138	-79.3425495465
-35.643213775	-79.3418847261
-35.646808108	-79.3428118952
-35.651820087	-79.3421469352
-35.656831437	-79.3414818949
-35.660426824	-79.3424089053
-35.665437758	-79.3417437254
-35.670448063	-79.3410784652
-35.675457739	-79.3404131246
-35.680466786	-79.3397477037
-35.685475204	-79.3390822025
-35.690482994	-79.338416621
-35.695490155	-79.3377509591
-35.699087656	-79.3386775151
-35.7040944	-79.3380117139
-35.709100515	-79.3373458323
-35.714106001	-79.3366798706
-35.717704765	-79.3376062087
-35.722709834	-79.3369401075
-35.727714274	-79.3362739262
-35.731314089	-79.3372001055
-35.736318111	-79.3365337848
-35.739918766	-79.3374598643
-35.743520049	-79.3383859034
-35.748523864	-79.3377193842
-35.752125987	-79.3386453235
-35.757129383	-79.3379786649
-35.760732346	-79.3389045045
-35.764335938	-79.3398303035
-35.76794016	-79.3407560618
-35.790160055	-79.3406061121
-35.795161984	-79.3399388371
-35.800163282	-79.3392714819
-35.805163951	-79.3386040467
-35.81016399	-79.3379365314
-35.8151634	-79.337268936
-35.811556242	-79.3363437326
-35.816554813	-79.3356761165
-35.821552755	-79.3350084203
-35.826550068	-79.3343406442
-35.831546751	-79.333672788
-35.836542806	-79.3330048519
-35.841538231	-79.3323368359
-35.84514664	-79.333261684
-35.848755679	-79.3341864914
-35.853750891	-79.333518277
-35.857360768	-79.3344429844
-35.862355559	-79.3337746308
-35.86734972	-79.3331061974
-35.870960642	-79.3340307455
-35.875954381	-79.333362173
-35.880947492	-79.3326935205
-35.884559458	-79.3336179094
-35.889552146	-79.3329491179
-35.894544204	-79.3322802465
-35.899535633	-79.3316112953
-35.904526433	-79.3309422643
-35.909516603	-79.3302731535
-35.914506144	-79.3296039629
-35.919495055	-79.3289346926
-35.923109099	-79.3298586259
-35.928097588	-79.3291892166
-35.933085447	-79.3285197275
-35.938072676	-79.3278501587
-35.941687968	-79.3287738734
-35.946674775	-79.3281041657
-35.951660952	-79.3274343783
-35.955277285	-79.3283579335
-35.960263038	-79.3276880072
-35.968865535	-79.3279413969
-35.973850235	-79.327271252
-35.977468443	-79.3281945475
-35.982452718	-79.3275242638
-35.98607176	-79.328447459
-35.989691433	-79.3293706132
-35.994675488	-79.3287001312
-35.998295995	-79.3296231851
-36.001917132	-79.3305461979
-36.006900967	-79.3298755178
-36.010522938	-79.3307984302
-36.015506347	-79.3301276112
-36.019129153	-79.3310504233
-36.024112137	-79.3303794654
-36.027735777	-79.331302177
-36.032718335	-79.3306310803
-36.041324941	-79.3308824559
-36.046306442	-79.3302111407
-36.049931954	-79.3311335921
-36.054913028	-79.3304621382
-36.059893472	-79.3297906048
-36.064873285	-79.3291189919
-36.069852468	-79.3284472995
-36.074831021	-79.3277755277
-36.079808943	-79.3271036766
-36.084786235	-79.326431746
-36.089762897	-79.325759736
-36.094738929	-79.3250876467
-36.091111588	-79.3241657293
-36.096086788	-79.32349362
-36.101061357	-79.3228214313
-36.106035297	-79.3221491633
-36.107381088	-79.3205550947
-36.112353566	-79.3198827274
-36.117325414	-79.3192102808
-36.122296634	-79.318537755
-36.127267223	-79.3178651499
-36.132237183	-79.3171924657
-36.137206514	-79.3165197021
-36.142175216	-79.3158468594
-36.147143288	-79.3151739376
-36.15211073	-79.3145009365
-36.157077544	-79.3138278563
-36.162043729	-79.3131546969
-36.167009284	-79.3124814585
-36.17197421	-79.3118081409
-36.176938507	-79.3111347442
-36.181902176	-79.3104612685
-36.186865215	-79.3097877137
-36.191827625	-79.3091140799
-36.195458558	-79.3100347926
-36.200420539	-79.3093610205
-36.205381891	-79.3086871693
-36.210342615	-79.3080132391
-36.215302709	-79.3073392299
-36.218935068	-79.308259664
-36.222568056	-79.3091800566
-36.217607564	-79.3098541845
-36.221240982	-79.3107745951
-36.22487503	-79.3116949642
-36.219913509	-79.3123691318
-36.223547987	-79.3132895189
-36.227183094	-79.3142098645
-36.222220547	-79.3148840718
-36.225856084	-79.3158044353
-36.229492252	-79.3167247574
-36.224528676	-79.3173990044
-36.228165275	-79.3183193445
-36.231802504	-79.319239643
-36.226837899	-79.3199139298
-36.230475559	-79.3208342463
-36.225510124	-79.3215085134
-36.229148215	-79.3224288478
-36.232786937	-79.3233491407
-36.227820473	-79.3240234476
-36.231459626	-79.3249437584
-36.235099411	-79.3258640277
-36.238739826	-79.3267842555
-36.242380873	-79.3277044418
-36.246022551	-79.3286245865
-36.241054459	-79.3292991115
-36.24469657	-79.3302192741
-36.248339312	-79.3311393952
-36.251982686	-79.3320594747
-36.255626692	-79.3329795126
-36.25927133	-79.333899509
-36.262916601	-79.3348194637
-36.267885888	-79.3341445818
-36.27153199	-79.3350644354
-36.276500843	-79.3343894149
-36.280147776	-79.3353091673
-36.285116196	-79.3346340083
-36.28876396	-79.3355536596
-36.293731946	-79.3348783619
-36.302348092	-79.3351224759
-36.307315011	-79.3344469607
-36.310964636	-79.33536635
-36.31593112	-79.3346906963
-36.319581575	-79.3356099844
-36.324547624	-79.3349341922
-36.32951304	-79.3342583211
-36.333164524	-79.3351774483
-36.338129504	-79.3345014387
-36.343093852	-79.3338253501
-36.346746364	-79.3347443165
-36.351710276	-79.3340680895
-36.355363618	-79.3349869545
-36.360327094	-79.334310589
-36.363981265	-79.3352293527
-36.368944306	-79.3345528488
-36.377561911	-79.3347948687
-36.382523881	-79.3341181475
-36.391141442	-79.3343597892
-36.396102343	-79.3336828508
-36.40471986	-79.3339241142
-36.40967969	-79.3332469586
-36.414638886	-79.3325697243
-36.41959745	-79.3318924113
-36.42455538	-79.3312150195
-36.429512677	-79.330537549
-36.42585445	-79.3296195664
-36.430810919	-79.3289420767
-36.435766755	-79.3282645085
-36.43210877	-79.327346603
-36.437063778	-79.3266690156
-36.438360412	-79.3250735214
-36.44331396	-79.3243958363
-36.448266876	-79.3237180725
-36.45321916	-79.3230402302
-36.456877486	-79.3239578797
-36.461829331	-79.3232798992
-36.466780545	-79.3226018401
-36.471731126	-79.3219237025
-36.475390667	-79.3228411313
-36.480340809	-79.3221628556
-36.485290319	-79.3214845013
-36.490239197	-79.3208060685
-36.495187443	-79.3201275572
-36.498848391	-79.3210447057
-36.503796198	-79.3203660563
-36.508743372	-79.3196873285
-36.517352074	-79.3199254499
-36.522298176	-79.3192465056
-36.527243647	-79.3185674829
-36.532188485	-79.3178883818
-36.53713269	-79.3172092023
-36.542076264	-79.3165299444
-36.547019205	-79.3158506082
-36.550683153	-79.3167671363
-36.555625654	-79.3160876621
-36.560567523	-79.3154081096
-36.56550876	-79.3147284788
-36.570449365	-79.3140487697
-36.575389338	-79.3133689823
-36.580328679	-79.3126891166
-36.585267389	-79.3120091727
-36.590205466	-79.3113291506
-36.595142911	-79.3106490503
-36.600079725	-79.3099688717
-36.61855344	-79.3088435783
-36.623487917	-79.3081630275
-36.628421762	-79.3074823986
-36.624754317	-79.3065668064
-36.629687341	-79.305886159
-36.634619733	-79.3052054334
-36.639551494	-79.3045246298
-36.644482624	-79.3038437481
-36.649413122	-79.3031627884
-36.654342989	-79.3024817506
-36.659272225	-79.3018006348
-36.66420083	-79.301119441
-36.669128803	-79.3004381693
-36.674056146	-79.2997568195
-36.678982857	-79.2990753918
-36.683908938	-79.2983938862
-36.688834387	-79.2977123026
-36.693759206	-79.2970306411
-36.698683394	-79.2963489017
-36.703606951	-79.2956670845
-36.699937113	-79.2947524032
-36.704859851	-79.2940705677
-36.709781959	-79.2933886543
-36.714703437	-79.292706663
-36.719624283	-79.292024594
-36.7245445	-79.2913424471
-36.729464086	-79.2906602225
-36.734383042	-79.2899779201
-36.739301368	-79.2892955399
-36.744219063	-79.288613082
-36.749136128	-79.2879305463
-36.750381296	-79.2863338645
-36.755296914	-79.285651233
-36.760211903	-79.2849685238
-36.765126262	-79.2842857369
-36.766368608	-79.2826889997
-36.771281521	-79.2820061171
-36.776193805	-79.2813231569
-36.777434148	-79.2797263825
-36.782344987	-79.2790433266
-36.787255197	-79.2783601932
-36.783584144	-79.2774465331
-36.788493539	-79.2767633817
-36.793402306	-79.2760801526
-36.794639462	-79.2744833221
-36.799546786	-79.2737999976
-36.795876249	-79.2728864907
-36.800782758	-79.2722031482
-36.805688639	-79.2715197281
-36.802018361	-79.2706062978
-36.806923428	-79.2699228598
-36.811827867	-79.2692393443
-36.808157848	-79.2683259905
-36.813061474	-79.267642457
-36.817964472	-79.2669588462
-36.814294712	-79.2660455689
-36.819196897	-79.2653619401
-36.815527581	-79.2644486797
-36.820428954	-79.263765033
-36.8253297	-79.263081309
-36.821660642	-79.2621681251
-36.826560576	-79.2614843831
-36.822891962	-79.2605712162
-36.827791084	-79.2598874563
-36.824122913	-79.2589743064
-36.829021225	-79.2582905286
-36.833918909	-79.2576066736
-36.830250997	-79.2566936001
-36.83514787	-79.2560097271
-36.840044117	-79.2553257768
-36.836376465	-79.2544127798
-36.841271901	-79.2537288116
-36.837604692	-79.2528158315
-36.842499318	-79.2521318456
-36.843726368	-79.2505348786
-36.848619558	-79.2498507976
-36.844953052	-79.2489379108
-36.849845432	-79.2482538119
-36.854737186	-79.2475696359
-36.85107094	-79.2466568254
-36.855961885	-79.2459726316
-36.852296083	-79.245059838
-36.857186219	-79.2443756264
-36.858410187	-79.2427786204
-36.86329889	-79.2420943138
-36.859633789	-79.2411816135
-36.864521684	-79.2404972892
-36.865744113	-79.2389002637
-36.866966178	-79.2373032373
-36.871851833	-79.2366188004
-36.868187878	-79.2357062102
-36.873072726	-79.2350217555
-36.869409214	-79.2341091821
-36.874293254	-79.2334247098
-36.870630185	-79.2325121533
-36.875513419	-79.2318276632
-36.87673322	-79.2302306158
-36.881615023	-79.2295460311
-36.877952656	-79.2286335676
-36.882833654	-79.2279489652
-36.884051922	-79.2263518985
-36.888931491	-79.2256672014
-36.885269827	-79.2247548309
-36.89014859	-79.2240701162
-36.886487368	-79.2231577626
-36.891365327	-79.2224730302
-36.887704547	-79.2215606935
-36.892581701	-79.2208759434
-36.897458232	-79.2201911164
-36.893797713	-79.2192788558
-36.898673439	-79.2185940112
-36.895013362	-79.2176817675
-36.899888285	-79.2169969052
-36.896228649	-79.2160846783
-36.901102768	-79.2153997985
-36.90231689	-79.2138026909
-36.907189583	-79.2131177167
-36.90353065	-79.2122055826
-36.908402541	-79.2115205907
-36.904744049	-79.2106084735
-36.909615137	-79.2099234641
-36.905957087	-79.2090113636
-36.910827372	-79.2083263366
-36.912039247	-79.2067292084
-36.916908108	-79.2060440871
-36.91325076	-79.2051320794
-36.91811882	-79.2044469405
-36.919329172	-79.2028497933
-36.915672707	-79.2019378192
-36.920539164	-79.2012526452
-36.91688314	-79.200340688
-36.921748796	-79.1996554965
-36.918093213	-79.198743556
-36.922958068	-79.198058347
-36.92416698	-79.1964611967
-36.929030414	-79.1957758935
-36.925375533	-79.1948640457
-36.930238167	-79.1941787251
-36.926583727	-79.193266894
-36.931445562	-79.1925815559
-36.936306776	-79.1918961411
-36.932652597	-79.1909843859
-36.937513012	-79.1902989537
-36.942372806	-79.1896134449
-36.938718889	-79.1887017656
-36.943577885	-79.1880162393
-36.939924408	-79.1871045767
-36.944782605	-79.186419033
-36.945986968	-79.1848218261
-36.950843748	-79.1841361884
-36.947190973	-79.1832246184
-36.952046955	-79.1825389633
-36.94839462	-79.18162741
-36.944742905	-79.1807158143
-36.94959791	-79.1800302009
-36.945946635	-79.179118622
-36.942295979	-79.1782070007
-36.938645941	-79.177295337
-36.933791472	-79.1779807732
-36.930142231	-79.1770690081
-36.925287322	-79.1777543087
-36.921638879	-79.1768424422
-36.916783531	-79.1775276072
-36.911927565	-79.1782126957
-36.908280099	-79.1773006688
-36.903423694	-79.1779856217
-36.907070981	-79.1788977076
-36.902213778	-79.179582643
-36.897355957	-79.1802675018
-36.901003503	-79.1811796635
-36.896144884	-79.1818645048
-36.899792869	-79.1827766833
-36.89493345	-79.183461507
-36.890073414	-79.1841462541
-36.893721658	-79.1850585085
-36.897370521	-79.1859707206
-36.892509505	-79.1866555092
-36.896158807	-79.1875677381
-36.891296992	-79.1882525091
-36.894946734	-79.1891647549
-36.898597095	-79.1900769583
-36.8937343	-79.1907617708
-36.888870885	-79.1914465067
-36.892521506	-79.192358786
-36.887657291	-79.1930435043
-36.882792456	-79.1937281459
-36.877927002	-79.1944127107
-36.881577701	-79.1953251251
-36.876711445	-79.1960096724
-36.87184457	-79.1966941428
-36.875495527	-79.1976066332
-36.870627851	-79.198291086
-36.865759554	-79.1989754621
-36.860890636	-79.1996597613
-36.864541671	-79.2005723868
-36.859671952	-79.2012566683
-36.863323427	-79.2021693107
-36.858452906	-79.2028535746
-36.853581764	-79.2035377616
-36.857233496	-79.20445048
-36.852361552	-79.2051346493
-36.847488986	-79.2058187418
-36.851140977	-79.2067315362
-36.846267608	-79.2074156109
-36.841393618	-79.2080996088
-36.845045867	-79.2090124793
-36.840171074	-79.2096964594
-36.835295659	-79.2103803625
-36.838948165	-79.2112933091
-36.834071947	-79.2119771945
-36.829195107	-79.2126610029
-36.83284787	-79.2135740256
-36.827970226	-79.2142578162
-36.82309196	-79.2149415299
-36.82674498	-79.2158546287
-36.821865909	-79.2165383245
-36.82551937	-79.2174514402
-36.820639494	-79.2181351183
-36.815758996	-79.2188187193
-36.819412713	-79.2197319112
-36.81453141	-79.2204154943
-36.818185567	-79.2213287032
-36.813303458	-79.2220122685
-36.816958055	-79.2229254943
-36.81207514	-79.2236090418
-36.815730177	-79.2245222845
-36.810846456	-79.2252058141
-36.805962112	-79.2258892666
-36.809617405	-79.2268025856
-36.804732255	-79.2274860202
-36.808387989	-79.2283993562
-36.803502031	-79.229082773
-36.79861545	-79.2297661125
-36.802271441	-79.2306795247
-36.797384053	-79.2313628464
-36.801040483	-79.2322762756
-36.796152288	-79.2329595794
-36.791263468	-79.233642806
-36.794920155	-79.2345563115
-36.790030528	-79.2352395201
-36.793687655	-79.2361530426
-36.788797219	-79.2368362333
-36.787563543	-79.2384329456
-36.791221552	-79.239346502
-36.786329499	-79.2400296569
-36.789987948	-79.2409432304
-36.785095086	-79.2416263673
-36.783860305	-79.2432230767
-36.782625154	-79.2448197852
-36.777730049	-79.2455028088
-36.781389635	-79.2464164927
-36.77649372	-79.2470994984
-36.775257022	-79.248696187
-36.77035967	-79.2493790972
-36.774019954	-79.2502928746
-36.769121792	-79.2509757669
-36.772782517	-79.2518895612
-36.767883544	-79.2525724355
-36.77154471	-79.2534862469
-36.766644926	-79.2541691032
-36.761744515	-79.254851882
-36.765405937	-79.2557657699
-36.760504715	-79.2564485306
-36.759264545	-79.2580451783
-36.754361884	-79.2587278435
-36.758024003	-79.259641825
-36.75312053	-79.2603244721
-36.748216431	-79.2610070418
-36.751878805	-79.2619210997
-36.746973893	-79.2626036513
-36.742068354	-79.2632861253
-36.745730984	-79.2642002598
-36.740824631	-79.2648827157
-36.735917651	-79.265565094
-36.731010044	-79.2662473948
-36.726101809	-79.266929618
-36.721192947	-79.2676117636
-36.716283458	-79.2682938316
-36.71137334	-79.268975822
-36.715035293	-79.2698903301
-36.710124361	-79.2705723023
-36.705212802	-79.2712541968
-36.700300614	-79.2719360136
-36.695387799	-79.2726177527
-36.690474356	-79.2732994141
-36.685560284	-79.2739809978
-36.680645585	-79.2746625038
-36.675730257	-79.275343932
-36.670814302	-79.2760252824
-36.665897718	-79.2767065551
-36.660980506	-79.2773877499
-36.656062666	-79.278068867
-36.659722996	-79.2789840461
-36.654804339	-79.2796651448
-36.649885053	-79.2803461656
-36.644965139	-79.2810271085
-36.640044596	-79.2817079736
-36.6437048	-79.2826233484
-36.63878344	-79.2833041951
-36.633861451	-79.2839849638
-36.628938833	-79.2846656546
-36.624015586	-79.2853462675
-36.61909171	-79.2860268024
-36.614167205	-79.2867072594
-36.609242071	-79.2873876384
-36.604316308	-79.2880679394
-36.599389915	-79.2887481624
-36.594462894	-79.2894283073
-36.589535243	-79.2901083742
-36.584606963	-79.2907883631
-36.579678053	-79.2914682738
-36.574748514	-79.2921481065
-36.569818346	-79.2928278611
-36.573476332	-79.2937440857
-36.568545343	-79.2944238217
-36.563613725	-79.2951034795
-36.558681477	-79.2957830591
-36.553748599	-79.2964625606
-36.550091376	-79.2955460981
-36.540224114	-79.2969047475
-36.536567904	-79.295988124
-36.541501659	-79.2953088978
-36.537845887	-79.2943922918
-36.54277882	-79.2937130469
-36.544055599	-79.2921171946
-36.548987083	-79.2914378528
-36.545331996	-79.2905213411
-36.550262659	-79.2898419806
-36.555192693	-79.289162542
-36.560122098	-79.2884830252
-36.556467067	-79.2875666498
-36.561395652	-79.2868871143
-36.566323609	-79.2862075008
-36.562668825	-79.2852912022
-36.567595963	-79.28461157
-36.572522472	-79.2839318598
-36.568867935	-79.283015638
-36.573793625	-79.2823359091
-36.578718687	-79.2816561022
-36.575064398	-79.2807399572
-36.579988641	-79.2800601317
-36.57633479	-79.2791440041
-36.581258215	-79.27846416
-36.586181013	-79.2777842379
-36.582527409	-79.276868187
-36.587449389	-79.2761882463
-36.592370741	-79.2755082277
-36.588717386	-79.2745922536
-36.593637921	-79.2739122164
-36.589985003	-79.2729962596
-36.594904721	-79.2723162039
-36.591252242	-79.2714002644
-36.596171143	-79.2707201901
-36.592519101	-79.269804268
-36.588867686	-79.2688883039
-36.593785581	-79.2682082704
-36.598702849	-79.2675281591
-36.595051682	-79.2666122716
-36.599968135	-79.2659321417
-36.604883961	-79.265251934
-36.60979916	-79.2645716485
-36.606148052	-79.263655897
-36.602497571	-79.2627401035
-36.607411766	-79.2620598588
-36.603761722	-79.2611440826
-36.600112303	-79.2602282644
-36.598992427	-79.2561204282
-36.603903801	-79.2554402466
-36.600256318	-79.2545244383
-36.605166878	-79.2538442383
-36.610076813	-79.2531639605
-36.606429578	-79.2522482288
-36.611338699	-79.2515679325
-36.616247195	-79.2508875585
-36.621155066	-79.2502071068
-36.617507892	-79.249291511
-36.62241495	-79.2486110408
-36.627321384	-79.247930493
-36.632227193	-79.2472498675
-36.637132377	-79.2465691644
-36.642036937	-79.2458883837
-36.646940872	-79.2452075253
-36.643293196	-79.244292243
-36.648196319	-79.2436113663
-36.653098819	-79.242930412
-36.649451391	-79.2420152062
-36.654353079	-79.2413342336
-36.650706089	-79.2404190449
-36.655606966	-79.239738054
-36.651960412	-79.2388228826
-36.656860479	-79.2381418733
-36.653214362	-79.2372267191
-36.658113617	-79.2365456916
-36.654467937	-79.2356305546
-36.65082288	-79.2347153756
-36.655721138	-79.2340343889
-36.652076518	-79.2331192271
-36.656973966	-79.2324382222
-36.653329782	-79.2315230776
-36.64968622	-79.230607891
-36.654582672	-79.2299269269
-36.650939547	-79.2290117576
-36.655835189	-79.2283307752
-36.660730209	-79.2276497154
-36.665624607	-79.2269685781
-36.661981544	-79.2260535443
-36.666875133	-79.2253723888
-36.663232506	-79.2244573721
-36.659590501	-79.2235423134
-36.655949119	-79.2226272128
-36.651056089	-79.2233081909
-36.647415514	-79.2223929892
-36.643775562	-79.2214777455
-36.638882283	-79.2221585279
-36.635243139	-79.2212431832
-36.630349426	-79.221923829
-36.625455091	-79.2226043974
-36.620560135	-79.2232848882
-36.615664557	-79.2239653016
-36.610768357	-79.2246456374
-36.605871536	-79.2253258958
-36.600974093	-79.2260060766
-36.596076027	-79.2266861798
-36.59117734	-79.2273662055
-36.586278031	-79.2280461536
-36.5813781	-79.2287260241
-36.57774164	-79.2278099872
-36.572841275	-79.228489721
-36.569205626	-79.2275735832
-36.564304828	-79.2282531802
-36.560669989	-79.2273369414
-36.557035772	-79.2264206609
-36.553402177	-79.2255043386
-36.548501323	-79.2261836807
-36.544868538	-79.2252672576
-36.541236374	-79.2243507927
-36.536335276	-79.225029939
-36.532703923	-79.2241133733
-36.529073191	-79.2231967659
-36.52544308	-79.2222801169
-36.520541929	-79.2229590082
-36.516912628	-79.2220422584
-36.513283949	-79.221125467
-36.50965589	-79.2202086338
-36.504754686	-79.2208872704
-36.499852861	-79.2215658292
-36.496225802	-79.2206488364
-36.491323547	-79.2213272584
-36.486420671	-79.2220056027
-36.482794613	-79.2210884502
-36.479169175	-79.2201712561
-36.475544357	-79.2192540205
-36.47192016	-79.2183367432
-36.468296582	-79.2174194245
-36.464673625	-79.2165020641
-36.459771271	-79.2171799766
-36.456149124	-79.2162625158
-36.447625003	-79.2160227302
-36.444004286	-79.2151051273
-36.435481357	-79.214865004
-36.431862071	-79.2139472593
-36.423340334	-79.2137067984
-36.419722477	-79.2127889118
-36.416105239	-79.2118709838
-36.411201933	-79.2125481134
-36.407585506	-79.211630085
-36.403969697	-79.2107120153
-36.400354507	-79.2097939041
-36.396739936	-79.2088757516
-36.391836777	-79.2095525677
-36.388223016	-79.208634315
-36.384609874	-79.2077160208
-36.376094148	-79.207474247
-36.372482434	-79.2065558113
-36.367578805	-79.2072322361
-36.363967902	-79.2063137003
-36.360357616	-79.2053951232
-36.355453754	-79.2060713524
-36.351844278	-79.2051526751
-36.343331326	-79.2049099902
-36.339723278	-79.2039911716
-36.334818758	-79.2046670684
-36.331211521	-79.2037481498
-36.327604901	-79.2028291899
-36.322700149	-79.2035048911
-36.319094339	-79.2025858313
-36.315489147	-79.2016667302
-36.310584164	-79.2023422358
-36.306979782	-79.2014230348
-36.303376017	-79.2005037926
-36.298470803	-79.2011791027
-36.294867849	-79.2002597606
-36.291265512	-79.1993403774
-36.286360068	-79.2000154918
-36.28275854	-79.1990960087
-36.27915763	-79.1981764845
-36.274251956	-79.1988514034
-36.270651856	-79.1979317794
-36.267052372	-79.1970121143
-36.258547797	-79.1967670728
-36.25494974	-79.1958472669
-36.251352298	-79.1949274199
-36.246446363	-79.195601889
-36.242849732	-79.1946819424
-36.239253717	-79.1937619547
-36.235658317	-79.1928419261
-36.232063534	-79.1919218565
-36.228469366	-79.191001746
-36.224875813	-79.1900815945
-36.221282875	-79.1891614021
-36.217690553	-79.1882411687
-36.214098845	-79.1873208945
-36.210507752	-79.1864005793
-36.206917275	-79.1854802233
-36.203327411	-79.1845598264
-36.199738162	-79.1836393886
-36.194834141	-79.1843130167
-36.191245701	-79.1833924795
-36.187657876	-79.1824719014
-36.182753631	-79.1831453341
-36.165770661	-79.1826503349
-36.160864964	-79.1833234161
-36.155958653	-79.1839964191
-36.152373648	-79.1830754255
-36.147466919	-79.1837482918
-36.142559576	-79.1844210799
-36.138975576	-79.1834999284
-36.134067815	-79.1841725797
-36.129159441	-79.1848451529
-36.124250452	-79.1855176478
-36.11934085	-79.1861900645
-36.114430633	-79.1868624029
-36.109519802	-79.1875346631
-36.104608357	-79.188206845
-36.101026348	-79.1872852426
-36.096114486	-79.1879572876
-36.09120201	-79.1886292544
-36.087621009	-79.1877074941
-36.084040622	-79.1867856931
-36.079127927	-79.1874574644
-36.075548352	-79.1865355642
-36.07196939	-79.1856136235
-36.068391043	-79.1846916421
-36.063478327	-79.1853631593
-36.05990079	-79.1844410788
-36.056323867	-79.1835189577
-36.052747558	-79.1825967961
-36.049171862	-79.1816745939
-36.045596778	-79.1807523512
-36.040684439	-79.1814234973
-36.037110167	-79.1805011555
-36.032197413	-79.1811721648
-36.028623952	-79.180249724
-36.023710783	-79.1809205963
-36.018797002	-79.1815913903
-36.015224551	-79.180668792
-36.010310355	-79.181339449
-36.006738716	-79.1804167517
-36.001824107	-79.1810872718
-35.998253279	-79.1801644756
-35.993338256	-79.1808348588
-35.98842262	-79.1815051635
-35.984852804	-79.1805822099
-35.981283599	-79.1796592159
-35.977715007	-79.1787361815
-35.974147027	-79.1778131068
-35.97057966	-79.1768899916
-35.965664409	-79.1775599255
-35.962097853	-79.1766367115
-35.958531909	-79.1757134573
-35.953616446	-79.1763831958
-35.950051313	-79.1754598427
-35.945135438	-79.1761294442
-35.941571117	-79.1752059925
-35.936654831	-79.1758754571
-35.933091322	-79.1749519066
-35.928174624	-79.1756212342
-35.923257315	-79.1762904833
-35.919694818	-79.1753667757
-35.914777098	-79.1760358878
-35.911215413	-79.1751120815
-35.90765434	-79.174188235
-35.904093877	-79.1732643483
-35.899176148	-79.1739332066
-35.895616498	-79.1730092213
-35.892057459	-79.1720851958
-35.888499031	-79.1711611302
-35.884941213	-79.1702370244
-35.880023677	-79.1709055706
-35.876466671	-79.1699813662
-35.872910276	-79.1690571217
-35.867992533	-79.1697254726
-35.864436949	-79.1688011297
-35.859518796	-79.1694693436
-35.855964025	-79.1685449022
-35.851045463	-79.1692129791
-35.847491504	-79.1682884393
-35.843938155	-79.1673638594
-35.839019387	-79.168031741
-35.83546685	-79.1671070628
-35.831914922	-79.1661823445
-35.828363605	-79.1652575862
-35.824812897	-79.1643327878
-35.821262799	-79.1634079494
-35.817713309	-79.1624830711
-35.81416443	-79.1615581527
-35.810616159	-79.1606331944
-35.805698399	-79.161300531
-35.80215094	-79.1603754745
-35.79860409	-79.159450378
-35.795057848	-79.1585252416
-35.791512216	-79.1576000652
-35.787967192	-79.1566748489
-35.783049836	-79.1573418156
-35.779505623	-79.1564165013
-35.775962018	-79.155491147
-35.772419021	-79.1545657528
-35.768876633	-79.1536403188
-35.76395948	-79.154306974
-35.760417903	-79.1533814419
-35.756876933	-79.15245587
-35.753336571	-79.1515302583
-35.74841942	-79.1521966602
-35.744879869	-79.1512709505
-35.741340926	-79.150345201
-35.73780259	-79.1494194117
-35.742719131	-79.1487531843
-35.739181198	-79.1478274134
-35.735643873	-79.1469016027
-35.732107154	-79.1459757523
-35.728571043	-79.1450498621
-35.725035538	-79.1441239322
-35.72150064	-79.1431979625
-35.717966348	-79.1422719532
-35.722880857	-79.1416060539
-35.719346968	-79.1406800629
-35.724260668	-79.1400141431
-35.720727182	-79.1390881705
-35.725640072	-79.13842223
-35.722106988	-79.1374962758
-35.71857451	-79.1365702819
-35.715042638	-79.1356442483
-35.71151137	-79.1347181751
-35.716422842	-79.1340523882
-35.712891977	-79.1331263333
-35.71780264	-79.1324605258
-35.722712697	-79.1317946397
-35.719182031	-79.1308686612
-35.72409128	-79.1302027545
-35.728999924	-79.1295367691
-35.730377294	-79.1279448611
-35.735284525	-79.1272787765
-35.731754257	-79.1263529509
-35.736660681	-79.1256868458
-35.741566501	-79.1250206621
-35.738036432	-79.1240949129
-35.742941445	-79.1234287087
-35.747845854	-79.1227624259
-35.744315985	-79.121836753
-35.749219587	-79.1211704498
-35.754122585	-79.120504068
-35.750592915	-79.1195784715
-35.755495107	-79.1189120692
-35.751965839	-79.117986491
-35.748437175	-79.1170608731
-35.753338359	-79.1163945084
-35.749810097	-79.1154689088
-35.754710476	-79.1148025236
-35.751182615	-79.1138769423
-35.747655358	-79.1129513213
-35.744128704	-79.1120256608
-35.740602653	-79.1110999605
-35.737077206	-79.1101742207
-35.732177837	-79.1108403161
-35.727277865	-79.111506333
-35.723753425	-79.1105804377
-35.718853053	-79.1112463182
-35.713952078	-79.1119121202
-35.710428645	-79.1109860694
-35.705527269	-79.111651735
-35.700625291	-79.1123173221
-35.695722711	-79.1129828306
-35.692200489	-79.1120565665
-35.687297508	-79.1127219385
-35.683776092	-79.1117955769
-35.678872712	-79.1124608125
-35.67396873	-79.1131259695
-35.669064144	-79.1137910479
-35.664158956	-79.1144560476
-35.659253165	-79.1151209688
-35.654346771	-79.1157858113
-35.649439774	-79.1164505751
-35.644532175	-79.1171152603
-35.641012991	-79.1161883959
-35.636104993	-79.1168529445
-35.631196391	-79.1175174143
-35.62767822	-79.1165903947
-35.62276922	-79.1172547279
-35.617859618	-79.1179189824
-35.614342458	-79.1169918075
-35.609432458	-79.1176559254
-35.604521855	-79.1183199645
-35.599610649	-79.1189839248
-35.59469884	-79.1196478064
-35.589786429	-79.1203116091
-35.584873414	-79.120975333
-35.579959797	-79.1216389781
-35.575045577	-79.1223025443
-35.571530663	-79.1213748669
-35.566616045	-79.1220382963
-35.561700825	-79.1227016469
-35.556785001	-79.1233649186
-35.551868575	-79.1240281113
-35.548355089	-79.1231001631
-35.543438266	-79.123763219
-35.53852084	-79.124426196
-35.533602811	-79.1250890941
-35.528684179	-79.1257519132
-35.525172123	-79.1248236941
-35.520253094	-79.1254863763
-35.515333464	-79.1261489795
-35.511822424	-79.1252206055
-35.508311988	-79.1242921922
-35.504802155	-79.1233637397
-35.509721164	-79.1227013101
-35.51463957	-79.1220388015
-35.519557374	-79.1213762139
-35.524474576	-79.1207135473
-35.529391175	-79.1200508017
-35.534307171	-79.1193879773
-35.539222565	-79.1187250738
-35.544137357	-79.1180620915
-35.549051546	-79.1173990303
-35.553965133	-79.1167358902
-35.558878118	-79.1160726712
-35.563790501	-79.1154093734
-35.568702281	-79.1147459967
-35.565190365	-79.1138182571
-35.570101337	-79.1131548595
-35.575011708	-79.112491383
-35.579921477	-79.1118278278
-35.584830643	-79.1111641938
-35.589739208	-79.110500481
-35.591134625	-79.1089092576
-35.596041781	-79.1082454452
-35.600948336	-79.107581554
-35.605854289	-79.1069175842
-35.610759641	-79.1062535357
-35.615664391	-79.1055894085
-35.620568539	-79.1049252026
-35.625472086	-79.1042609181
-35.630375032	-79.103596555
-35.635277377	-79.1029321132
-35.631763591	-79.1020051625
-35.636665131	-79.1013407
-35.641566069	-79.1006761589
-35.638052477	-79.0997492845
-35.634539487	-79.0988223707
-35.629638956	-79.0994867961
-35.62612677	-79.0985597852
-35.621225842	-79.0992240742
-35.616324314	-79.0998882847
-35.611422185	-79.1005524165
-35.607911212	-79.0996251928
-35.603008686	-79.1002891882
-35.598105559	-79.100953105
-35.593201832	-79.1016169431
-35.589692073	-79.1006895067
-35.58478795	-79.1013532083
-35.579883226	-79.1020168313
-35.574977901	-79.1026803755
-35.570071975	-79.1033438411
-35.565165448	-79.1040072279
-35.56025832	-79.1046705359
-35.555350592	-79.1053337652
-35.550442262	-79.1059969157
-35.545533331	-79.1066599874
-35.5406238	-79.1073229803
-35.535713667	-79.1079858944
-35.530802933	-79.1086487296
-35.525891597	-79.109311486
-35.520979661	-79.1099741635
-35.524486541	-79.1109024091
-35.519573797	-79.1115650655
-35.514660451	-79.1122276431
-35.509746503	-79.1128901417
-35.504831955	-79.1135525614
-35.499916804	-79.1142149021
-35.495001053	-79.1148771639
-35.490084699	-79.1155393468
-35.485167744	-79.1162014506
-35.480250187	-79.1168634754
-35.475332028	-79.1175254212
-35.470413268	-79.118187288
-35.465493906	-79.1188490758
-35.460573941	-79.1195107844
-35.455653375	-79.120172414
-35.450732207	-79.1208339645
-35.44722844	-79.119904852
-35.442306879	-79.1205662656
-35.437384715	-79.1212276001
-35.43246195	-79.1218888554
-35.42895941	-79.1209595304
-35.424036252	-79.1216206488
-35.419112492	-79.1222816881
-35.41418813	-79.1229426481
-35.409263166	-79.123603529
-35.404337601	-79.1242643306
-35.399411433	-79.124925053
-35.394484663	-79.1255856962
-35.389557291	-79.1262462601
-35.384629317	-79.1269067448
-35.37970074	-79.1275671501
-35.374771562	-79.1282274762
-35.369841781	-79.1288877229
-35.364911398	-79.1295478904
-35.359980413	-79.1302079784
-35.355048825	-79.1308679871
-35.350116635	-79.1315279165
-35.346618056	-79.1305976279
-35.341685475	-79.1312574201
-35.336752291	-79.1319171328
-35.331818505	-79.1325767661
-35.326884116	-79.13323632
-35.321949125	-79.1338957945
-35.317013532	-79.1345551895
-35.312077336	-79.135214505
-35.307140537	-79.135873741
-35.302203136	-79.1365328974
-35.297265132	-79.1371919744
-35.300761595	-79.1381228408
-35.295822776	-79.138781896
-35.290883354	-79.1394408717
-35.282447505	-79.139168728
-35.27750709	-79.1398274867
-35.272566073	-79.1404861658
-35.267624453	-79.1411447653
-35.262682229	-79.1418032852
-35.257739403	-79.1424617254
