> -L"antarctic_islands_coastlines"
120.474386865	-66.944396947
120.47495749	-66.9404146202
120.477389014	-66.9398535617
120.475958126	-66.9389001742
120.47838946	-66.938339102
120.480820674	-66.9377779903
120.479389772	-66.9368246432
120.481820796	-66.9362635178
120.484251699	-66.9357023531
120.486682481	-66.935141149
120.485251498	-66.9341878679
120.487682091	-66.9336266501
120.486251163	-66.9326733838
120.488681567	-66.9321121523
120.487250692	-66.9311589007
120.48581994	-66.9302056383
120.488250087	-66.9296444187
120.486819389	-66.928691171
120.485388811	-66.9277379124
120.483958355	-66.926784643
120.48252802	-66.9258313626
120.481097807	-66.9248780713
120.479667714	-66.9239247692
120.478237743	-66.9229714562
120.479237381	-66.9214570784
120.477807586	-66.9205037692
120.480236885	-66.9199427016
120.478807143	-66.9189894072
120.481236254	-66.9184283258
120.479806566	-66.9174750462
120.482235488	-66.9169139511
120.484664289	-66.9163528167
120.483234588	-66.9153995774
120.4856632	-66.9148384293
120.488091691	-66.9142772419
120.490520061	-66.9137160152
120.49294831	-66.9131547492
120.495376438	-66.9125934438
120.497804444	-66.9120320991
120.50023233	-66.9114707152
120.502660094	-66.9109092919
120.505087736	-66.9103478293
120.507515258	-66.9097863275
120.509942659	-66.9092247863
120.512369938	-66.9086632059
120.510939551	-66.9077102632
120.513366642	-66.9071486691
120.515793612	-66.9065870357
120.514363213	-66.9056341333
120.516789994	-66.9050724863
120.515359649	-66.9041195987
120.512932935	-66.9046812201
120.511502777	-66.903728296
120.510072741	-66.9027753609
120.508642827	-66.901822415
120.506216192	-66.9023839203
120.504786466	-66.9014309378
120.50335686	-66.9004779445
120.50578336	-66.8999164904
120.504353809	-66.8989635118
120.506780121	-66.8984020441
120.505350623	-66.8974490803
120.507776747	-66.8968875989
120.506347303	-66.8959346498
120.508773239	-66.8953731548
120.511199054	-66.8948116205
120.509769597	-66.8938587117
120.512195224	-66.8932971638
120.514620729	-66.8927355766
120.515616577	-66.8912211073
120.518041774	-66.8906594673
120.5190373	-66.8891449854
120.521462187	-66.8885832925
120.520032692	-66.8876305047
120.522457391	-66.8870687981
120.52488197	-66.8865070523
120.525876852	-66.8849925455
120.528301122	-66.8844307468
120.526871601	-66.8834780397
120.529295683	-66.8829162274
120.531719644	-66.8823543759
120.534143483	-66.8817924852
120.536567202	-66.8812305553
120.540420656	-66.8816211653
120.5428442	-66.8810591314
120.544274243	-66.882011674
120.546697733	-66.8814495752
120.548127964	-66.8824020813
120.5505514	-66.8818399177
120.551981819	-66.8827923873
120.5544052	-66.8822301589
120.555835807	-66.8831825919
120.559689929	-66.8835726951
120.562113201	-66.8830103371
120.563544184	-66.8839626969
120.565967402	-66.8834002741
120.567398572	-66.8843525974
120.569821737	-66.8837901098
120.573676204	-66.8841798441
120.576099193	-66.8836172524
120.577530806	-66.884569477
120.57995374	-66.8840068205
120.582376553	-66.8834441248
120.584799246	-66.88288139
120.586231179	-66.8838335267
120.588653817	-66.8832707271
120.591076334	-66.8827078883
120.592508522	-66.8836599627
120.594930984	-66.8830970591
120.597353325	-66.8825341163
120.599775545	-66.8819711344
120.601208054	-66.882923121
120.603630219	-66.8823600743
120.606052263	-66.8817969884
120.607485026	-66.8827489127
120.609907016	-66.8821857621
120.613761902	-66.8825744343
120.615195041	-66.8835262854
120.617616921	-66.8829630051
120.619050247	-66.8839148196
120.620483695	-66.8848666231
120.621917263	-66.8858184156
120.624339222	-66.8852550192
120.625772978	-66.8862067751
120.628194882	-66.8856433139
120.630616665	-66.8850798136
120.632050676	-66.8860315072
120.634472404	-66.885467942
120.635906602	-66.8864195989
120.638328275	-66.885855969
120.639762661	-66.8868075893
120.64218428	-66.8862438946
120.643618853	-66.8871954781
120.646040417	-66.8866317186
120.647475178	-66.8875832655
120.649896687	-66.8870194412
120.651331636	-66.8879709515
120.652766706	-66.8889224507
120.655188227	-66.8883585359
120.656623484	-66.8893099984
120.65904495	-66.8887460188
120.660480396	-66.8896974447
120.662901806	-66.8891334003
120.666758795	-66.8895206802
120.668194616	-66.8904720327
120.670615916	-66.8899078587
120.672051925	-66.8908591744
120.674473171	-66.8902949356
120.675909367	-66.8912462146
120.674924307	-66.8927617727
120.672502807	-66.8933260237
120.670081186	-66.8938902356
120.667659444	-66.8944544084
120.66523758	-66.8950185421
120.662815595	-66.8955826367
120.664251636	-66.8965340477
120.661829463	-66.8970981289
120.663265559	-66.8980495546
120.660843198	-66.8986136223
120.662279349	-66.8995650627
120.659856801	-66.9001291169
120.661293007	-66.901080572
120.662729334	-66.902032016
120.664165784	-66.902983449
120.665602354	-66.9039348709
120.667039046	-66.9048862818
120.66847586	-66.9058376817
120.670898807	-66.9052734733
120.672335808	-66.9062248364
120.673772931	-66.9071761885
120.67619589	-66.9066118895
120.678618727	-66.9060475514
120.680056104	-66.906998841
120.682478886	-66.9064344381
120.683916451	-66.9073856909
120.685354138	-66.9083369328
120.686791947	-66.9092881635
120.688229877	-66.9102393832
120.690652803	-66.9096748383
120.692090921	-66.9106260212
120.694513791	-66.9100614114
120.695952097	-66.9110125575
120.698374913	-66.9104478829
120.699813407	-66.9113989922
120.702236166	-66.9108342528
120.704658805	-66.9102694741
120.706097553	-66.911220521
120.708520136	-66.9106556775
120.710942597	-66.9100907949
120.713364936	-66.9095258733
120.714804005	-66.9104768318
120.717226289	-66.9099118453
120.719648452	-66.9093468197
120.722070492	-66.908781755
120.723509882	-66.9097326253
120.725931867	-66.9091674957
120.72835373	-66.9086023271
120.730775472	-66.9080371193
120.732215182	-66.9089879013
120.734636868	-66.9084226287
120.737058433	-66.9078573171
120.739479875	-66.9072919663
120.741901197	-66.9067265765
120.744322396	-66.9061611476
120.746743474	-66.9055956797
120.74916443	-66.9050301726
120.753025624	-66.9054151915
120.755446403	-66.9048495806
120.75786706	-66.9042839306
120.760287595	-66.9037182416
120.762708009	-66.9031525135
120.765128301	-66.9025867464
120.767548471	-66.9020209402
120.768989349	-66.9029713396
120.771409463	-66.9024054686
120.773829456	-66.9018395586
120.776249327	-66.9012736095
120.777690525	-66.9022239205
120.78011034	-66.9016579067
120.782530033	-66.9010918538
120.783971485	-66.9020421021
120.786391122	-66.9014759845
120.788810638	-66.9009098278
120.791230032	-66.9003436321
120.792671803	-66.901293792
120.795091141	-66.9007275316
120.797510357	-66.9001612321
120.799929452	-66.8995948936
120.802348425	-66.899028516
120.804767276	-66.8984620995
120.807186005	-66.897895644
120.809604613	-66.8973291495
120.812023099	-66.8967626159
120.814441463	-66.8961960434
120.816859705	-66.8956294319
120.819277825	-66.8950627814
120.821695824	-66.8944960919
120.824113701	-66.8939293635
120.822671075	-66.8929795385
120.825088764	-66.8924127968
120.823646194	-66.8914629864
120.822203745	-66.8905131648
120.824621182	-66.8899464356
120.823178789	-66.8889966287
120.824153702	-66.8874800939
120.825128483	-66.8859635606
120.827545357	-66.8853967919
120.826103133	-66.8844470287
120.82851982	-66.8838802467
120.830936385	-66.8833134258
120.833352829	-66.882746566
120.831910529	-66.8817968689
120.834326786	-66.8812299959
120.836742921	-66.8806630839
120.839158934	-66.880096133
120.841574825	-66.8795291431
120.843990595	-66.8789621144
120.846406243	-66.8783950466
120.84882177	-66.87782794
120.850264528	-66.8787774568
120.852679999	-66.8782102855
120.856538359	-66.8785925293
120.857981491	-66.8795419722
120.86039685	-66.8789746715
120.861840169	-66.8799240774
120.863283611	-66.8808734722
120.864727174	-66.8818228557
120.863755239	-66.8833396318
120.865198981	-66.8842890188
120.866642844	-66.8852383945
120.864226971	-66.8858058109
120.86567089	-66.8867552012
120.863254831	-66.8873226045
120.860838649	-66.8878899688
120.858422345	-66.8884572942
120.85986619	-66.8894067506
120.857449699	-66.8899740629
120.855033087	-66.8905413362
120.856476922	-66.891490833
120.854060122	-66.8920580931
120.851643201	-66.8926253143
120.849226157	-66.8931924965
120.850669917	-66.8941420594
120.848252687	-66.8947092285
120.845835334	-66.8952763586
120.843417859	-66.8958434498
120.841000263	-66.8964105019
120.842443883	-66.8973601568
120.840026099	-66.8979271958
120.837608193	-66.8984941958
120.835190166	-66.8990611569
120.83663371	-66.9000108779
120.834215495	-66.9005778257
120.831797158	-66.9011447346
120.829378699	-66.9017116044
120.826960119	-66.9022784353
120.824541416	-66.9028452272
120.823565864	-66.9043618446
120.821146852	-66.9049285843
120.818727718	-66.905495285
120.816308462	-66.9060619467
120.813889085	-66.9066285694
120.811469585	-66.907195153
120.809049964	-66.9077616977
120.806630221	-66.9083282033
120.804210356	-66.9088946699
120.801790369	-66.9094610975
120.80323317	-66.9104111828
120.800812996	-66.9109775971
120.798392699	-66.9115439724
120.79597228	-66.9121103086
120.79355174	-66.9126766058
120.791131078	-66.913242864
120.788710294	-66.9138090832
120.786289387	-66.9143752632
120.782889539	-66.9164578123
120.780468202	-66.917023901
120.778046742	-66.9175899506
120.77562516	-66.9181559612
120.773203457	-66.9187219327
120.770781631	-66.9192878651
120.737845667	-66.9256906597
120.735422201	-66.926256019
120.732998613	-66.9268213392
120.730574904	-66.9273866203
120.728151072	-66.9279518622
120.725727118	-66.9285170651
120.723303043	-66.9290822287
120.720878845	-66.9296473533
120.719438292	-66.928696392
120.717014039	-66.9292614517
120.714589664	-66.9298264722
120.712165167	-66.9303914535
120.710724935	-66.9294404039
120.708300383	-66.9300053204
120.705875708	-66.9305701977
120.703450912	-66.9311350358
120.702011001	-66.9301838979
120.69958615	-66.9307486712
120.697161176	-66.9313134052
120.694736081	-66.9318781002
120.692310864	-66.9324427559
120.69087134	-66.9314915039
120.688446068	-66.9320560947
120.686020674	-66.9326206464
120.684581405	-66.9316693318
120.682155955	-66.9322338186
120.679730384	-66.9327982661
120.67829137	-66.931846889
120.675865743	-66.9324112717
120.673439995	-66.9329756151
120.672001236	-66.9320241755
120.669575432	-66.932588454
120.667149506	-66.9331526934
120.665711002	-66.9322011912
120.663285021	-66.9327653656
120.65942067	-66.9323779362
120.656994512	-66.9329420064
120.654568232	-66.9335060375
120.653130238	-66.9325544103
120.650703904	-66.9331183765
120.648277447	-66.9336823034
120.645850869	-66.9342461912
120.643424168	-66.9348100397
120.641986563	-66.9338582985
120.639559808	-66.9344220821
120.637132931	-66.9349858265
120.634705932	-66.9355495316
120.632278812	-66.9361131975
120.629851569	-66.9366768241
120.627424205	-66.9372404115
120.624996719	-66.9378039597
120.622569112	-66.9383674687
120.620141382	-66.9389309384
120.617713531	-66.9394943688
120.615285558	-66.94005776
120.612857463	-66.9406211119
120.610429247	-66.9411844246
120.608000908	-66.941747698
120.605572448	-66.9423109322
120.604580403	-66.9438262796
120.602151632	-66.944389461
120.59972274	-66.944952603
120.597293726	-66.9455157058
120.598730183	-66.9464679245
120.59630098	-66.9470310137
120.593871655	-66.9475940636
120.5953081	-66.9485463227
120.592878586	-66.949109359
120.591885383	-66.9506246556
120.589455559	-66.951187639
120.587025613	-66.9517505832
120.588462034	-66.9527029232
120.586031899	-66.9532658537
120.583601642	-66.953828745
120.58503805	-66.9547811253
120.582607604	-66.955344003
120.580177037	-66.9559068413
120.577746347	-66.9564696403
120.579182676	-66.9574220869
120.576751797	-66.9579848723
120.574320797	-66.9585476184
120.575757113	-66.9595001053
120.573325924	-66.9600628378
120.570894613	-66.9606255309
120.568463179	-66.9611881847
120.569899416	-66.9621407378
120.567467794	-66.962703378
120.56503605	-66.9632659788
120.562604184	-66.9638285403
120.560172196	-66.9643910624
120.557740086	-66.9649535452
120.555307854	-66.9655159886
120.556743809	-66.966468685
120.554311388	-66.9670311148
120.551878845	-66.9675935052
120.553314788	-66.968546242
120.550882056	-66.9691086188
120.548449202	-66.9696709561
120.546016226	-66.9702332542
120.543583128	-66.9707955128
120.541149908	-66.971357732
120.538716566	-66.9719199119
120.540152226	-66.972872792
120.537718695	-66.9734349582
120.535285042	-66.973997085
120.532851267	-66.9745591724
120.53041737	-66.9751212204
120.531852883	-66.9760741924
120.529418796	-66.9766362267
120.526984588	-66.9771982216
120.524550257	-66.9777601771
120.523114947	-66.976807128
120.520680562	-66.9773690184
120.518246055	-66.9779308693
120.516811002	-66.9769777578
120.51437644	-66.9775395437
120.512941576	-66.9765863955
120.51050696	-66.9771481163
120.509072286	-66.9761949314
120.507637733	-66.9752417357
120.506203302	-66.974288529
120.504768993	-66.9733353113
120.507203339	-66.9727736934
120.505769084	-66.9718204905
120.504334951	-66.9708672766
120.502900941	-66.9699140518
120.505334962	-66.9693524715
120.503901005	-66.9683992615
120.502467171	-66.9674460405
120.501033458	-66.9664928085
120.499599866	-66.9655395657
120.502033496	-66.9649780487
120.500599959	-66.9640248206
120.499166544	-66.9630715815
120.497733251	-66.9621183315
120.496300079	-66.9611650706
120.498733317	-66.960603617
120.497300199	-66.9596503708
120.495867204	-66.9586971137
120.498300185	-66.9581356721
120.496867243	-66.9571824297
120.497867148	-66.9556677467
120.496434382	-66.9547145082
120.498866918	-66.9541530647
120.497434206	-66.9531998409
120.496001617	-66.9522466062
120.494569149	-66.9512933606
120.492136816	-66.951854727
120.490704537	-66.9509014448
120.48827215	-66.9514627461
120.48684006	-66.9505094273
120.485408091	-66.9495560976
120.482975718	-66.9501173083
120.481543938	-66.949163942
120.480112281	-66.9482105648
120.478680744	-66.9472571767
120.476248452	-66.947818271
120.474817105	-66.9468648463
120.473385879	-66.9459114108
120.475818037	-66.9453503678
120.474386865	-66.944396947
