# GSHHS Master File: Resolution = crude Continent = Australia
#
> Id = 6 N = 170 G = 0 L = 1 E = 180 S = 1 R = 113.152861/153.639583/-39.139611/-10.688722 A = 7592691.58283 B = 7602454.94485 P = - F = 6
146.230028	-38.697083
147.972083	-37.893361
147.454139	-38.079611
147.657472	-37.850444
149.979611	-37.505056
150.152972	-35.700972
150.842944	-35.066694
150.602944	-34.865833
151.201222	-33.510833
152.542944	-32.444222
152.359556	-32.186667
153.065417	-31.058389
153.639583	-28.638361
153.024583	-27.294194
153.192944	-25.931694
151.769556	-24.020861
150.791667	-23.509611
150.668306	-22.347083
150.635861	-22.660444
150.041667	-22.125417
150.060417	-22.658361
149.812500	-22.382111
149.630472	-22.585000
148.772944	-20.236694
146.260444	-18.863389
145.957889	-16.897528
145.402139	-16.435000
145.347889	-14.949194
144.515056	-14.166250
143.772917	-14.399194
143.545417	-12.844167
142.534167	-10.688722
142.130389	-10.961694
142.079611	-11.985861
141.586222	-12.558361
141.976833	-12.594778
141.461250	-13.852528
141.667028	-15.040861
140.609167	-17.613806
139.598361	-17.538778
139.036639	-16.912917
136.676667	-15.926306
135.411222	-14.934972
136.072111	-13.667528
135.909556	-13.285000
136.461667	-13.253778
136.462083	-12.777500
136.977972	-12.348333
136.564139	-11.879611
136.016694	-12.498778
136.045000	-12.064611
135.652889	-12.206667
135.912500	-11.952917
135.215389	-12.300861
134.748389	-11.951250
134.150889	-12.174583
133.915833	-11.742083
133.508333	-11.879583
131.973333	-11.127111
131.767889	-11.325833
132.722972	-11.623333
132.762944	-12.154583
131.462500	-12.285444
131.287528	-12.045444
130.812139	-12.408333
130.964972	-12.671278
130.575833	-12.407111
130.732083	-12.728333
130.351222	-12.670028
130.317972	-13.373333
129.816639	-13.499583
129.365417	-14.339972
129.998778	-14.705861
129.605833	-15.206250
129.290000	-14.862083
129.125861	-15.281278
129.092528	-14.904611
128.559139	-14.766278
128.199583	-15.069222
128.372139	-15.496694
128.128333	-15.186250
128.009972	-15.513750
128.227056	-14.714194
127.428333	-13.942944
126.874972	-13.747139
126.612528	-14.250417
126.535806	-13.932083
126.230028	-14.250417
126.009167	-13.920389
125.918361	-14.677083
125.614167	-14.230472
125.137889	-14.745833
125.506694	-15.172056
124.829556	-15.157472
125.249583	-15.581667
124.675028	-15.254583
124.360417	-15.670028
124.495000	-16.002972
124.750389	-15.810889
124.391306	-16.339222
124.976250	-16.381722
124.400028	-16.565444
123.557500	-16.173750
123.504583	-16.662500
123.971278	-16.825833
123.930806	-17.267917
123.569528	-17.037556
123.566722	-17.627083
122.922528	-16.387944
122.172917	-17.263333
122.369556	-18.117500
121.113306	-19.539611
119.092472	-19.957917
117.377472	-20.777083
116.804167	-20.523778
114.645833	-21.837917
114.330028	-22.522139
113.990417	-21.872528
113.396250	-24.406694
114.231222	-26.315889
113.870806	-25.942083
113.722083	-26.200028
113.509111	-25.505417
113.837917	-26.591667
113.152861	-26.149194
114.867056	-29.114194
115.052111	-30.507528
115.882944	-31.961694
115.697917	-33.300861
115.000417	-33.528361
115.128306	-34.372944
116.624139	-35.057944
117.953306	-35.128778
119.903361	-33.934583
123.526667	-33.937972
124.234139	-33.019583
125.957500	-32.288778
131.152472	-31.464583
134.181667	-32.485417
134.059611	-32.914139
134.707917	-33.181667
135.518750	-34.614194
135.112889	-34.590000
135.957500	-35.007917
135.933722	-34.534194
137.781000	-33.000000
137.754139	-32.458778
137.977917	-33.553361
137.450444	-34.140028
137.452944	-34.908333
137.015833	-34.895444
136.851694	-35.285417
137.762556	-35.117944
138.094194	-34.135417
138.567861	-34.826667
138.097861	-35.626694
138.890806	-35.533750
139.517556	-35.961250
139.722472	-36.288806
139.612111	-36.156722
139.740361	-37.183306
140.581667	-38.032917
143.556639	-38.858750
144.928306	-37.842917
145.116278	-38.148333
144.658361	-38.311278
145.488306	-38.235444
145.371639	-38.539611
146.276222	-39.000000
146.230028	-38.697083
