# GSHHS Master File: Resolution = crude Continent = NAmerica
#
> Id = 2 N = 667 G = 0 L = 1 E = 180 S = 1 R = 191.867583/304.379194/7.204750/72.002694 A = 20154740.09 B = 20095472.3638 P = - F = 2
278.917417	  8.808389
278.105167	  9.188250
278.210806	  8.943333
277.755083	  8.998306
276.119972	 11.292611
276.802556	 14.328083
276.614833	 15.250861
274.978222	 15.987306
271.853444	 15.681667
271.063472	 15.890583
271.782639	 16.957444
271.906861	 18.355222
271.601806	 18.378306
271.948000	 18.856833
272.160750	 18.188194
272.584778	 19.592333
272.256444	 19.671861
273.210111	 21.342583
271.863194	 21.630028
269.717833	 21.053222
269.280806	 19.363056
268.443750	 18.439667
267.654917	 18.679194
265.583167	 18.060806
264.814194	 18.719139
264.142583	 18.716556
262.226750	 22.073028
262.108889	 22.597500
262.133722	 24.525000
262.190389	 25.258278
262.589972	 25.424611
262.472500	 25.015389
262.855472	 25.960056
262.577889	 27.263306
262.217889	 27.281639
262.595417	 27.330806
262.807222	 28.170167
263.598750	 28.443306
263.336611	 28.722028
264.026500	 28.658139
263.782472	 28.490361
264.877417	 29.068361
265.008500	 29.714250
265.531389	 29.557361
265.228500	 29.360806
266.157806	 29.678917
266.137083	 29.990472
266.164583	 29.693083
267.676417	 29.532333
268.171194	 29.832750
269.141722	 29.088278
269.555028	 29.349861
269.885056	 29.140722
269.803944	 29.569111
270.233306	 29.479556
270.585833	 28.919556
271.001361	 29.182611
270.292056	 29.562500
270.762056	 29.887472
269.592444	 30.212417
271.863306	 30.310722
271.998806	 30.775056
272.223583	 30.374882
271.969778	 30.221694
272.972306	 30.606583
272.813611	 30.342444
273.800639	 30.493806
273.484111	 30.389972
274.417472	 30.311250
274.643361	 29.663333
275.791667	 30.139583
276.317806	 29.924944
277.373722	 28.871639
277.146222	 27.869972
277.595417	 27.945833
277.306222	 27.474167
277.641194	 26.914972
277.999528	 26.976667
278.267917	 25.910806
278.973722	 25.564139
278.910000	 25.117056
279.447072	 25.168877
279.433333	 24.954556
279.968333	 26.805944
278.397889	 31.210000
279.330667	 32.215667
279.173167	 32.497306
279.382444	 32.255722
281.222556	 33.766611
283.669139	 34.885389
283.024139	 35.000389
283.533750	 35.262472
283.004472	 35.483639
283.845861	 35.326250
284.272194	 35.625528
284.150611	 35.974917
283.965806	 35.648750
283.941694	 35.992889
283.262944	 35.933306
283.789972	 36.300417
284.203583	 36.071528
284.044056	 36.720750
284.461583	 35.776694
284.003389	 36.923167
283.013944	 37.242333
283.589328	 37.090804
283.190750	 37.532000
283.496167	 37.245528
283.701361	 37.561083
283.070389	 37.983944
283.636944	 37.608222
283.762361	 37.890833
282.662250	 38.345028
282.763889	 38.662389
283.676222	 38.037417
283.368917	 39.260750
284.123833	 39.539472
283.620778	 38.852361
284.358750	 37.975833
284.051694	 37.119528
284.947083	 38.410000
284.462861	 39.731667
285.137472	 38.942056
285.902861	 39.766639
285.709111	 40.509000
286.410806	 41.042889
288.517694	 41.359028
288.594944	 41.819389
288.805444	 41.452778
290.045417	 41.646611
289.943444	 42.041611
289.665694	 41.708694
288.940806	 42.370778
289.740222	 43.716472
290.219722	 43.742639
290.209806	 44.089917
290.789083	 43.932556
291.174306	 44.666444
291.175083	 44.309972
291.755639	 44.586417
291.941111	 44.331611
293.051250	 44.816639
292.812833	 45.226472
293.541667	 45.058722
295.662000	 45.880667
295.056306	 45.330167
296.622750	 45.360889
295.896583	 45.002472
295.504361	 45.336694
293.888306	 44.498694
293.829500	 43.800194
294.530722	 43.450389
295.694306	 44.566194
296.351611	 44.431250
296.337500	 44.726278
298.688750	 45.190806
299.039583	 45.322500
298.090750	 45.882889
296.718639	 45.707889
295.290750	 46.314611
295.203139	 47.074639
294.581111	 47.070278
295.194278	 47.805083
294.330417	 47.601222
294.169139	 47.910083
293.204500	 47.987056
294.756611	 48.011222
295.683306	 48.417917
295.396667	 49.111250
293.828278	 49.207083
291.815861	 48.635417
288.806556	 46.813056
290.093750	 47.769028
290.010806	 48.257361
292.623306	 49.317889
293.543306	 50.267889
300.094972	 50.262917
301.309972	 51.261250
303.041639	 51.423750
304.307472	 52.088333
303.749194	 52.450000
304.372472	 52.444944
303.459167	 52.603278
304.234139	 52.593306
303.805778	 52.831611
304.199111	 53.334972
303.516639	 53.788750
302.628306	 53.425389
302.872472	 53.940000
301.824944	 54.237889
299.227500	 53.245806
301.619111	 54.227500
300.406639	 54.037111
302.665806	 54.580806
301.810806	 54.748333
302.056639	 54.930389
301.026639	 54.827083
300.971583	 55.154556
300.595000	 54.968694
300.803361	 55.239528
300.064972	 54.744556
300.584111	 55.158333
300.012472	 55.107472
300.221667	 55.335389
299.304167	 54.986667
299.677417	 55.777500
299.330000	 55.548750
299.405000	 55.812083
298.246694	 55.964556
298.679139	 56.224139
297.973250	 56.226278
298.419194	 56.282500
297.775750	 56.471639
298.349167	 56.539194
297.460778	 56.755806
298.328306	 56.618722
298.637500	 57.099972
297.467444	 57.489139
298.107500	 57.632500
297.320806	 57.929139
297.550000	 58.172889
296.644139	 57.969139
297.442417	 58.479972
296.392444	 58.291667
297.147500	 58.700806
296.861694	 59.054556
295.949111	 59.019167
296.642444	 59.197500
295.300833	 60.024972
295.632472	 60.246667
295.151556	 60.372917
294.463333	 59.745694
294.986111	 59.383472
294.252333	 59.270528
294.684528	 59.045722
293.913583	 58.818361
294.029056	 58.272667
293.623056	 58.854833
292.325333	 58.015111
291.992361	 58.584861
291.315222	 58.002583
291.651528	 58.781583
289.744444	 58.777222
290.153611	 59.059944
290.453889	 58.809111
290.761972	 59.322944
290.238833	 59.321556
290.282500	 59.966639
289.125278	 60.045917
290.382694	 60.071444
290.495917	 61.067639
290.102583	 60.799278
288.380306	 61.153556
288.445417	 61.617194
287.729278	 61.574167
286.305250	 62.482194
285.467806	 62.106944
282.572111	 62.581889
281.805444	 62.254694
282.516500	 61.533194
281.773528	 60.783778
282.490556	 60.840389
282.804444	 60.043722
281.399389	 58.677528
282.998000	 58.021056
283.474583	 56.375750
282.368444	 55.278194
280.238639	 54.634333
280.968028	 54.169750
281.594028	 52.233000
280.954278	 51.763028
281.140528	 51.172556
280.688667	 51.663861
280.242194	 51.132556
279.371194	 51.270528
279.431417	 51.700889
277.669222	 52.943833
277.673500	 55.151361
274.791417	 55.235472
269.196833	 57.323194
267.188139	 56.913917
267.571833	 57.350944
266.823250	 58.737028
265.798417	 58.789028
265.743250	 58.406000
265.031111	 59.059361
265.242806	 60.515639
266.738556	 61.734861
266.358778	 61.953083
268.149417	 62.572139
267.599972	 62.839611
268.613639	 62.780556
269.370778	 63.158194
268.282456	 63.684904
267.537056	 63.517222
267.772611	 63.745806
266.051222	 63.917667
266.192333	 64.214389
269.349667	 63.445417
270.019722	 64.162167
271.886833	 64.145444
273.089472	 65.140833
269.076472	 65.925917
270.178222	 65.992417
272.659806	 65.320278
274.142167	 66.159306
273.230556	 66.539944
276.192972	 66.143611
274.822694	 66.910167
276.089861	 66.916722
276.650167	 66.345167
278.811583	 67.454389
277.356306	 68.438472
278.762028	 68.640056
277.958472	 68.881417
278.678250	 69.199083
276.744694	 69.537417
277.452139	 69.701111
274.457750	 69.861944
275.288722	 68.728222
274.379111	 68.737056
273.487722	 67.334083
272.500278	 67.107056
271.774111	 68.918917
270.669083	 69.244639
269.751611	 68.186722
268.572556	 69.358333
269.650861	 69.459278
267.123778	 69.690889
267.642194	 70.244500
268.495028	 70.183917
265.516444	 71.994194
263.400111	 70.823750
264.245944	 70.716944
263.814139	 69.862250
266.658167	 69.377472
265.739111	 69.321806
265.384139	 68.751667
266.177778	 69.014222
266.544417	 68.579472
264.531611	 68.062750
264.696028	 67.166472
263.553889	 67.465861
264.117722	 68.301000
263.332250	 68.006306
263.632111	 68.320500
262.696250	 68.507111
261.319028	 68.398833
261.932658	 67.916920
262.793500	 67.950222
262.688722	 67.520028
261.436111	 68.105639
261.113750	 67.688167
257.783250	 67.659361
256.615889	 68.158611
255.003361	 68.154806
253.811083	 68.946750
251.188667	 68.265833
252.440083	 68.166639
254.259104	 68.595102
251.971222	 67.775250
252.956083	 67.137917
252.933528	 66.818611
252.237306	 66.961556
252.793306	 66.347250
251.464000	 67.062306
252.035694	 67.283306
249.963972	 68.010917
248.133917	 67.668194
244.902250	 67.802556
244.751444	 68.188861
246.111278	 68.397972
245.022167	 68.871000
242.930333	 68.878611
238.119833	 69.817250
235.625722	 69.335917
235.474250	 70.200528
234.535528	 69.311389
231.959861	 70.577306
232.550917	 70.140917
229.119000	 69.305917
230.332028	 70.255639
226.978889	 69.359694
225.794111	 69.247944
225.501556	 69.708833
224.000639	 69.206306
224.705028	 68.639917
216.744944	 70.117889
208.799972	 70.352056
207.396111	 70.545806
207.737417	 70.840444
205.812417	 70.768750
204.924889	 71.130444
204.002528	 70.749833
204.431083	 71.161611
203.514917	 71.388722
202.183222	 70.866833
200.342528	 70.796222
200.156278	 70.310833
199.872333	 70.607111
198.074833	 70.294556
196.048222	 68.989528
193.769611	 68.877083
193.152000	 68.337778
195.830694	 67.626278
196.302083	 67.106583
198.346472	 67.022306
198.511639	 66.525806
199.788250	 66.458000
198.416528	 66.441722
197.528500	 66.952417
198.908194	 66.112417
196.239028	 66.061333
195.595944	 66.582444
191.894667	 65.685111
193.946500	 65.251694
193.039833	 65.163778
193.787639	 64.578694
196.832333	 64.395917
196.865611	 64.652861
197.206167	 64.323389
198.252722	 64.845417
199.213722	 64.717861
198.463917	 64.417444
199.271306	 63.870750
198.856972	 63.503472
197.686639	 63.543722
196.691722	 63.003750
195.573278	 63.211611
193.874861	 61.493500
194.437889	 61.087583
195.216611	 61.139333
194.871083	 60.916583
196.581750	 60.726472
195.507694	 60.554361
195.871972	 59.836556
197.804556	 60.157611
198.479028	 59.104583
197.863806	 58.633917
199.660750	 59.077250
201.114889	 58.391722
201.460583	 59.141583
201.811194	 58.611694
203.158333	 59.035694
202.464472	 58.399139
202.599111	 57.486667
199.665139	 56.294306
199.743278	 55.767889
198.196083	 55.896500
196.643306	 54.811250
197.026127	 55.028807
197.447417	 54.957500
197.354806	 55.303361
198.037944	 55.106250
198.420389	 55.620806
198.763306	 55.354917
200.183111	 55.855861
200.399972	 55.563167
204.385111	 57.792444
205.787528	 58.134417
206.750028	 58.852500
205.834500	 59.010306
205.858694	 59.373528
209.418667	 61.359944
210.846611	 61.502972
209.921028	 61.157306
211.030833	 60.807472
209.609583	 61.040000
208.585778	 60.719972
208.133278	 59.760694
209.070028	 59.791500
208.257361	 59.156583
210.259389	 59.636556
210.276667	 59.954194
210.474083	 59.705000
210.573250	 60.122917
211.573667	 59.948889
212.064111	 60.438333
211.285806	 60.786667
212.278917	 61.276639
212.123333	 60.825417
212.480028	 61.154639
212.614972	 60.871222
213.684444	 61.133944
213.261500	 60.908222
213.946972	 60.824806
213.343389	 60.684889
213.954861	 60.795778
214.051556	 60.453722
215.121694	 60.457306
215.748250	 60.024583
218.588750	 60.139833
219.685028	 59.692028
220.485056	 60.056639
221.114222	 59.806639
220.699806	 59.561194
220.494833	 59.991194
220.137278	 59.535750
223.313306	 58.210361
223.960778	 58.384972
222.951917	 59.067500
223.763250	 58.751222
223.814278	 59.068139
224.079111	 58.380806
224.909111	 58.240833
224.650444	 59.480750
225.217306	 58.393306
225.853139	 58.201972
226.286667	 58.538167
225.944028	 58.062389
226.864222	 57.864222
226.410806	 57.770083
227.106306	 57.495917
226.337472	 57.714167
226.942528	 57.357556
226.427500	 57.183333
228.508889	 56.236556
227.814111	 55.589167
228.969139	 56.102000
229.294917	 55.755806
229.133250	 54.770444
229.861999	 55.328924
230.066889	 55.948778
229.828194	 55.073750
230.339167	 54.978306
229.557444	 54.654139
230.012444	 54.304139
229.551528	 54.648722
229.510750	 54.364139
230.442472	 54.220833
229.889111	 53.950000
230.684778	 53.371222
231.314000	 53.997611
231.230111	 53.547361
231.878722	 53.491361
231.011361	 53.545000
232.168194	 52.736194
231.589139	 52.290833
231.980864	 52.524809
232.123556	 52.196250
232.995889	 52.666222
232.100861	 51.819167
232.321639	 51.462083
232.754194	 51.681639
232.217472	 51.321667
232.939083	 51.351667
232.214111	 51.162500
233.343389	 51.195917
232.469139	 51.014167
233.806639	 50.947944
233.414083	 50.849167
233.777261	 50.695925
234.463278	 50.996222
233.700833	 50.631667
234.293250	 50.421250
234.528306	 50.721250
234.404111	 50.449194
234.882444	 50.428306
235.178472	 50.929194
234.919111	 50.324167
235.660194	 50.506778
235.191694	 50.010750
235.734167	 49.742056
236.148194	 50.162694
236.473694	 49.704167
236.030389	 49.512472
236.829167	 49.692889
236.838667	 49.017472
237.508583	 48.752417
237.799026	 47.506672
237.092201	 47.046513
237.505417	 47.511667
237.394111	 47.942028
236.841444	 47.353500
237.243194	 48.145306
235.268722	 48.381667
235.826139	 46.927333
236.193750	 46.971667
235.911694	 46.270639
236.568694	 46.244167
235.976639	 46.229917
235.431556	 42.839167
235.935972	 41.444694
235.587500	 40.441667
236.268333	 38.921556
236.976972	 37.994417
237.743028	 38.060833
237.991056	 37.464167
237.521611	 37.809556
237.592889	 37.196639
239.358556	 35.135139
239.361306	 34.559389
241.465444	 34.033833
242.564972	 33.254250
244.300028	 29.754833
245.952500	 28.465139
245.722444	 27.903167
246.042222	 27.656056
244.973194	 27.740417
246.373528	 26.719222
246.832861	 26.992833
247.761083	 26.083972
247.823917	 24.814111
249.671611	 23.560278
249.991250	 22.892389
250.540944	 23.198333
250.173167	 24.061167
249.318278	 24.359861
248.558083	 26.519389
247.296056	 27.753500
247.154250	 28.441167
245.434306	 30.011306
245.045250	 31.881000
246.892750	 31.205139
247.825111	 28.967806
248.893583	 27.936056
249.498500	 27.869167
249.476056	 27.291361
250.906611	 26.286361
250.600361	 25.681639
251.955806	 25.068750
252.004417	 24.646722
254.026556	 22.879944
254.809667	 21.460917
254.459667	 20.770139
254.753222	 20.582361
254.304722	 20.409889
254.480694	 20.032472
256.490083	 18.312667
258.049861	 17.960944
258.928278	 17.266472
263.436583	 15.645000
265.680861	 16.139972
268.694667	 13.948833
271.532111	 13.157444
271.282500	 13.264222
272.595917	 13.417722
272.696528	 12.924972
272.307639	 12.909472
274.329333	 11.060333
274.047417	 10.892611
274.338944	 10.776000
274.327444	  9.904889
274.889889	  9.554944
275.137556	  9.829750
274.717361	 10.267694
275.258583	  9.968944
276.377556	  9.041167
276.430806	  8.440556
276.722750	  8.386417
276.619611	  8.744778
277.107306	  8.033222
277.281917	  8.326694
278.239278	  8.213528
278.484361	  7.709056
278.943778	  7.914889
279.109972	  7.205639
279.560361	  7.239833
280.007528	  7.516472
279.526611	  8.230778
280.454071	  8.943615
280.359299	  9.050504
280.213758	  9.000970
279.913797	  9.018942
280.124910	  9.320334
280.090499	  9.359440
278.917417	  8.808389
