# GSHHS Master File: Resolution = crude Continent = Antarctica_G
#
> Id = 5 N = 360 G = 3 L = 1 E = 180 S = 3 R = 0.000000/360.000000/-90.000000/-63.212900 A = 12159993.4149 B = 12101711.4918 P = - F = 5
360.000000	-71.492700
359.492000	-71.774900
358.879000	-71.257000
353.835000	-71.373400
354.006000	-70.680700
352.025000	-70.863500
352.411000	-71.628400
351.611000	-71.739400
350.016000	-70.917200
349.204000	-71.589700
347.748000	-71.308500
349.150000	-71.773800
348.688000	-72.394000
345.622000	-72.706300
346.044000	-73.142600
344.112000	-73.141200
343.467000	-73.884400
345.613000	-73.894500
344.353000	-74.439600
342.434000	-74.356300
341.749000	-75.460300
331.130000	-76.352700
325.639000	-77.476400
323.721000	-78.400700
323.723000	-78.844900
326.349000	-79.216700
329.801000	-79.040400
329.305000	-79.586900
337.460000	-79.921100
324.654000	-80.614600
322.781000	-81.090400
321.195000	-80.859500
314.461000	-82.526700
313.729000	-81.909200
305.746000	-82.185500
300.414000	-83.469600
297.197000	-82.522800
299.590000	-82.168100
293.913000	-82.300900
293.729000	-81.949000
296.535000	-81.843100
294.305000	-81.710700
297.729000	-81.564400
294.608000	-81.498200
289.211000	-80.609400
287.399000	-80.963100
284.446000	-80.893800
283.740000	-80.077000
280.309000	-79.997900
283.283000	-79.957400
283.942000	-79.426100
279.944000	-79.230500
279.188000	-79.543800
276.163000	-77.970500
279.278000	-78.809500
282.135000	-78.757300
282.494000	-78.396500
278.325000	-77.842400
284.943000	-78.231900
287.300000	-77.579600
284.512000	-77.552000
282.293000	-76.489500
290.070000	-76.684400
289.915000	-76.409300
296.175000	-75.594600
296.924000	-75.353100
295.579000	-75.297100
296.972000	-75.142500
295.933000	-74.981400
296.850000	-74.646300
297.859000	-74.954200
297.652000	-74.402800
299.333000	-74.321300
298.083000	-74.319900
299.275000	-73.698500
297.931000	-73.132000
299.298000	-73.396400
300.054000	-72.892200
299.224000	-73.078700
299.481000	-72.657500
298.566000	-72.654600
299.330000	-71.996700
297.540000	-71.927900
299.217000	-71.777400
297.873000	-71.652700
299.092000	-71.207000
297.936000	-70.893300
298.647000	-70.554700
297.585000	-70.403100
297.600000	-69.510800
296.079000	-68.970500
297.159000	-68.437600
295.750000	-68.568500
295.961000	-68.833400
294.736000	-68.632000
295.251000	-68.113200
294.234000	-68.161700
294.377000	-67.344900
295.248000	-67.317800
295.375000	-66.767900
296.259000	-66.903100
296.192000	-66.187000
297.362000	-66.736500
297.337000	-66.217000
299.022000	-66.340500
299.454000	-65.950600
297.954000	-66.108600
297.788000	-65.307600
300.030000	-64.380400
301.191000	-64.551300
300.895000	-64.219200
302.512000	-63.446300
303.186000	-63.639800
302.962000	-63.263400
298.408000	-64.428600
296.913000	-65.168000
295.930000	-65.151300
296.211000	-65.603400
294.277000	-66.144800
294.325000	-66.686300
293.456000	-66.642900
293.526000	-67.344100
293.037000	-66.924600
292.375000	-67.181400
292.395000	-67.549600
293.491000	-67.507300
292.511000	-68.828700
293.253000	-69.071600
292.619000	-69.509700
291.152000	-69.416600
293.271000	-72.088200
291.325000	-73.093400
282.889000	-73.889700
283.142000	-73.461000
281.134000	-73.607700
279.467000	-72.953700
279.815000	-73.410900
278.757000	-73.252700
277.872000	-73.893400
274.326000	-73.167400
271.548000	-73.270100
271.103000	-72.643500
270.797000	-73.111200
268.914000	-73.336300
258.038000	-73.059900
257.082000	-72.698500
257.125000	-73.308900
261.171000	-73.599700
256.993000	-73.606800
261.324000	-75.313400
248.629000	-75.230600
249.912000	-74.566200
248.396000	-74.168200
248.479000	-74.796500
245.874000	-75.067600
246.789000	-74.405000
245.768000	-73.862600
244.713000	-74.520200
242.183000	-74.521300
242.011000	-74.256300
240.579000	-74.658400
235.302000	-74.725100
226.121000	-74.932900
224.589000	-74.563600
223.155000	-74.749600
223.683000	-75.182400
220.755000	-75.125100
218.676000	-75.496900
219.353000	-75.807400
217.624000	-75.433700
213.756000	-75.913700
214.558000	-76.448600
211.555000	-76.089400
210.287000	-76.407500
213.602000	-76.550300
214.770000	-77.227000
213.622000	-77.511600
211.206000	-77.108200
212.233000	-77.488600
210.185000	-77.824300
207.706000	-77.305600
206.186000	-77.444300
203.910000	-77.056600
202.982000	-77.361900
201.773000	-77.074300
201.663000	-77.982500
206.212000	-78.239300
203.549000	-78.691200
212.933000	-79.908600
210.989000	-79.861900
212.451000	-80.050700
209.627000	-80.075000
208.966000	-80.424100
212.425000	-80.905200
202.925000	-81.258200
206.207000	-81.683900
207.468000	-82.541000
200.749000	-83.548900
195.448000	-83.516700
194.167000	-83.170400
190.411000	-83.312500
185.620000	-82.765200
195.971000	-83.923600
196.999000	-84.362900
193.655000	-84.382600
204.402000	-84.833400
203.718000	-85.235900
180.077000	-84.363200
180.000000	-84.356508
167.149000	-83.239700
168.687000	-83.003600
165.250000	-82.390500
160.620000	-82.430500
163.932000	-82.195600
160.303000	-81.382000
160.779000	-80.379000
158.149000	-80.434800
161.467000	-79.907400
159.694000	-79.919100
159.623000	-79.529600
161.004000	-78.933700
162.051000	-79.077400
161.518000	-78.512900
162.668000	-78.952100
164.466000	-78.590600
167.248000	-78.645600
165.490000	-78.018900
163.822000	-78.233000
164.556000	-77.876000
162.285000	-76.956000
162.904000	-75.824800
162.218000	-75.390700
160.579000	-75.380500
162.577000	-75.238900
163.514000	-74.334800
165.432000	-74.641600
164.507000	-73.328100
165.649000	-73.919500
166.115000	-73.477700
167.943000	-73.363000
166.762000	-73.366700
166.359000	-72.901000
169.225000	-73.276300
169.926000	-72.719900
168.310000	-72.376800
170.254000	-72.612300
170.275000	-71.293600
170.186000	-71.675800
167.143000	-71.023500
167.708000	-70.794500
164.164000	-70.489500
163.884000	-70.788900
162.579000	-70.263800
162.351000	-71.114600
159.779000	-69.504600
155.502000	-69.121100
153.887000	-68.278400
153.843000	-68.761200
151.586000	-68.688900
151.539000	-68.923900
150.976000	-68.347000
147.029000	-68.431200
146.038000	-67.581600
143.880000	-67.936200
144.448000	-67.000200
139.830000	-66.802200
137.457000	-66.343300
136.639000	-66.547300
135.470000	-66.107700
134.313000	-66.526000
133.792000	-66.104800
130.739000	-66.142600
129.102000	-67.171600
127.076000	-67.147100
126.837000	-66.434200
125.902000	-66.304600
124.714000	-66.761100
124.009000	-66.585400
118.887000	-67.430700
120.411000	-66.937100
118.461000	-67.190000
116.939000	-66.947700
113.689000	-67.502300
115.779000	-66.781300
113.225000	-65.764100
110.931000	-66.048100
110.755000	-66.711900
108.872000	-66.973800
102.663000	-65.859100
101.276000	-65.948900
 98.821500	-66.918400
 98.512900	-66.446200
 93.715100	-66.752200
 91.979900	-66.499500
 84.421700	-67.116400
 83.619600	-67.640000
 79.058300	-68.161200
 75.811000	-69.840400
 73.996600	-69.714400
 72.797000	-70.048100
 71.545500	-71.608600
 68.320000	-72.512600
 67.212700	-73.323700
 66.316200	-73.135200
 69.266600	-70.450100
 67.198000	-70.260000
 68.153700	-69.721800
 68.962300	-69.974100
 68.739100	-69.388900
 69.729500	-69.323200
 69.631200	-67.757800
 60.465300	-67.367400
 59.512100	-67.613600
 57.581400	-66.991000
 56.149700	-67.412700
 55.752200	-67.203500
 56.727000	-66.918500
 55.990900	-66.586400
 57.230100	-66.534900
 53.778100	-65.841000
 50.417900	-66.335500
 50.889500	-67.215900
 48.449400	-66.969100
 49.407500	-67.215600
 48.401700	-68.027000
 46.520500	-67.272100
 46.423000	-67.743400
 44.927200	-67.732900
 39.851700	-68.828000
 39.006800	-70.205100
 37.778000	-69.680000
 35.241000	-69.740100
 35.182100	-69.279500
 33.598600	-69.057700
 34.363700	-68.716000
 33.300400	-68.664500
 32.488700	-68.912900
 32.764100	-70.017700
 27.281600	-70.987500
 24.904100	-70.933500
 24.084000	-70.399200
 22.329300	-70.770100
 21.716700	-70.225400
 21.137200	-70.838400
 19.539800	-70.951200
 19.034400	-70.179000
 18.067300	-70.545400
 16.476600	-70.452800
 16.521900	-70.126500
 13.845200	-70.353800
 12.967000	-70.039700
 11.226300	-70.766700
  9.171990	-70.070000
  9.161860	-70.378600
  7.923510	-70.476100
  7.516960	-70.179900
  7.679730	-70.517800
  2.516240	-70.900700
  0.000000	-71.492700
360.000000	-71.492700
