5547
5798
7189
7616
8020
10356
10425
10824
10993
12586
12690
13382
14489
15119
15930
16354
18753
19130
19177
19429
20190
20542
22090
22806
23611
25073
25580
32133
33413
33933
34024
34213
35016
35234
37120
37773
38267
38498
38881
39747
41862
42899
50825
51644
51987
53758
58243
60564
62883
64608
66950
71460
72087
73144
75867
76505
76731
78076
80422
83320
85072
87493
94413
95839
95851
102160
103802
109311
110956
116576
117306
120108
120281
125942
126974
129941
135815
137342
138293
138552
144179
144327
150960
153534
154428
154570
155207
155572
155801
155936
156725
157370
162169
162262
162265
162739
162832
162955
163172
168488
168512
168570
168601
168618
169035
169205
