# GSHHS Master File: Resolution = low Continent = Africa
#
> Id = 1 N = 1290 G = 1 L = 1 E = 180 S = 1 R = -17.533778/51.415417/-34.830444/37.349556 A = 29220969.727 B = 29221221.3913 P = - F = 1
 32.278333	 31.125389
 32.173333	 31.132083
 32.099194	 31.047889
 32.012083	 31.125806
 32.030778	 31.217083
 31.927444	 31.180389
 31.900833	 31.251194
 31.771250	 31.273361
 31.884194	 31.537056
 31.557500	 31.442861
 31.028306	 31.600389
 30.975417	 31.582500
 31.116667	 31.489556
 31.020028	 31.517083
 30.990000	 31.439583
 30.793278	 31.447056
 30.727500	 31.385361
 30.547056	 31.392472
 30.972500	 31.584556
 30.489972	 31.452917
 30.357500	 31.510389
 30.389583	 31.442500
 30.342444	 31.496222
 30.255833	 31.301250
 30.124944	 31.272083
 30.069139	 31.330389
 29.500833	 30.948750
 29.064944	 30.822056
 28.434972	 31.088778
 27.924972	 31.099583
 27.860000	 31.247917
 27.675000	 31.178722
 27.450000	 31.215389
 27.339972	 31.373750
 26.982472	 31.442056
 25.888361	 31.630417
 25.419194	 31.506194
 25.200833	 31.523639
 24.979833	 31.971056
 24.088333	 32.012944
 23.719972	 32.177917
 23.314139	 32.213750
 23.319944	 32.152889
 23.093694	 32.309194
 23.159556	 32.453306
 23.107472	 32.635389
 22.146639	 32.939583
 21.920778	 32.895417
 21.708306	 32.941222
 21.409194	 32.787917
 21.064139	 32.762917
 20.650806	 32.583750
 20.100000	 32.182056
 19.947083	 31.972500
 19.921222	 31.760000
 20.173750	 31.160806
 20.057083	 30.850861
 19.624944	 30.421222
 19.289167	 30.286250
 18.989972	 30.274583
 17.853306	 30.925389
 16.767444	 31.213750
 16.124972	 31.252889
 15.741667	 31.397889
 15.482028	 31.679972
 15.359556	 32.160806
 15.205028	 32.382056
 14.480778	 32.511222
 14.220778	 32.697944
 13.605806	 32.791194
 13.388306	 32.897861
 12.746694	 32.792917
 12.299139	 32.837889
 11.329083	 33.264500
 11.439861	 33.179528
 11.182389	 33.203667
 11.089944	 33.299500
 11.297778	 33.276583
 11.099472	 33.359111
 11.052389	 33.622833
 10.919944	 33.617083
 10.926667	 33.527944
 10.755000	 33.472083
 10.683750	 33.532500
 10.728306	 33.705389
 10.485833	 33.631250
 10.214139	 33.797083
 10.043722	 34.005833
 10.017861	 34.187528
 10.190778	 34.362028
 10.725806	 34.648750
 11.162917	 35.215833
 11.034528	 35.345028
 11.050389	 35.625833
 10.834944	 35.697083
 10.830000	 35.781250
 10.651611	 35.811194
 10.467833	 36.135778
 10.543750	 36.371639
 10.809111	 36.457028
 11.118750	 36.833306
 11.039139	 37.089583
 10.612444	 36.883750
 10.431611	 36.712889
 10.300389	 36.764167
 10.355389	 36.874139
 10.174556	 37.037500
 10.238750	 37.112500
 10.138722	 37.143278
 10.281639	 37.184583
  9.883306	 37.271222
  9.822111	 37.227472
  9.936194	 37.192472
  9.815833	 37.142917
  9.764583	 37.223278
  9.882111	 37.272444
  9.867917	 37.332472
  9.745000	 37.349556
  9.219139	 37.239583
  8.788278	 36.955361
  8.430806	 36.896194
  8.225778	 36.951194
  7.899972	 36.842917
  7.766222	 36.875000
  7.791639	 36.970444
  7.620806	 36.962056
  7.381639	 37.083722
  7.172500	 37.082056
  7.229167	 36.964583
  6.930806	 36.882056
  6.415806	 37.086250
  6.266667	 37.026250
  6.208306	 36.907111
  5.691667	 36.821250
  5.344139	 36.641194
  5.123333	 36.687056
  5.109111	 36.777917
  4.788389	 36.892056
  3.895861	 36.925389
  3.487472	 36.767889
  3.229111	 36.815444
  3.123278	 36.743694
  2.899167	 36.805417
  2.558333	 36.592028
  2.348333	 36.642889
  1.084139	 36.493750
  0.344972	 36.196250
  0.000000	 35.842889
 -0.159167	 35.792056
 -0.382472	 35.909583
 -0.623389	 35.713694
 -0.790861	 35.773722
 -0.937528	 35.727917
 -1.199667	 35.573333
 -1.286667	 35.357917
 -1.957500	 35.075389
 -2.427583	 35.149528
 -2.627528	 35.087833
 -2.875056	 35.213694
 -2.742167	 35.115806
 -2.830083	 35.108667
 -2.926306	 35.182417
 -2.929222	 35.262861
 -2.877139	 35.218278
 -2.979139	 35.441972
 -3.088389	 35.283750
 -3.341667	 35.187056
 -3.707556	 35.290417
 -3.808361	 35.205389
 -3.934194	 35.264583
 -4.355833	 35.150389
 -4.688389	 35.206278
 -5.245000	 35.552056
 -5.354611	 35.795806
 -5.282111	 35.901667
 -5.470861	 35.917111
 -5.788361	 35.779556
 -5.934639	 35.790778
 -6.122111	 35.214944
 -6.812500	 34.025389
 -7.537556	 33.627917
 -8.514194	 33.267056
 -8.750861	 32.977889
 -9.287111	 32.545833
 -9.262917	 32.180806
 -9.846222	 31.397500
 -9.807111	 30.827472
 -9.891306	 30.633306
 -9.606278	 30.415778
 -9.662944	 30.071639
-10.217944	 29.309139
-10.540056	 29.006222
-11.069139	 28.743722
-11.525000	 28.298750
-12.234167	 28.032889
-12.915861	 27.956250
-13.199667	 27.637500
-13.651250	 26.659194
-14.184194	 26.423750
-14.465417	 26.196667
-14.835417	 25.296611
-14.903778	 24.685861
-15.915417	 23.803306
-15.987556	 23.623750
-15.704583	 23.972500
-15.742917	 23.784972
-16.231306	 23.084972
-16.182917	 23.111694
-16.162944	 22.979139
-16.299583	 22.907472
-16.516250	 22.326667
-16.693361	 22.297083
-16.798750	 22.196639
-16.983000	 21.798139
-17.107222	 20.837528
-17.044278	 20.772167
-17.026361	 21.041583
-16.912528	 21.161194
-16.677944	 20.679194
-16.534194	 20.550417
-16.524583	 20.735000
-16.467500	 20.650417
-16.417528	 20.676250
-16.462944	 20.645806
-16.357972	 20.420806
-16.197917	 20.224972
-16.265444	 20.125806
-16.224556	 20.000806
-16.317083	 19.884194
-16.255444	 19.880861
-16.272083	 19.732472
-16.472944	 19.421639
-16.290833	 19.546222
-16.308806	 19.469944
-16.547917	 19.380000
-16.175417	 18.909167
-16.053778	 18.433333
-16.043750	 17.747500
-16.444694	 16.614167
-16.505472	 16.064972
-16.453861	 16.067472
-16.577056	 15.697472
-17.130861	 14.912861
-17.533778	 14.741667
-17.436639	 14.647083
-17.416694	 14.734611
-17.247472	 14.697917
-16.966306	 14.399167
-16.787917	 14.095778
-16.760833	 13.833722
-16.743778	 13.955000
-16.694194	 13.774556
-16.513778	 13.879167
-16.637972	 13.700000
-16.477917	 13.440000
-16.506667	 13.361250
-16.314194	 13.336250
-16.135028	 13.498722
-15.967500	 13.444556
-15.574611	 13.515806
-15.605000	 13.448722
-15.671694	 13.487083
-15.927500	 13.400389
-16.150028	 13.434583
-16.210472	 13.310000
-16.355028	 13.249583
-16.595417	 13.314139
-16.631667	 13.424583
-16.580028	 13.462056
-16.717944	 13.460000
-16.817083	 13.340833
-16.742111	 13.057472
-16.784583	 12.708333
-16.710417	 12.730000
-16.763778	 12.571611
-16.633722	 12.632500
-16.636722	 12.699639
-16.494167	 12.616194
-16.481639	 12.716278
-16.425806	 12.580417
-16.220472	 12.609972
-16.365833	 12.544556
-16.511639	 12.597111
-16.525861	 12.538694
-16.587500	 12.635417
-16.679611	 12.550806
-16.667500	 12.449583
-16.777083	 12.526639
-16.776250	 12.406639
-16.448333	 12.181250
-16.431667	 12.231222
-16.337528	 12.197889
-16.337083	 12.225861
-16.284167	 12.227083
-16.236694	 12.321222
-16.014194	 12.345389
-16.235028	 12.242917
-16.352083	 12.096667
-16.325861	 12.007917
-16.100889	 11.877917
-15.853778	 11.992472
-15.955833	 11.734556
-15.649194	 11.799556
-15.404222	 11.964528
-15.175028	 11.908722
-15.078306	 11.992028
-14.939167	 11.988722
-15.162528	 11.878750
-15.381722	 11.888750
-15.509583	 11.789167
-15.529167	 11.672889
-15.402111	 11.682472
-15.426667	 11.542083
-15.403361	 11.617917
-15.347944	 11.588306
-15.375861	 11.657056
-15.322972	 11.609167
-15.337500	 11.684556
-15.273778	 11.645806
-15.264194	 11.742917
-15.233361	 11.659556
-15.258333	 11.632028
-15.137500	 11.693750
-15.078389	 11.608722
-15.033750	 11.643278
-15.075000	 11.575417
-15.185000	 11.637889
-15.175861	 11.561222
-15.283361	 11.620417
-15.221278	 11.546611
-15.288361	 11.610417
-15.278333	 11.535361
-15.466694	 11.480389
-15.504611	 11.328333
-15.345167	 11.416583
-15.407944	 11.199167
-15.192111	 11.124139
-15.235000	 10.997917
-15.004639	 11.183306
-15.098750	 11.052500
-15.078389	 10.918722
-14.900028	 10.963750
-14.917972	 11.045028
-14.861667	 10.962861
-14.697083	 11.076639
-14.627111	 11.010861
-14.818750	 10.929194
-14.807556	 10.818750
-14.730833	 10.913722
-14.709583	 10.849167
-14.792083	 10.754139
-14.745028	 10.689528
-14.704611	 10.758306
-14.700833	 10.629556
-14.539500	 10.827639
-14.664611	 10.467500
-14.527083	 10.520778
-14.554611	 10.424972
-14.458778	 10.344944
-14.455833	 10.208722
-14.309194	 10.222917
-14.264167	 10.152056
-14.202500	 10.204583
-14.252139	 10.144167
-14.205000	 10.103750
-14.137528	 10.196250
-14.029778	 10.170222
-14.034167	 10.002917
-13.941667	  9.995361
-13.800028	  9.837889
-13.691722	  9.952056
-13.739583	  9.824111
-13.660861	  9.875389
-13.603333	  9.770361
-13.537056	  9.796611
-13.723750	  9.506639
-13.554972	  9.587917
-13.591222	  9.550000
-13.523361	  9.500389
-13.476667	  9.570361
-13.521278	  9.474139
-13.389694	  9.413583
-13.409583	  9.277472
-13.303944	  9.334861
-13.317056	  9.152472
-13.216361	  9.175528
-13.314639	  9.066639
-13.282972	  8.984167
-13.110250	  8.930000
-13.120056	  8.833722
-13.251278	  8.803306
-13.174611	  8.531667
-13.117944	  8.595000
-13.162944	  8.654139
-13.095861	  8.671250
-13.087500	  8.613750
-13.072500	  8.685361
-13.015444	  8.654139
-13.090833	  8.584528
-12.942500	  8.591194
-12.956306	  8.579167
-12.837083	  8.560833
-12.948333	  8.515389
-13.021667	  8.564556
-13.015028	  8.477889
-13.050861	  8.527111
-13.134583	  8.447500
-13.046667	  8.374556
-13.209139	  8.493778
-13.298361	  8.497083
-13.293778	  8.421639
-13.162111	  8.284972
-13.164194	  8.170389
-12.963778	  8.262500
-12.925444	  8.108361
-12.836278	  8.077472
-12.906278	  8.038333
-12.833806	  7.931639
-12.962083	  7.916667
-12.870000	  7.823722
-12.739167	  7.820417
-12.787083	  7.760806
-12.612500	  7.687083
-12.456250	  7.766639
-12.540444	  7.654194
-12.455833	  7.681250
-12.466306	  7.555806
-12.335417	  7.544167
-12.489583	  7.446667
-12.352944	  7.383333
-12.521278	  7.384111
-11.564028	  6.996111
-11.348278	  6.757833
-11.230750	  6.789500
-11.200750	  6.674528
-11.389472	  6.743278
-10.870028	  6.463722
-10.782083	  6.394972
-10.819611	  6.311639
-10.697528	  6.232944
-10.375889	  6.160361
 -9.779222	  5.600389
 -9.554167	  5.477083
 -9.596250	  5.433333
 -9.299222	  5.151250
 -8.717500	  4.807083
 -7.732444	  4.367833
 -7.480806	  4.360361
 -7.028250	  4.546194
 -6.912500	  4.662056
 -6.201722	  4.884528
 -6.081250	  4.948306
 -6.124167	  4.997028
 -5.547111	  5.082500
 -5.610028	  5.115417
 -4.017000	  5.258389
 -3.710056	  5.187056
 -3.823750	  5.215806
 -3.730861	  5.199556
 -3.729194	  5.251194
 -3.692500	  5.182889
 -2.385028	  4.937889
 -2.092528	  4.735417
 -1.981694	  4.754611
 -1.616694	  5.025389
 -0.810028	  5.213750
  0.000000	  5.650788
  0.179972	  5.747889
  0.674167	  5.758750
  0.641667	  5.871222
  0.679972	  5.762083
  0.927500	  5.782917
  1.081667	  6.044500
  1.343361	  6.161167
  1.934194	  6.309556
  3.400000	  6.390417
  3.358722	  6.428361
  3.462472	  6.601222
  3.528333	  6.528722
  3.821639	  6.621194
  3.875361	  6.611639
  3.401250	  6.395806
  3.877472	  6.437083
  4.430833	  6.350389
  4.760028	  6.118722
  5.064167	  5.764528
  5.145417	  5.814194
  5.177500	  5.749528
  5.114071	  5.778623
  5.080389	  5.718333
  5.178333	  5.592083
  5.292444	  5.618722
  5.322500	  5.723778
  5.326667	  5.607056
  5.542861	  5.619194
  5.176250	  5.568306
  5.223306	  5.457056
  5.361667	  5.390417
  5.518750	  5.500833
  5.552056	  5.385806
  5.474972	  5.327056
  5.317861	  5.363333
  5.362083	  5.163306
  5.461639	  5.153722
  5.476222	  5.220833
  5.511278	  5.137472
  5.378694	  5.122472
  5.538778	  4.743333
  5.754167	  4.472861
  5.964972	  4.332917
  5.974583	  4.392500
  5.983333	  4.310417
  6.064167	  4.288750
  6.052083	  4.398361
  6.069194	  4.352861
  6.139139	  4.445389
  6.082889	  4.278333
  6.215833	  4.282111
  6.236667	  4.506250
  6.264139	  4.387056
  6.341611	  4.481222
  6.403306	  4.337917
  6.588278	  4.328694
  6.539944	  4.525417
  6.614556	  4.323278
  6.705028	  4.338722
  6.612917	  4.544139
  6.697444	  4.422028
  6.723333	  4.612917
  6.716250	  4.355000
  6.867472	  4.359583
  6.779139	  4.667861
  6.860389	  4.397500
  7.005778	  4.372917
  6.901222	  4.684139
  6.981639	  4.611222
  6.969167	  4.711278
  7.113333	  4.445417
  7.178722	  4.579139
  7.075806	  4.737917
  7.271667	  4.499556
  7.450444	  4.544972
  7.340000	  4.443722
  7.583722	  4.456639
  7.523278	  4.628750
  7.604167	  4.477056
  7.973306	  4.569583
  8.278278	  4.536222
  8.330389	  4.643306
  8.256278	  4.680861
  8.326222	  4.696667
  8.187917	  4.877444
  8.269556	  4.841639
  8.235778	  4.928750
  8.372472	  4.773722
  8.388335	  4.822485
  8.345361	  4.898306
  8.397861	  4.859167
  8.397472	  4.732056
  8.506639	  4.757083
  8.479944	  4.690417
  8.571250	  4.817500
  8.587917	  4.623278
  8.493722	  4.560833
  8.510833	  4.497889
  8.603722	  4.513333
  8.554972	  4.482056
  8.714583	  4.506667
  8.626250	  4.550000
  8.676222	  4.546639
  8.632500	  4.751222
  8.675833	  4.662917
  8.722056	  4.729167
  8.677083	  4.649972
  8.767472	  4.527083
  8.731250	  4.684972
  8.762472	  4.740389
  8.742861	  4.646611
  8.804194	  4.662083
  8.830389	  4.746667
  8.892500	  4.505389
  8.962889	  4.594167
  8.882889	  4.414167
  8.973722	  4.100000
  9.202444	  4.004583
  9.214167	  3.941194
  9.350833	  4.015389
  9.300417	  3.944972
  9.436639	  3.881194
  9.480806	  4.112917
  9.586611	  4.002889
  9.727944	  4.097500
  9.627083	  3.944972
  9.786667	  3.962917
  9.787472	  3.898694
  9.675444	  3.905000
  9.800000	  3.891222
  9.740389	  3.835833
  9.833694	  3.809167
  9.786667	  3.770417
  9.693278	  3.851222
  9.730417	  3.733306
  9.615444	  3.744944
  9.667444	  3.680389
  9.542917	  3.810833
  9.637444	  3.587083
  9.767889	  3.624139
  9.644556	  3.536639
  9.901639	  3.261222
  9.971278	  3.290861
  9.897917	  3.255833
  9.975417	  3.079111
  9.826250	  2.558306
  9.844556	  2.317500
  9.774528	  2.316611
  9.816222	  1.908333
  9.343722	  1.175833
  9.409167	  1.096250
  9.542500	  1.122889
  9.585806	  1.032056
  9.695972	  1.078750
  9.551222	  0.946611
  9.663750	  0.452500
  9.557028	  0.499167
  9.559139	  0.597056
  9.445417	  0.562472
  9.537056	  0.593333
  9.501639	  0.669556
  9.320778	  0.615389
  9.309583	  0.512500
  9.385444	  0.494167
  9.506639	  0.283750
  9.579972	  0.362028
  9.570361	  0.293333
  9.677472	  0.212889
  9.730833	  0.269583
  9.755806	  0.185389
  9.987083	  0.172500
  9.757083	  0.131667
  9.839111	  0.012861
  9.630000	  0.156250
  9.603333	  0.028722
  9.515028	  0.174528
  9.501667	  0.050389
  9.433306	  0.198778
  9.356194	  0.179139
  9.351639	  0.357917
  9.297889	 -0.370889
  9.106194	 -0.639222
  9.130417	 -0.714194
  9.053250	 -0.722278
  9.009139	 -0.634611
  8.946194	 -0.757944
  8.864583	 -0.758333
  8.853278	 -0.852111
  8.779611	 -0.681694
  8.714944	 -0.620389
  8.700389	 -0.668361
  8.848750	 -0.983361
  8.956222	 -0.989167
  8.936639	 -1.064611
  8.858750	 -1.017500
  9.234583	 -1.644194
  9.264583	 -1.881694
  9.322944	 -1.856694
  9.316667	 -1.927917
  9.276222	 -1.899222
  9.547889	 -2.202500
  9.619583	 -2.408361
  9.719972	 -2.476278
  9.752500	 -2.436278
  9.783333	 -2.519611
  9.697056	 -2.475028
  9.937083	 -2.672528
  9.884139	 -2.682111
 10.304611	 -2.978361
 10.256250	 -2.967500
 10.730417	 -3.454194
 10.668333	 -3.400444
 10.647889	 -3.443306
 10.954583	 -3.668361
 11.012861	 -3.826694
 11.727861	 -4.450861
 11.821222	 -4.785028
 12.177139	 -5.313472
 12.232944	 -5.526778
 12.145389	 -5.634278
 12.167917	 -5.727556
 12.404139	 -6.022944
 12.467056	 -5.973333
 12.439167	 -6.057083
 12.672944	 -6.010861
 12.504972	 -6.084611
 12.528333	 -6.127917
 12.304167	 -6.160472
 12.329972	 -6.077111
 12.272917	 -6.140000
 12.828750	 -6.991694
 12.853722	 -7.270028
 13.392111	 -8.388333
 13.344583	 -8.472528
 13.400389	 -8.749167
 13.220833	 -8.805417
 13.010833	 -9.101278
 13.134139	 -8.873778
 12.994583	 -9.087528
 13.176222	 -9.325000
 13.196222	 -9.686694
 13.311222	 -9.975028
 13.527889	-10.280889
 13.527889	-10.388361
 13.783722	-10.685889
 13.717861	-10.756694
 13.862833	-11.008361
 13.767083	-11.577500
 13.798750	-11.775028
 13.657056	-12.235028
 13.417444	-12.563750
 13.201639	-12.593778
 12.941250	-12.833333
 12.981222	-12.980861
 12.532889	-13.418361
 12.530417	-13.847528
 12.423722	-13.875861
 12.363750	-14.057472
 12.384556	-14.266694
 12.290417	-14.754194
 12.117028	-15.116694
 12.156222	-15.178333
 12.057083	-15.234167
 11.996250	-15.629167
 11.880000	-15.787111
 11.744556	-15.835833
 11.827889	-16.450861
 11.735333	-17.495000
 11.799500	-17.979194
 11.847056	-18.140861
 11.989583	-18.277500
 12.032056	-18.484167
 12.306250	-18.716694
 12.570444	-19.082500
 13.054556	-20.074194
 13.197111	-20.216694
 13.414556	-20.875889
 13.857028	-21.503361
 13.947083	-21.774194
 14.389500	-22.282722
 14.502028	-22.542611
 14.537028	-22.900028
 14.456556	-23.022083
 14.438250	-22.878028
 14.402833	-23.021639
 14.500389	-23.324167
 14.433667	-23.410028
 14.511167	-23.635000
 14.451250	-24.040028
 14.591250	-24.554167
 14.763722	-24.760889
 14.872889	-25.082528
 14.798750	-25.288306
 14.879556	-25.542500
 14.823750	-25.749167
 14.975444	-26.071667
 14.946250	-26.317528
 15.120389	-26.450861
 15.175417	-26.608361
 15.143278	-26.687111
 15.085417	-26.636667
 15.083750	-26.726667
 15.148750	-26.907500
 15.226222	-26.928333
 15.289583	-27.311667
 15.547056	-27.753333
 15.815806	-28.096250
 16.349139	-28.560444
 16.492028	-28.607528
 16.603722	-28.871694
 16.817056	-29.090861
 17.277889	-30.345000
 17.744556	-31.133389
 18.200444	-31.682500
 18.344611	-32.200028
 18.327083	-32.530028
 18.148306	-32.765417
 17.970778	-32.692944
 17.847889	-32.820028
 17.894583	-33.035000
 18.032889	-33.020833
 18.125417	-33.184222
 17.997444	-33.063778
 17.954611	-33.102528
 18.438778	-33.692528
 18.485444	-33.881667
 18.307917	-34.033361
 18.399944	-34.302111
 18.497056	-34.349194
 18.471639	-34.102889
 18.790806	-34.080444
 18.867889	-34.151694
 18.828278	-34.382083
 19.123333	-34.312139
 19.122472	-34.410417
 19.280861	-34.404611
 19.361250	-34.482500
 19.294111	-34.622083
 19.419139	-34.603806
 19.653278	-34.781306
 19.876639	-34.759583
 20.019972	-34.830444
 20.536667	-34.462111
 20.847444	-34.467111
 20.809583	-34.393361
 20.946639	-34.357944
 21.299111	-34.431306
 21.415028	-34.359611
 21.830778	-34.372083
 21.954972	-34.223778
 22.164972	-34.181250
 22.158333	-34.082944
 22.486611	-34.047111
 22.555833	-33.978750
 23.408306	-34.104639
 23.414972	-34.012083
 23.649944	-33.973750
 24.839972	-34.206278
 25.003306	-33.972917
 25.705000	-34.027972
 25.632056	-33.860861
 25.850833	-33.710417
 26.471611	-33.766278
 27.011639	-33.565417
 28.516639	-32.596278
 29.426667	-31.688750
 30.009167	-31.297111
 30.548750	-30.628361
 31.274556	-29.454194
 31.757472	-28.967944
 32.014972	-28.877111
 32.385389	-28.549194
 32.869611	-27.011694
 32.964389	-26.084111
 32.834056	-26.292917
 32.727306	-26.184556
 32.682361	-26.214556
 32.498667	-25.960056
 32.593222	-25.985444
 32.699056	-25.880500
 32.697417	-25.755500
 32.751556	-25.869639
 32.823667	-25.590889
 33.291639	-25.257917
 33.255833	-25.317111
 35.103083	-24.616222
 35.502056	-24.107528
 35.538722	-23.790833
 35.469111	-23.878750
 35.384972	-23.838750
 35.334194	-23.997917
 35.378750	-23.694222
 35.327889	-23.708361
 35.396639	-23.662139
 35.413722	-23.720861
 35.482917	-23.174167
 35.604556	-22.924194
 35.511222	-22.760833
 35.546222	-22.171722
 35.524972	-22.308778
 35.490833	-22.095417
 35.415861	-22.203806
 35.316222	-22.195000
 35.272083	-21.638389
 35.122083	-21.372500
 35.126222	-21.159194
 35.092444	-21.330444
 35.031194	-21.247528
 35.107944	-21.210861
 35.000444	-21.115028
 35.118722	-20.926694
 34.966222	-20.807556
 35.026250	-20.790028
 34.994194	-20.707944
 34.885806	-20.722139
 34.892444	-20.638778
 34.852500	-20.705444
 34.736667	-20.510444
 34.661222	-20.555056
 34.719583	-20.469194
 34.653722	-20.371694
 34.746250	-20.215861
 34.666250	-20.144972
 34.779611	-20.145889
 34.716111	-19.893500
 34.785417	-19.850028
 34.631222	-19.650833
 34.885000	-19.852944
 35.346611	-19.512083
 35.874194	-18.953806
 36.017500	-18.882944
 35.994167	-18.934583
 36.291611	-18.887083
 36.267500	-18.810417
 36.312500	-18.877111
 36.474556	-18.580833
 36.423750	-18.547528
 36.505833	-18.560444
 36.491194	-18.503361
 36.839583	-18.198361
 36.763750	-18.205806
 36.873333	-18.192083
 36.968694	-18.055861
 36.854972	-17.878750
 36.981639	-18.016278
 37.182028	-17.710972
 37.223333	-17.747889
 37.423333	-17.576278
 38.020889	-17.289444
 38.086667	-17.313750
 38.062528	-17.196250
 38.125417	-17.193333
 38.147528	-17.292083
 38.575000	-17.061278
 38.581639	-17.109611
 38.674972	-17.082111
 38.679972	-17.024611
 38.703333	-17.077111
 39.069139	-17.008778
 39.119583	-16.848361
 39.256250	-16.786722
 39.190444	-16.775000
 39.229139	-16.704611
 39.284167	-16.776278
 39.856639	-16.438806
 39.792056	-16.455833
 39.835361	-16.428389
 39.744583	-16.316694
 39.798722	-16.280833
 39.732889	-16.273333
 39.846611	-16.266306
 39.882500	-16.171278
 39.902472	-16.242139
 40.016611	-16.189611
 40.127889	-15.968306
 40.059139	-16.001250
 40.487917	-15.573333
 40.381667	-15.596250
 40.534583	-15.535028
 40.670417	-15.273333
 40.630000	-15.323778
 40.660389	-15.185833
 40.501694	-15.191250
 40.520389	-15.129194
 40.710417	-15.078361
 40.620778	-14.940417
 40.780389	-14.997528
 40.620417	-14.860000
 40.671611	-14.826250
 40.685833	-14.902056
 40.842111	-14.832528
 40.836222	-14.531667
 40.767056	-14.554194
 40.837917	-14.502500
 40.816194	-14.403333
 40.677500	-14.451250
 40.631222	-14.569194
 40.633750	-14.323333
 40.675000	-14.377917
 40.738778	-14.325861
 40.727917	-14.200833
 40.610833	-14.263750
 40.502083	-14.176694
 40.617056	-14.138361
 40.644611	-14.025056
 40.537056	-13.681667
 40.613722	-13.552500
 40.453778	-13.500833
 40.534972	-13.505472
 40.591222	-13.389222
 40.537889	-13.252528
 40.597056	-12.970028
 40.488750	-12.963333
 40.490806	-13.082972
 40.394556	-12.928389
 40.469972	-12.876250
 40.521667	-12.927083
 40.552889	-12.771694
 40.592528	-12.814611
 40.642083	-12.746694
 40.560389	-12.719194
 40.556667	-12.575417
 40.627889	-12.656667
 40.576611	-12.531250
 40.464972	-12.501250
 40.573694	-12.397528
 40.516250	-12.418361
 40.469556	-12.266694
 40.549583	-11.997500
 40.420389	-11.675028
 40.481222	-11.401667
 40.332083	-11.313333
 40.507917	-11.200028
 40.571194	-11.030000
 40.492806	-10.942639
 40.613694	-10.830944
 40.488306	-10.772194
 40.483278	-10.845528
 40.429556	-10.773444
 40.642056	-10.684278
 40.443750	-10.560944
 40.534167	-10.548028
 40.520000	-10.490556
 40.395694	-10.517083
 40.410083	-10.360500
 40.329222	-10.355500
 40.234222	-10.205500
 40.230028	-10.307222
 40.111750	-10.278000
 40.133444	-10.182139
 39.986611	-10.126361
 39.968222	-10.219694
 39.874917	-10.016361
 39.757500	 -9.977944
 39.704444	-10.031833
 39.791222	 -9.834194
 39.707861	 -9.740000
 39.679556	 -9.501667
 39.529583	 -9.375000
 39.647056	 -9.362528
 39.609556	 -9.068361
 39.539583	 -9.034194
 39.595417	 -9.150861
 39.539167	 -9.094611
 39.494167	 -9.191278
 39.492889	 -8.934194
 39.361250	 -8.947500
 39.394972	 -8.870444
 39.554556	 -8.925028
 39.430389	 -8.740028
 39.329556	 -8.709972
 39.362917	 -8.625861
 39.255389	 -8.292528
 39.348750	 -8.277528
 39.307917	 -8.200000
 39.358778	 -8.211694
 39.444583	 -8.016667
 39.384556	 -7.919972
 39.447056	 -7.813361
 39.384944	 -7.837972
 39.361667	 -7.769583
 39.270778	 -7.923806
 39.325000	 -7.727083
 39.308722	 -7.754222
 39.272944	 -7.606694
 39.347889	 -7.321667
 39.431639	 -7.178750
 39.553750	 -7.131694
 39.551250	 -7.017500
 39.461639	 -6.856278
 39.311667	 -6.813722
 39.287889	 -6.866639
 39.282944	 -6.736667
 39.043306	 -6.472917
 38.847056	 -6.393361
 38.858694	 -6.176694
 38.772889	 -6.052528
 38.996222	 -5.476722
 38.943694	 -5.411694
 39.020417	 -5.407528
 39.139556	 -5.119972
 39.085361	 -5.061694
 39.164583	 -5.018361
 39.106139	 -4.917500
 39.172389	 -4.852917
 39.174056	 -4.940417
 39.214417	 -4.851694
 39.162806	 -4.780833
 39.201944	 -4.680861
 39.275722	 -4.597139
 39.394028	 -4.648722
 39.387778	 -4.573306
 39.453556	 -4.576639
 39.674333	 -4.091667
 39.563972	 -4.087889
 39.565194	 -4.026667
 39.702667	 -4.057444
 39.870361	 -3.700833
 39.782083	 -3.614194
 39.869556	 -3.633361
 39.964167	 -3.327111
 39.971667	 -3.391250
 40.120389	 -3.290056
 40.152889	 -3.085861
 40.242056	 -2.989194
 40.167028	 -3.000000
 40.186278	 -2.735833
 40.385833	 -2.572111
 40.608278	 -2.561278
 40.770000	 -2.453750
 40.825389	 -2.373333
 40.750806	 -2.256306
 40.806639	 -2.308778
 40.895806	 -2.217917
 40.924139	 -2.322111
 40.987917	 -2.264194
 40.921250	 -2.209222
 40.905417	 -2.009194
 40.774556	 -1.934167
 40.875806	 -1.947944
 40.945000	 -2.084611
 41.045833	 -1.863694
 41.007528	 -2.053750
 41.105806	 -1.969556
 41.175778	 -2.003778
 41.188750	 -1.942472
 41.139583	 -1.958306
 41.227472	 -1.886278
 41.314972	 -1.961250
 41.789556	 -1.334250
 41.842944	 -1.214278
 41.785472	 -1.147583
 41.890417	 -1.206750
 42.068750	 -0.840111
 42.180389	 -0.807528
 43.559167	  0.714583
 44.766667	  1.711194
 46.011667	  2.429528
 47.965444	  4.477500
 48.953667	  5.991694
 49.210361	  6.740806
 49.825389	  7.739944
 49.822917	  7.924972
 50.127889	  8.194194
 50.420417	  8.857444
 50.630361	  9.062444
 50.658778	  9.208306
 50.830417	  9.419167
 50.902056	 10.314944
 51.191639	 10.424528
 51.376639	 10.363722
 51.415417	 10.443333
 51.180000	 10.563750
 51.234972	 10.434556
 51.022056	 10.420806
 51.172111	 10.573306
 51.119556	 10.958333
 51.184528	 11.144139
 51.097083	 11.174972
 51.083750	 11.315000
 51.291250	 11.833306
 50.797611	 11.986111
 50.579028	 11.905194
 50.486250	 11.715889
 50.268667	 11.584528
 49.572500	 11.455417
 49.426667	 11.337889
 48.959944	 11.242889
 48.530806	 11.312917
 48.153333	 11.131222
 47.702472	 11.093750
 47.412500	 11.179583
 46.669111	 10.748750
 46.440806	 10.683750
 45.805833	 10.867889
 44.954111	 10.407028
 44.575806	 10.375389
 44.299972	 10.424528
 43.895028	 10.732000
 43.506972	 11.220056
 43.495333	 11.391694
 43.238250	 11.469611
 43.156611	 11.612944
 42.803306	 11.587889
 42.627500	 11.466222
 42.527472	 11.522889
 42.529972	 11.590389
 42.683306	 11.556250
 42.784139	 11.748694
 43.054917	 11.808750
 43.179083	 11.950472
 43.376194	 11.988361
 43.417028	 12.163222
 43.327028	 12.475778
 43.003278	 12.898778
 42.924972	 12.785389
 42.785833	 12.842917
 42.742917	 13.037472
 42.551639	 13.230417
 42.386250	 13.209944
 42.233750	 13.637444
 42.161222	 13.660778
 42.236639	 13.543694
 41.969111	 13.853722
 41.689111	 13.935389
 41.189972	 14.623722
 40.780028	 14.707056
 40.719583	 14.900806
 40.618306	 14.893750
 40.637028	 14.958278
 40.529167	 15.022083
 40.512500	 14.954556
 40.382472	 14.996250
 40.310833	 14.904556
 40.209972	 14.948722
 40.021222	 15.239167
 40.087917	 15.332472
 39.875000	 15.507889
 39.775361	 15.396611
 39.852889	 15.165861
 39.814167	 15.070417
 39.712028	 15.095000
 39.623722	 15.480000
 39.464583	 15.523333
 39.442889	 15.794972
 39.307028	 15.895833
 39.239556	 16.073278
 39.145389	 16.697472
 38.922972	 17.415083
 38.557056	 18.060111
 38.415833	 18.106333
 38.380028	 18.206306
 38.264139	 18.205444
 38.284194	 18.292111
 38.214139	 18.226250
 38.079944	 18.286250
 38.110833	 18.417139
 37.737500	 18.710417
 37.502500	 18.729556
 37.412056	 18.875000
 37.304583	 19.439167
 37.198750	 19.636667
 37.234167	 19.603750
 37.265361	 19.695833
 37.180417	 20.004139
 37.185389	 20.453306
 37.242861	 20.526611
 37.092889	 21.038361
 37.111194	 21.214167
 37.234556	 21.132444
 37.254972	 20.985389
 37.318750	 21.065000
 36.976194	 21.399972
 36.857944	 21.789111
 36.895417	 22.063333
 36.441667	 22.358722
 36.259139	 22.611222
 35.945806	 22.687806
 35.667889	 22.946611
 35.488722	 23.483361
 35.476222	 23.934222
 35.514111	 23.978833
 35.511611	 23.927111
 35.793750	 23.909222
 35.497472	 24.111250
 35.138750	 24.513333
 34.542889	 25.748306
 33.935361	 26.672472
 34.002083	 26.854167
 33.827889	 27.110000
 33.847083	 27.240806
 33.695417	 27.336639
 33.494583	 27.645000
 33.595361	 27.651639
 33.472083	 27.819972
 33.595833	 27.787028
 33.586222	 27.847500
 32.869528	 28.574944
 32.817917	 28.759167
 32.625389	 28.976639
 32.667917	 29.095806
 32.595444	 29.340861
 32.342083	 29.588333
 32.505389	 29.860000
 32.478361	 29.940417
 32.554972	 29.959556
 32.558670	 29.935053
 32.564036	 30.157840
 32.560229	 30.198274
 32.302619	 30.342577
 32.356892	 30.412881
 32.333110	 30.516297
 32.259765	 30.580661
 32.306657	 30.594919
 32.341071	 30.701384
 32.314968	 30.785301
 32.315763	 30.815300
 32.301689	 31.238418
 32.321534	 31.273439
 32.216817	 31.286313
 32.284501	 31.232806
 32.295806	 31.212810
 32.278333	 31.125389
