# GSHHS Master File: Resolution = low Continent = Antarctica_G
#
> Id = 5 N = 1951 G = 3 L = 1 E = 180 S = 3 R = 0.000000/360.000000/-90.000000/-63.212900 A = 12159993.4149 B = 12152008.8863 P = - F = 5
360.000000	-71.492700
359.492000	-71.774900
359.051000	-71.628200
359.207000	-71.394400
358.879000	-71.257000
358.627000	-71.441200
358.028000	-71.402800
357.914000	-71.487300
357.317000	-71.255800
356.990000	-71.285600
357.020000	-71.361400
356.682000	-71.288000
356.524000	-71.527700
356.045000	-71.288500
356.063000	-71.367600
354.766000	-71.324100
353.835000	-71.373400
353.693000	-71.315300
354.452000	-70.854200
354.336000	-70.736900
354.006000	-70.680700
353.559000	-70.735500
353.394000	-70.925400
352.627000	-70.779400
352.025000	-70.863500
352.443000	-71.142200
352.209000	-71.504400
352.411000	-71.628400
351.915000	-71.660200
351.844000	-71.569700
351.611000	-71.739400
351.244000	-71.714100
351.195000	-71.423200
350.880000	-71.426700
350.937000	-71.199200
350.113000	-71.086500
350.016000	-70.917200
349.547000	-70.990800
350.013000	-71.117200
349.349000	-71.321000
349.408000	-71.519600
349.204000	-71.589700
348.670000	-71.420500
348.348000	-71.408700
348.340000	-71.276500
347.748000	-71.308500
347.611000	-71.408100
347.859000	-71.643200
348.508000	-71.760400
349.150000	-71.773800
348.845000	-72.036800
348.993000	-72.037800
348.588000	-72.168900
348.784000	-72.155700
348.688000	-72.394000
347.409000	-72.583800
346.673000	-72.837300
345.622000	-72.706300
346.105000	-72.972900
346.044000	-73.142600
345.577000	-73.168500
345.081000	-73.037900
344.112000	-73.141200
344.035000	-73.301400
343.452000	-73.466400
343.391000	-73.659000
344.172000	-73.799100
343.467000	-73.884400
344.279000	-73.951700
345.270000	-73.781100
345.613000	-73.894500
344.694000	-74.221200
344.809000	-74.360800
344.353000	-74.439600
343.382000	-74.299100
342.434000	-74.356300
342.378000	-74.598200
342.021000	-74.634300
342.207000	-74.795100
341.115000	-75.240400
341.749000	-75.460300
340.974000	-75.438900
341.083000	-75.509300
340.764000	-75.548900
339.568000	-75.477100
339.262000	-75.539100
339.347000	-75.621000
338.765000	-75.712600
337.452000	-75.639500
336.735000	-75.739200
335.842000	-75.746600
334.047000	-75.926500
333.054000	-76.163400
331.130000	-76.352700
330.400000	-76.574500
329.852000	-76.627100
329.351000	-76.852100
328.320000	-76.968400
328.102000	-77.150600
327.115000	-77.163500
325.639000	-77.476400
325.218000	-77.677900
325.522000	-77.848600
324.649000	-77.851800
324.425000	-78.148800
323.999000	-78.193400
323.721000	-78.400700
323.723000	-78.844900
325.404000	-79.022700
326.349000	-79.216700
327.932000	-79.216500
329.801000	-79.040400
330.025000	-79.136100
329.435000	-79.280100
330.469000	-79.276900
329.305000	-79.586900
334.058000	-79.814700
335.741000	-79.714300
335.722000	-79.821100
337.460000	-79.921100
335.179000	-80.100600
331.100000	-80.115700
330.175000	-80.186200
329.967000	-80.299500
328.614000	-80.314300
329.671000	-80.500800
328.042000	-80.421700
327.142000	-80.537000
326.530000	-80.497000
326.836000	-80.553400
325.981000	-80.650000
324.654000	-80.614600
324.783000	-80.707800
324.002000	-80.914900
323.124000	-80.979800
322.781000	-81.090400
321.195000	-80.859500
319.701000	-81.162100
318.933000	-81.186000
318.070000	-81.615000
316.798000	-81.899100
316.683000	-82.201700
315.961000	-82.397600
315.849000	-82.243500
314.461000	-82.526700
314.301000	-82.445500
313.801000	-82.544500
313.308000	-82.408300
314.060000	-82.129500
313.729000	-81.909200
312.735000	-82.077000
312.601000	-81.919900
311.100000	-81.891600
309.210000	-81.956900
307.314000	-82.162000
306.779000	-82.124000
305.746000	-82.185500
306.075000	-82.206200
304.966000	-82.351300
304.822000	-82.515400
304.155000	-82.457100
302.367000	-82.888800
300.414000	-83.469600
299.386000	-83.422600
299.073000	-83.476800
299.104000	-83.388200
298.120000	-83.378500
299.009000	-82.954100
298.691000	-82.885400
298.373000	-83.065700
298.177000	-82.992600
297.779000	-83.026100
297.197000	-82.522800
298.910000	-82.344200
299.590000	-82.168100
297.843000	-82.294900
296.951000	-82.250100
295.571000	-82.409900
295.551000	-82.354000
294.901000	-82.404800
294.794000	-82.262400
293.913000	-82.300900
294.387000	-81.994500
293.729000	-81.949000
294.339000	-81.874400
295.351000	-81.918100
296.535000	-81.843100
296.177000	-81.768700
295.080000	-81.826000
294.315000	-81.777900
294.305000	-81.710700
295.369000	-81.624200
295.287000	-81.698200
295.753000	-81.690200
296.140000	-81.601700
295.946000	-81.703400
296.659000	-81.638300
296.553000	-81.715100
297.597000	-81.715300
297.729000	-81.564400
296.085000	-81.580200
294.608000	-81.498200
291.599000	-81.111300
291.951000	-81.041400
291.610000	-80.985100
290.797000	-81.030700
290.006000	-80.976700
289.211000	-80.609400
288.867000	-80.597300
288.435000	-80.722300
287.530000	-80.743200
287.399000	-80.963100
285.863000	-80.794800
285.158000	-80.925500
284.848000	-80.861700
284.446000	-80.893800
284.253000	-80.824900
285.065000	-80.774400
284.302000	-80.647100
284.601000	-80.489300
283.857000	-80.277900
283.740000	-80.077000
281.716000	-80.178900
280.309000	-79.997900
281.932000	-80.038000
283.283000	-79.957400
283.891000	-79.754200
283.942000	-79.426100
282.828000	-79.259400
279.944000	-79.230500
279.470000	-79.289500
279.529000	-79.578200
279.188000	-79.543800
278.677000	-79.303800
278.905000	-79.204900
278.611000	-79.219200
278.291000	-79.073600
277.397000	-78.947400
277.432000	-78.866100
276.917000	-78.832700
276.281000	-78.568200
276.313000	-78.325700
277.061000	-78.482400
276.163000	-77.970500
277.536000	-78.470300
279.278000	-78.809500
280.767000	-78.858800
282.135000	-78.757300
282.673000	-78.606200
282.494000	-78.396500
278.325000	-77.842400
279.195000	-77.804400
279.214000	-77.665400
280.629000	-77.886700
280.869000	-77.843600
281.754000	-77.942200
283.365000	-77.980400
284.751000	-78.136900
284.943000	-78.231900
286.522000	-78.020900
287.300000	-77.579600
285.249000	-77.430700
284.512000	-77.552000
284.129000	-77.343200
283.037000	-77.060200
283.193000	-77.012300
282.410000	-76.730000
282.293000	-76.489500
282.557000	-76.635300
282.526000	-76.472900
283.284000	-76.677200
283.445000	-76.514300
284.221000	-76.643000
284.324000	-76.552600
284.769000	-76.563200
286.189000	-76.718600
286.041000	-76.653400
288.420000	-76.768600
290.070000	-76.684400
290.209000	-76.615200
289.882000	-76.583500
290.194000	-76.525100
289.925000	-76.504400
290.255000	-76.470300
289.826000	-76.460300
289.915000	-76.409300
292.051000	-76.229500
291.973000	-76.139700
293.767000	-76.013600
294.719000	-75.791600
296.175000	-75.594600
296.924000	-75.353100
295.648000	-75.370300
295.579000	-75.297100
295.977000	-75.203600
296.972000	-75.142500
296.683000	-75.007700
296.116000	-75.036900
295.933000	-74.981400
296.471000	-74.863700
296.934000	-74.908500
296.850000	-74.646300
297.322000	-74.684100
297.443000	-74.985800
297.859000	-74.954200
298.230000	-74.726600
297.652000	-74.402800
298.713000	-74.546500
299.333000	-74.321300
299.231000	-74.240000
298.724000	-74.327800
298.083000	-74.319900
298.023000	-74.243800
298.435000	-74.171000
298.604000	-74.246400
298.970000	-74.089400
298.515000	-74.012100
298.157000	-74.041200
298.419000	-73.974500
298.192000	-73.908800
298.590000	-73.869500
299.007000	-73.961700
299.275000	-73.698500
298.854000	-73.737900
299.241000	-73.591400
299.093000	-73.549300
298.540000	-73.476300
298.315000	-73.535500
298.050000	-73.374800
298.474000	-73.374900
297.972000	-73.239900
298.398000	-73.280700
297.931000	-73.132000
298.776000	-73.193000
298.973000	-73.352700
299.125000	-73.238800
299.298000	-73.396400
299.373000	-73.182000
299.657000	-73.329200
300.021000	-73.252000
300.054000	-72.892200
299.896000	-72.880600
299.694000	-73.055500
299.456000	-72.978500
299.224000	-73.078700
299.481000	-72.657500
298.976000	-72.692700
298.876000	-72.787600
298.566000	-72.654600
298.785000	-72.638100
298.524000	-72.407900
298.966000	-72.473300
299.370000	-72.431000
299.001000	-72.355800
299.357000	-72.330000
299.298000	-72.222100
298.914000	-72.187300
299.323000	-72.116600
299.330000	-71.996700
298.843000	-72.054700
298.848000	-72.169300
298.304000	-72.042900
297.672000	-72.143700
297.910000	-72.017600
297.540000	-71.927900
298.898000	-71.873500
298.902000	-71.706600
299.217000	-71.777400
298.859000	-71.532800
298.422000	-71.692600
297.873000	-71.652700
298.280000	-71.604600
298.440000	-71.448300
298.853000	-71.429300
298.575000	-71.318900
299.033000	-71.371600
298.716000	-71.229300
299.092000	-71.207000
298.820000	-71.031600
298.636000	-71.038800
298.711000	-70.856900
297.936000	-70.893300
297.865000	-70.724600
298.201000	-70.735200
298.310000	-70.620500
298.647000	-70.554700
298.539000	-70.491300
298.091000	-70.486900
297.836000	-70.551000
297.861000	-70.425200
297.585000	-70.403100
297.612000	-70.212900
297.961000	-70.297400
298.140000	-70.220900
297.459000	-69.858500
297.600000	-69.510800
297.285000	-69.358300
296.984000	-69.361400
296.818000	-69.153800
296.567000	-69.172500
296.691000	-69.046800
296.079000	-68.970500
296.598000	-68.950300
296.516000	-68.806900
296.806000	-68.851500
296.148000	-68.700400
296.249000	-68.573200
296.721000	-68.452100
297.064000	-68.510600
297.159000	-68.437600
296.587000	-68.413400
295.750000	-68.568500
295.847000	-68.649000
295.666000	-68.635000
296.005000	-68.749800
295.819000	-68.746500
295.961000	-68.833400
295.600000	-68.730500
295.654000	-68.782300
295.483000	-68.779700
295.314000	-68.662600
294.736000	-68.632000
294.628000	-68.530200
295.025000	-68.408800
294.486000	-68.319400
295.251000	-68.113200
295.012000	-68.095600
295.062000	-68.022100
294.729000	-68.176800
294.234000	-68.161700
294.237000	-68.079700
294.687000	-67.989500
294.288000	-67.871300
294.676000	-67.664200
294.406000	-67.558800
294.377000	-67.344900
294.545000	-67.342400
294.527000	-67.263200
294.676000	-67.403300
294.980000	-67.293700
295.248000	-67.317800
294.929000	-67.205700
295.309000	-67.149900
295.023000	-67.038200
295.025000	-66.900000
295.309000	-66.983400
295.216000	-66.847600
295.375000	-66.767900
295.462000	-66.899700
295.638000	-66.913300
295.692000	-66.834500
295.928000	-66.937100
296.259000	-66.903100
296.237000	-66.772900
295.852000	-66.638100
295.993000	-66.558100
296.207000	-66.593900
296.073000	-66.479900
296.254000	-66.439400
296.092000	-66.382700
296.454000	-66.397200
296.096000	-66.278500
296.294000	-66.255400
296.192000	-66.187000
296.790000	-66.240600
297.362000	-66.736500
297.575000	-66.651600
297.272000	-66.565900
297.486000	-66.480700
297.221000	-66.316700
297.337000	-66.217000
298.038000	-66.198100
298.233000	-66.477900
298.340000	-66.399500
298.211000	-66.210600
298.508000	-66.259600
298.528000	-66.111400
298.820000	-66.183800
298.871000	-66.347500
299.022000	-66.340500
299.127000	-66.189500
298.958000	-66.084900
299.179000	-66.046300
299.301000	-66.130000
299.454000	-65.950600
298.973000	-65.911300
298.930000	-66.043300
298.648000	-65.916500
298.687000	-66.088700
298.367000	-66.013500
298.405000	-66.165500
298.245000	-66.095600
297.954000	-66.108600
297.624000	-65.922600
297.619000	-65.804300
297.937000	-65.698100
297.912000	-65.596300
298.299000	-65.534400
298.062000	-65.537200
297.788000	-65.307600
298.039000	-65.187000
298.400000	-65.239200
298.251000	-64.969800
298.604000	-65.056300
298.964000	-65.015200
299.290000	-64.720700
299.638000	-64.647900
299.564000	-64.527200
299.752000	-64.568000
300.030000	-64.380400
300.247000	-64.426100
300.347000	-64.600200
300.454000	-64.541500
300.330000	-64.394700
300.526000	-64.309400
300.634000	-64.429500
301.010000	-64.432100
301.005000	-64.516400
301.191000	-64.551300
301.223000	-64.419900
301.048000	-64.358100
301.254000	-64.291400
300.895000	-64.219200
301.202000	-64.216600
301.311000	-63.976400
301.888000	-63.664200
302.161000	-63.682600
302.386000	-63.632300
302.244000	-63.606200
302.293000	-63.548600
302.628000	-63.555700
302.512000	-63.446300
302.861000	-63.481100
302.861000	-63.654100
303.186000	-63.639800
303.231000	-63.544500
302.993000	-63.474000
303.056000	-63.398600
302.927000	-63.410000
302.962000	-63.263400
302.612000	-63.222100
302.103000	-63.317000
301.954000	-63.418100
301.838000	-63.378300
301.843000	-63.470700
301.051000	-63.545100
301.063000	-63.673100
300.583000	-63.725300
300.578000	-63.910800
300.218000	-63.863000
300.153000	-63.772300
300.050000	-63.955500
299.683000	-63.911800
299.267000	-64.006300
299.241000	-64.089200
299.012000	-64.039700
299.167000	-64.150000
299.035000	-64.157000
299.055000	-64.298800
298.902000	-64.299200
298.896000	-64.395900
298.665000	-64.433000
298.618000	-64.351900
298.408000	-64.428600
298.593000	-64.544100
298.387000	-64.534100
298.513000	-64.606900
298.407000	-64.667100
298.192000	-64.491300
298.067000	-64.688000
297.775000	-64.739100
297.856000	-64.785500
297.631000	-64.756500
297.702000	-64.662700
297.557000	-64.586300
297.419000	-64.655500
297.511000	-64.731400
297.301000	-64.768100
297.611000	-64.875000
297.429000	-64.914100
297.187000	-64.805400
297.159000	-64.920000
296.733000	-64.954100
297.011000	-65.026200
296.913000	-65.168000
296.770000	-65.085200
296.353000	-65.087200
296.319000	-65.029100
296.206000	-65.073600
296.238000	-65.019200
295.930000	-65.151300
296.034000	-65.363600
295.896000	-65.403900
296.307000	-65.502700
296.211000	-65.603400
295.871000	-65.510600
295.763000	-65.549300
295.960000	-65.692200
295.520000	-65.628000
295.647000	-65.800800
295.341000	-65.733900
295.299000	-65.834600
295.536000	-65.953400
295.443000	-66.032500
295.057000	-65.924000
294.663000	-65.981200
294.863000	-66.183200
294.396000	-66.096400
294.277000	-66.144800
294.413000	-66.199800
294.124000	-66.295900
294.457000	-66.403900
294.222000	-66.599100
294.325000	-66.686300
294.189000	-66.720200
293.746000	-66.578100
293.456000	-66.642900
293.526000	-67.344100
293.295000	-67.185700
293.228000	-67.310500
293.017000	-67.281700
293.037000	-66.924600
292.884000	-66.930700
292.884000	-67.018400
292.781000	-66.959800
292.708000	-67.106200
292.506000	-67.041700
292.375000	-67.181400
292.556000	-67.189500
292.395000	-67.549600
293.023000	-67.465500
293.286000	-67.535800
293.491000	-67.507300
293.467000	-67.612500
293.246000	-67.586000
293.031000	-67.686200
293.272000	-67.731400
292.906000	-67.773700
293.236000	-67.774800
293.160000	-67.916300
292.728000	-67.963300
293.044000	-68.222100
293.253000	-68.184000
293.384000	-68.238000
293.239000	-68.318100
292.831000	-68.280900
293.139000	-68.367700
292.815000	-68.507600
293.039000	-68.752100
292.511000	-68.828700
292.730000	-68.944100
293.158000	-68.966800
293.046000	-69.046500
293.253000	-69.071600
293.039000	-69.112600
293.135000	-69.231700
292.742000	-69.272100
292.619000	-69.509700
291.751000	-69.280800
291.684000	-69.405400
291.152000	-69.416600
291.658000	-69.684100
291.510000	-70.047600
292.038000	-70.299800
292.594000	-70.991200
292.395000	-71.466500
293.271000	-72.088200
292.485000	-72.840100
291.325000	-73.093400
289.695000	-73.296300
288.979000	-73.261000
288.555000	-73.360800
287.738000	-73.389900
287.607000	-73.472900
286.916000	-73.443200
286.810000	-73.550100
286.438000	-73.643800
286.330000	-73.576400
285.978000	-73.736700
285.713000	-73.660400
285.324000	-73.743400
285.109000	-73.641800
284.705000	-73.621900
284.494000	-73.711900
283.695000	-73.822800
283.237000	-73.782700
282.889000	-73.889700
282.759000	-73.806400
283.302000	-73.570800
283.142000	-73.461000
281.134000	-73.607700
281.232000	-73.342500
280.340000	-73.028000
279.467000	-72.953700
279.338000	-73.070700
279.815000	-73.410900
279.165000	-73.259200
278.757000	-73.252700
278.818000	-73.706700
277.872000	-73.893400
277.068000	-73.707200
276.168000	-73.748300
276.251000	-73.560200
275.451000	-73.570500
274.899000	-73.491700
274.452000	-73.385100
274.326000	-73.167400
273.328000	-73.375900
272.871000	-73.357100
272.667000	-73.169200
271.548000	-73.270100
271.263000	-73.127800
271.883000	-72.769200
271.814000	-72.699900
271.103000	-72.643500
270.575000	-72.640100
270.900000	-72.722200
270.797000	-73.111200
269.820000	-73.139700
269.477000	-73.287900
268.914000	-73.336300
268.055000	-73.187800
267.205000	-73.142600
266.400000	-73.178100
265.699000	-73.326800
265.472000	-73.235900
264.771000	-73.208400
264.288000	-73.244800
264.082000	-73.338500
262.570000	-73.122800
262.095000	-73.199800
262.160000	-73.012500
260.173000	-72.996400
259.683000	-73.068100
259.153000	-72.970500
258.038000	-73.059900
257.996000	-72.982400
257.277000	-73.000800
257.864000	-72.888900
257.894000	-72.766400
257.082000	-72.698500
256.563000	-72.845700
256.694000	-73.149500
257.125000	-73.308900
259.558000	-73.310000
260.258000	-73.365300
260.272000	-73.474600
260.600000	-73.483600
260.459000	-73.539700
261.171000	-73.599700
260.459000	-73.620900
260.458000	-73.704400
259.360000	-73.783800
258.832000	-73.773800
258.635000	-73.668000
256.993000	-73.606800
257.204000	-73.712400
257.118000	-73.909200
258.470000	-74.012800
258.565000	-74.279600
258.749000	-74.266500
258.575000	-74.500300
259.139000	-74.543700
259.958000	-74.465800
260.208000	-74.529100
259.851000	-74.626000
259.958000	-74.841200
259.418000	-74.877700
260.654000	-74.927400
260.617000	-75.111600
261.077000	-75.173900
261.586000	-75.121300
261.245000	-75.220100
261.615000	-75.225100
261.324000	-75.313400
260.564000	-75.303200
259.903000	-75.387100
259.549000	-75.347900
258.859000	-75.432200
258.827000	-75.362500
258.344000	-75.315900
258.447000	-75.153700
258.226000	-75.081900
255.442000	-75.164500
254.906000	-75.115000
253.467000	-75.375400
253.075000	-75.306000
252.176000	-75.327500
250.321000	-75.139300
250.104000	-75.236400
249.446000	-75.184700
248.629000	-75.230600
248.407000	-75.133800
249.735000	-74.772500
249.912000	-74.566200
249.521000	-74.254200
249.289000	-74.246800
249.227000	-74.331400
248.396000	-74.168200
248.097000	-74.227800
248.116000	-74.333300
248.685000	-74.468100
248.167000	-74.489900
248.064000	-74.573900
248.479000	-74.796500
246.263000	-74.952500
245.874000	-75.067600
245.707000	-75.019600
246.184000	-74.698700
245.637000	-74.694800
246.339000	-74.594400
246.789000	-74.405000
246.187000	-74.459200
246.315000	-74.296600
246.045000	-74.260700
246.575000	-74.177100
246.580000	-74.107200
246.395000	-74.025100
245.706000	-74.069500
246.053000	-73.916200
245.768000	-73.862600
245.200000	-73.936000
244.871000	-74.088600
245.165000	-74.472000
244.713000	-74.520200
244.256000	-74.520900
244.082000	-74.384000
243.955000	-74.503100
243.366000	-74.552700
242.183000	-74.521300
242.011000	-74.256300
240.999000	-74.411500
240.867000	-74.505500
241.387000	-74.542000
240.579000	-74.658400
239.764000	-74.657100
238.209000	-74.788200
236.892000	-74.804400
236.716000	-74.751200
235.946000	-74.812100
235.668000	-74.706300
235.302000	-74.725100
234.236000	-74.703700
233.850000	-74.762800
232.737000	-74.679400
229.954000	-74.916800
229.233000	-74.818800
228.425000	-74.845800
227.927000	-74.759300
227.394000	-74.832300
227.198000	-74.769500
226.121000	-74.932900
226.086000	-74.873800
225.604000	-74.871700
225.484000	-74.644100
224.589000	-74.563600
224.304000	-74.750100
223.747000	-74.693800
223.155000	-74.749600
222.990000	-75.009900
223.653000	-75.100300
223.683000	-75.182400
222.897000	-75.182200
222.270000	-75.060500
220.755000	-75.125100
220.345000	-75.155500
220.404000	-75.218500
219.605000	-75.463600
219.149000	-75.528000
218.676000	-75.496900
219.353000	-75.807400
218.446000	-75.765300
218.143000	-75.520000
217.624000	-75.433700
217.358000	-75.559100
216.632000	-75.535200
215.649000	-75.620200
216.045000	-75.680700
215.801000	-75.822100
213.756000	-75.913700
213.495000	-76.085000
214.520000	-76.329500
214.558000	-76.448600
213.742000	-76.423400
213.506000	-76.327900
211.555000	-76.089400
211.283000	-76.185000
211.455000	-76.230400
210.478000	-76.298300
210.287000	-76.407500
211.487000	-76.514600
212.861000	-76.428900
213.602000	-76.550300
213.856000	-76.703600
214.589000	-76.759400
214.033000	-76.873600
214.709000	-77.055900
213.623000	-77.006800
214.770000	-77.227000
214.035000	-77.237900
214.549000	-77.525100
214.184000	-77.470900
213.622000	-77.511600
213.072000	-77.240000
212.428000	-77.387700
212.267000	-77.338600
212.334000	-77.429700
212.104000	-77.238900
211.206000	-77.108200
210.940000	-77.332100
212.233000	-77.488600
211.189000	-77.551900
211.120000	-77.712200
210.215000	-77.608800
210.755000	-77.757500
210.185000	-77.824300
207.706000	-77.305600
207.420000	-77.502700
206.186000	-77.444300
206.695000	-77.348400
206.449000	-77.250700
205.107000	-77.104400
204.541000	-77.171700
203.910000	-77.056600
203.167000	-77.168500
203.550000	-77.258500
202.982000	-77.361900
202.161000	-77.073700
201.773000	-77.074300
201.882000	-77.562000
201.350000	-77.838200
201.663000	-77.982500
202.810000	-78.253700
203.386000	-78.135300
203.699000	-78.202900
204.970000	-78.151400
204.702000	-78.214500
204.930000	-78.260800
205.486000	-78.125400
206.212000	-78.239300
205.806000	-78.259400
205.469000	-78.436100
203.865000	-78.501900
203.952000	-78.557800
203.448000	-78.605400
203.549000	-78.691200
205.500000	-79.097500
207.064000	-79.166800
207.348000	-79.116200
207.425000	-79.176700
207.753000	-79.073500
208.274000	-79.081800
207.717000	-79.310500
208.268000	-79.248200
208.110000	-79.364900
209.552000	-79.562300
212.266000	-79.771200
211.844000	-79.811200
212.443000	-79.878300
212.090000	-79.899900
212.933000	-79.908600
212.001000	-79.935300
210.989000	-79.861900
211.822000	-79.969500
211.066000	-79.975100
212.451000	-80.050700
211.036000	-80.143500
209.627000	-80.075000
209.883000	-80.179200
209.233000	-80.216300
209.267000	-80.318900
210.046000	-80.391200
208.966000	-80.424100
209.597000	-80.431100
209.696000	-80.520100
210.384000	-80.531100
210.285000	-80.588300
211.748000	-80.630800
210.783000	-80.625900
211.003000	-80.659500
210.567000	-80.691000
211.133000	-80.698900
210.537000	-80.721700
211.587000	-80.748000
212.425000	-80.905200
210.156000	-81.120900
207.669000	-81.172000
205.283000	-81.052400
204.056000	-81.100500
202.925000	-81.258200
202.855000	-81.331000
204.648000	-81.431600
206.207000	-81.683900
206.256000	-81.778700
205.153000	-81.950400
207.468000	-82.541000
204.984000	-82.789300
204.216000	-83.064600
202.623000	-83.046800
201.451000	-83.126200
203.093000	-83.227200
202.464000	-83.387300
201.108000	-83.450700
200.749000	-83.548900
199.838000	-83.482200
197.835000	-83.528400
196.913000	-83.313900
195.448000	-83.516700
195.010000	-83.208400
194.167000	-83.170400
191.967000	-83.207500
191.788000	-83.263400
190.260000	-83.241200
190.411000	-83.312500
189.262000	-83.198600
188.499000	-82.935700
187.783000	-82.867300
186.913000	-82.920500
185.620000	-82.765200
187.018000	-83.072500
191.218000	-83.474600
191.635000	-83.693400
192.357000	-83.739900
191.732000	-83.739200
191.973000	-83.791200
193.718000	-83.831800
194.501000	-83.745500
195.971000	-83.923600
196.361000	-84.048000
194.950000	-84.058000
194.817000	-84.131600
196.999000	-84.362900
193.655000	-84.382600
196.350000	-84.427400
196.757000	-84.491200
195.900000	-84.479500
196.107000	-84.544200
201.675000	-84.799700
204.402000	-84.833400
204.164000	-84.903500
202.355000	-84.892600
204.508000	-85.125600
203.051000	-85.191100
203.718000	-85.235900
201.439000	-85.084500
201.539000	-85.156400
200.353000	-84.976500
198.866000	-84.909900
196.832000	-84.911300
193.653000	-84.790200
192.531000	-84.862100
191.743000	-84.647400
188.753000	-84.525700
184.979000	-84.415600
184.106000	-84.547800
183.493000	-84.441300
183.923000	-84.394900
182.249000	-84.417500
181.554000	-84.294500
180.077000	-84.363200
180.000000	-84.351180
178.528000	-84.121400
176.417000	-83.960100
175.243000	-83.978700
174.867000	-83.827900
173.395000	-83.880900
173.705000	-83.758800
172.815000	-83.665200
171.930000	-83.708900
171.740000	-83.588900
170.938000	-83.568200
171.573000	-83.503800
171.157000	-83.440900
170.260000	-83.489300
169.870000	-83.372100
169.464000	-83.448700
169.414000	-83.341400
168.624000	-83.396200
167.149000	-83.239700
167.200000	-83.192800
168.405000	-83.268100
168.053000	-83.197400
168.812000	-83.186600
168.687000	-83.003600
168.080000	-82.960200
167.426000	-83.035600
167.035000	-82.966000
167.359000	-82.825800
165.272000	-82.582000
165.250000	-82.390500
164.654000	-82.332400
163.177000	-82.428600
163.401000	-82.546200
162.664000	-82.476200
161.015000	-82.518900
160.620000	-82.430500
163.932000	-82.195600
162.606000	-81.918100
163.088000	-81.880400
162.918000	-81.810700
162.257000	-81.842400
162.392000	-81.668400
161.009000	-81.549800
161.522000	-81.440200
160.904000	-81.471800
160.908000	-81.358200
160.303000	-81.382000
160.626000	-81.316700
160.083000	-81.201000
161.143000	-81.244600
160.539000	-81.120400
160.881000	-80.916100
159.514000	-80.852700
159.520000	-80.784700
161.344000	-80.789000
161.009000	-80.762300
161.192000	-80.637100
160.784000	-80.609300
160.279000	-80.683400
159.776000	-80.607400
160.635000	-80.547500
160.605000	-80.468200
161.001000	-80.523700
160.779000	-80.379000
158.592000	-80.477500
158.149000	-80.434800
158.769000	-80.259400
161.467000	-79.907400
160.826000	-79.959700
160.378000	-79.859500
159.694000	-79.919100
159.496000	-79.819600
160.840000	-79.618500
159.844000	-79.662300
159.623000	-79.529600
160.167000	-79.579100
160.522000	-79.459100
161.032000	-79.476000
160.385000	-79.169200
160.689000	-79.037300
161.144000	-79.056200
161.004000	-78.933700
161.378000	-78.917300
161.514000	-79.029500
162.051000	-79.077400
161.525000	-78.807800
161.518000	-78.512900
161.840000	-78.486100
161.785000	-78.628900
162.531000	-78.784900
162.668000	-78.952100
163.048000	-78.732600
163.493000	-78.784900
164.466000	-78.590600
165.964000	-78.555800
166.739000	-78.723100
167.248000	-78.645600
167.041000	-78.503000
165.715000	-78.394100
165.693000	-78.263600
165.333000	-78.202300
165.490000	-78.018900
164.703000	-78.328400
164.154000	-78.207400
163.822000	-78.233000
164.420000	-78.084400
164.556000	-77.876000
163.715000	-77.873200
164.260000	-77.794800
163.912000	-77.693300
163.474000	-77.715800
163.836000	-77.430400
163.128000	-77.030600
162.440000	-77.022100
162.526000	-76.953100
162.285000	-76.956000
162.636000	-76.816900
162.882000	-76.850800
162.984000	-76.728500
162.420000	-76.642300
162.882000	-76.473100
162.775000	-76.235200
162.323000	-76.279900
162.083000	-76.193300
162.449000	-76.138800
162.320000	-76.056600
162.486000	-76.118100
162.370000	-76.055800
162.731000	-76.081900
162.528000	-75.927500
162.904000	-75.824800
162.047000	-75.589900
162.323000	-75.516700
162.218000	-75.390700
161.300000	-75.370300
160.902000	-75.440000
160.579000	-75.380500
161.002000	-75.283500
161.554000	-75.274800
161.756000	-75.188000
162.203000	-75.269200
162.577000	-75.238900
162.788000	-74.992500
162.361000	-74.843800
162.619000	-74.848600
162.820000	-74.602000
163.056000	-74.706400
163.273000	-74.539500
163.065000	-74.430700
163.514000	-74.334800
163.749000	-74.630100
164.342000	-74.493000
164.662000	-74.582400
165.175000	-74.529300
165.432000	-74.641600
165.487000	-74.494800
164.849000	-74.217700
164.852000	-74.055200
164.403000	-73.947500
165.312000	-74.032800
164.862000	-73.940300
164.707000	-73.776500
164.899000	-73.461500
164.473000	-73.401400
164.507000	-73.328100
164.975000	-73.393900
165.357000	-73.333000
165.030000	-73.408600
165.195000	-73.857500
165.649000	-73.919500
165.816000	-73.875300
165.589000	-73.803300
165.968000	-73.837000
166.259000	-73.779700
166.193000	-73.666600
165.795000	-73.585200
166.220000	-73.574400
166.115000	-73.477700
166.558000	-73.601500
166.769000	-73.486500
166.847000	-73.594800
167.042000	-73.576400
167.033000	-73.456600
167.435000	-73.513700
167.215000	-73.411800
167.725000	-73.453400
167.608000	-73.363000
167.943000	-73.363000
167.142000	-73.249800
166.762000	-73.366700
166.770000	-73.066300
166.359000	-72.901000
166.584000	-72.881000
166.551000	-72.950500
167.207000	-73.157000
167.639000	-73.112300
168.391000	-73.158600
168.390000	-72.964200
168.722000	-73.121700
168.993000	-73.093600
168.902000	-73.235400
169.225000	-73.276300
169.172000	-73.103100
169.591000	-73.084800
169.926000	-72.719900
169.410000	-72.670500
169.283000	-72.575800
168.866000	-72.581500
168.310000	-72.376800
168.694000	-72.357900
169.117000	-72.489600
169.404000	-72.455600
170.254000	-72.612300
170.282000	-72.316800
169.862000	-72.434000
170.017000	-72.289300
169.760000	-72.222800
170.027000	-72.181300
170.297000	-71.811600
170.581000	-72.007700
170.973000	-71.836300
170.275000	-71.293600
170.365000	-71.538600
170.186000	-71.675800
168.766000	-71.279300
168.687000	-71.183900
167.725000	-71.230000
168.091000	-71.129200
167.922000	-71.021600
167.143000	-71.023500
167.879000	-70.932600
167.708000	-70.794500
166.465000	-70.771700
166.424000	-70.707600
166.851000	-70.680100
166.443000	-70.587000
165.915000	-70.684500
165.425000	-70.597900
165.487000	-70.544400
165.140000	-70.597300
164.164000	-70.489500
164.026000	-70.534400
164.201000	-70.643000
163.884000	-70.788900
163.868000	-70.620400
163.640000	-70.669700
163.190000	-70.598400
162.579000	-70.263800
162.074000	-70.316300
161.987000	-70.453200
162.043000	-70.840000
162.430000	-71.029500
162.351000	-71.114600
161.948000	-70.904000
161.333000	-70.904700
161.455000	-70.686400
161.279000	-70.520200
161.171000	-70.577700
161.262000	-70.471000
160.789000	-70.109900
160.153000	-69.967600
159.874000	-69.994700
159.775000	-69.870400
160.244000	-69.876900
160.353000	-69.818000
159.779000	-69.504600
159.231000	-69.428700
159.128000	-69.525500
158.854000	-69.325500
158.552000	-69.349900
157.911000	-69.161900
157.804000	-69.231800
157.533000	-69.216400
157.505000	-69.363100
157.659000	-69.374700
157.408000	-69.439500
157.155000	-69.159100
156.321000	-69.200300
155.720000	-68.935200
155.537000	-69.015500
155.764000	-69.098500
155.502000	-69.121100
155.270000	-69.056100
155.333000	-68.897400
154.994000	-68.896200
154.819000	-68.709100
154.500000	-68.820500
154.607000	-68.715800
154.449000	-68.626800
154.766000	-68.624900
154.723000	-68.527700
153.887000	-68.278400
153.666000	-68.341700
153.867000	-68.490100
153.695000	-68.537300
153.843000	-68.761200
153.388000	-68.767400
153.321000	-68.864900
153.047000	-68.883400
152.538000	-68.708600
151.586000	-68.688900
151.539000	-68.923900
151.286000	-68.821000
151.148000	-68.879900
151.010000	-68.767200
151.137000	-68.469800
150.976000	-68.347000
150.369000	-68.443200
149.920000	-68.427700
149.749000	-68.350100
149.822000	-68.491700
149.400000	-68.380700
149.233000	-68.458500
149.147000	-68.398300
148.838000	-68.462400
148.683000	-68.401900
148.364000	-68.487500
148.279000	-68.414900
147.985000	-68.466700
147.666000	-68.350800
147.029000	-68.431200
147.119000	-68.293900
146.714000	-68.287800
147.065000	-68.038800
146.612000	-68.193700
146.875000	-67.932700
146.400000	-67.977500
146.544000	-67.770500
146.426000	-67.721700
146.279000	-67.853700
146.099000	-67.757700
146.204000	-67.626700
146.038000	-67.581600
145.734000	-67.579100
145.644000	-67.737200
145.448000	-67.507100
145.311000	-67.506200
144.890000	-67.746700
144.520000	-67.770000
144.262000	-67.951500
144.159000	-67.883800
143.880000	-67.936200
143.861000	-67.789600
144.188000	-67.616600
144.063000	-67.427500
144.171000	-67.345400
144.265000	-67.422100
144.456000	-67.327500
144.511000	-67.228600
144.335000	-67.164500
144.649000	-67.165700
144.448000	-67.000200
144.167000	-67.050700
144.108000	-67.174800
144.068000	-67.083000
143.751000	-67.143600
143.889000	-66.940400
143.530000	-66.844900
142.821000	-67.020800
142.486000	-67.028100
141.867000	-66.782000
141.563000	-66.771800
141.290000	-66.866900
140.915000	-66.742300
140.519000	-66.723600
140.382000	-66.789800
140.117000	-66.724100
139.830000	-66.802200
139.894000	-66.686900
139.450000	-66.654500
139.259000	-66.558400
138.494000	-66.522700
138.153000	-66.635400
138.152000	-66.500100
137.457000	-66.343300
136.707000	-66.351100
136.639000	-66.547300
136.147000	-66.229100
135.756000	-66.275000
135.640000	-66.357600
135.470000	-66.107700
135.329000	-66.102600
135.179000	-66.331600
134.763000	-66.337700
134.313000	-66.526000
134.330000	-66.480700
134.096000	-66.511500
134.445000	-66.321200
133.792000	-66.104800
133.269000	-66.078400
132.835000	-66.197300
132.524000	-66.143700
131.731000	-66.248800
130.739000	-66.142600
130.565000	-66.272700
130.088000	-66.274900
129.739000	-66.425500
129.469000	-66.673500
129.597000	-66.735100
129.369000	-66.870700
129.450000	-66.954800
129.102000	-67.171600
128.811000	-67.029700
128.521000	-67.147200
128.361000	-67.072200
128.167000	-67.110600
128.086000	-67.021600
127.403000	-67.075300
127.345000	-66.925500
127.076000	-67.147100
127.068000	-66.851300
126.989000	-66.804300
126.667000	-66.845300
126.822000	-66.694700
126.567000	-66.668000
126.837000	-66.434200
126.560000	-66.451300
126.438000	-66.351600
126.366000	-66.562100
126.338000	-66.460800
126.164000	-66.474600
125.902000	-66.304600
125.364000	-66.428900
125.215000	-66.627900
124.714000	-66.761100
124.322000	-66.726900
124.270000	-66.596500
124.009000	-66.585400
123.568000	-66.745100
122.221000	-66.846200
121.542000	-67.088600
118.887000	-67.430700
118.963000	-67.376500
118.742000	-67.274200
119.526000	-67.191200
120.401000	-66.996000
120.411000	-66.937100
119.329000	-67.132500
118.461000	-67.190000
118.251000	-67.150800
118.428000	-67.031800
117.931000	-67.075500
117.719000	-67.175300
117.556000	-67.079900
116.844000	-67.134100
116.939000	-66.947700
116.339000	-67.156900
116.226000	-67.090800
116.191000	-67.160500
115.364000	-67.219500
115.232000	-67.323300
114.696000	-67.423200
114.666000	-67.343000
113.689000	-67.502300
114.032000	-67.189600
115.348000	-67.016800
115.779000	-66.781300
115.615000	-66.595400
115.139000	-66.484800
114.309000	-66.505800
114.489000	-66.422300
114.300000	-66.352300
114.443000	-66.227400
113.225000	-65.764100
110.931000	-66.048100
110.472000	-66.301900
110.725000	-66.405100
110.598000	-66.526400
110.755000	-66.711900
110.430000	-66.653700
109.617000	-66.918800
109.129000	-66.883800
108.872000	-66.973800
108.613000	-66.806600
108.288000	-66.763400
108.192000	-66.620300
107.685000	-66.849300
107.883000	-66.635300
107.768000	-66.545500
106.408000	-66.390800
106.338000	-66.433000
105.352000	-66.207000
104.595000	-66.141600
104.395000	-66.048600
103.885000	-65.973800
103.618000	-66.011600
102.663000	-65.859100
102.332000	-65.956900
101.276000	-65.948900
101.157000	-66.027200
101.481000	-66.062600
100.876000	-66.380800
100.475000	-66.393900
100.648000	-66.454900
100.499000	-66.519100
100.302000	-66.421900
 99.918400	-66.488200
 99.551900	-66.675800
 99.528200	-66.547900
 99.174700	-66.755600
 99.014300	-66.687900
 98.821500	-66.918400
 98.806000	-66.684300
 98.668800	-66.650300
 99.075400	-66.490800
 98.506800	-66.624200
 98.512900	-66.446200
 97.825700	-66.564800
 97.672700	-66.683500
 97.101300	-66.485700
 96.636100	-66.619200
 96.192200	-66.623500
 96.101800	-66.568500
 95.525100	-66.712100
 95.289500	-66.529700
 94.928700	-66.469300
 94.102200	-66.717600
 93.879500	-66.680500
 93.715100	-66.752200
 93.679700	-66.589200
 93.006600	-66.555800
 92.727800	-66.639900
 91.979900	-66.499500
 91.407900	-66.605700
 91.056300	-66.580000
 90.377900	-66.824100
 90.088400	-66.769400
 89.562800	-66.849600
 88.740600	-66.777400
 88.241300	-66.856300
 88.149800	-66.771000
 87.953800	-66.770600
 86.716700	-67.065800
 86.047200	-67.041600
 85.623100	-67.190500
 85.024800	-67.139300
 84.977900	-67.068800
 84.421700	-67.116400
 83.371700	-67.444000
 83.619600	-67.640000
 83.209000	-67.575000
 82.905200	-67.636900
 82.579200	-67.603200
 82.363000	-67.717600
 82.024300	-67.676400
 79.058300	-68.161200
 78.490700	-68.421000
 78.445000	-68.647600
 78.685000	-68.694000
 77.966200	-68.826500
 78.055300	-68.999800
 77.882700	-69.016900
 77.854200	-69.131300
 77.436300	-69.221700
 77.026600	-69.205600
 76.836600	-69.372200
 76.580200	-69.364600
 76.369600	-69.482900
 76.377100	-69.404700
 76.177500	-69.419700
 75.787700	-69.533900
 75.811000	-69.840400
 75.416000	-69.942200
 75.265500	-69.808300
 75.091000	-69.937100
 74.952700	-69.847100
 74.736000	-69.914300
 74.744700	-69.824800
 74.287300	-69.924900
 74.235600	-69.733100
 73.996600	-69.714400
 73.692000	-69.865200
 73.471400	-69.768300
 73.198600	-70.000200
 72.797000	-70.048100
 72.608100	-70.175600
 72.887400	-70.437800
 72.467700	-70.538100
 72.334600	-70.685000
 71.818400	-70.703800
 71.844400	-70.878800
 71.523300	-70.957300
 71.331900	-71.174000
 71.560200	-71.240100
 71.269600	-71.292600
 71.147300	-71.477100
 71.545500	-71.608600
 71.076400	-71.622500
 71.211000	-71.759000
 70.416100	-71.834300
 70.740800	-71.902100
 70.668700	-71.993100
 69.910600	-72.079900
 69.964600	-72.260600
 69.635500	-72.314800
 69.548900	-72.465800
 69.062700	-72.415200
 68.320000	-72.512600
 67.913800	-72.706400
 68.138000	-72.939400
 68.028200	-73.142700
 67.212700	-73.323700
 66.394800	-73.215300
 66.316200	-73.135200
 66.988200	-72.927900
 67.334300	-72.287800
 67.234700	-72.104500
 67.505600	-72.000500
 67.533400	-71.797500
 67.884400	-71.680000
 67.801100	-71.548100
 68.041600	-71.356400
 68.659800	-71.218100
 68.550100	-71.160900
 68.904400	-71.042000
 69.266600	-70.450100
 69.133700	-70.306300
 68.712300	-70.345100
 68.554900	-70.477000
 68.418700	-70.397700
 67.959600	-70.454100
 67.654900	-70.349600
 67.773200	-70.272800
 67.204100	-70.307100
 67.198000	-70.260000
 67.495500	-70.201600
 67.565100	-70.021500
 67.871100	-70.007700
 68.087500	-69.889600
 68.153700	-69.721800
 68.554800	-70.027700
 68.962300	-69.974100
 69.213100	-69.791900
 68.868900	-69.737900
 69.241300	-69.700100
 69.353900	-69.612300
 68.732300	-69.551900
 68.901400	-69.457600
 68.739100	-69.388900
 68.941200	-69.306500
 69.278100	-69.375800
 69.334000	-69.311400
 69.729500	-69.323200
 69.767500	-69.179900
 69.303200	-69.048100
 69.874700	-68.878300
 69.355600	-68.893100
 69.270300	-68.832700
 69.677500	-68.718000
 69.637100	-68.578500
 70.195000	-68.495700
 69.638100	-68.149400
 69.631200	-67.757800
 69.343100	-67.730000
 69.067900	-67.854100
 68.343400	-67.897800
 67.120900	-67.757800
 66.714800	-67.796000
 64.795200	-67.667600
 63.537500	-67.494300
 62.624400	-67.661700
 61.903900	-67.541000
 61.238600	-67.591900
 61.172200	-67.504500
 60.465300	-67.367400
 59.632000	-67.393600
 59.512100	-67.613600
 59.279200	-67.481700
 58.984800	-67.487000
 59.138400	-67.423500
 58.569000	-67.308100
 58.559600	-67.229400
 59.051000	-67.300300
 58.928800	-67.179200
 58.418500	-67.200000
 58.317600	-67.142700
 58.021900	-67.230000
 58.136500	-67.098400
 57.581400	-66.991000
 57.321500	-67.035100
 57.367000	-67.087300
 56.980800	-67.042500
 56.593700	-67.093800
 56.149700	-67.412700
 56.160700	-67.195900
 55.725900	-67.263800
 55.752200	-67.203500
 56.350100	-67.025400
 56.152600	-66.955700
 56.330800	-66.925300
 56.260700	-66.876800
 56.727000	-66.918500
 56.674600	-66.854100
 56.395700	-66.841900
 56.569400	-66.795400
 56.333700	-66.796200
 56.514600	-66.745200
 56.011000	-66.669400
 56.122200	-66.619200
 55.990900	-66.586400
 57.171900	-66.723700
 57.299500	-66.702400
 57.230100	-66.534900
 56.768400	-66.399200
 56.433700	-66.394100
 56.390400	-66.462100
 55.866000	-66.121100
 55.204000	-65.926800
 53.778100	-65.841000
 52.928700	-65.960500
 52.187600	-65.976200
 51.496000	-66.114400
 51.369100	-66.230100
 50.417900	-66.335500
 50.223500	-66.484700
 50.224200	-66.728000
 50.506000	-66.792900
 50.846900	-66.763000
 50.416900	-66.969100
 50.461500	-67.069600
 50.959900	-67.115500
 50.889500	-67.215900
 50.628100	-67.177300
 50.619500	-67.240600
 50.141100	-67.112600
 49.683200	-67.288400
 49.885600	-67.071000
 49.161900	-67.002900
 49.355000	-66.961500
 49.254100	-66.820900
 48.449400	-66.969100
 48.321300	-67.062300
 48.469900	-67.190600
 48.792100	-67.225800
 49.077700	-67.146100
 49.407500	-67.215600
 49.256200	-67.229100
 49.380800	-67.244600
 49.220900	-67.397100
 48.577800	-67.472900
 48.723200	-67.737200
 48.401700	-68.027000
 48.227300	-68.026900
 48.165200	-67.891400
 48.456900	-67.731000
 47.954100	-67.643500
 47.524200	-67.794900
 47.294700	-67.763300
 47.655700	-67.664800
 47.047900	-67.697800
 47.335800	-67.569700
 46.936700	-67.584000
 46.919400	-67.503400
 47.453600	-67.410800
 46.946300	-67.344700
 46.886200	-67.262400
 46.520500	-67.272100
 46.218300	-67.375200
 46.296200	-67.557200
 46.641500	-67.595300
 46.383000	-67.616400
 46.423000	-67.743400
 46.198700	-67.644600
 45.791300	-67.670400
 45.618500	-67.824600
 45.410300	-67.693100
 44.927200	-67.732900
 44.640400	-67.821900
 44.846000	-67.962700
 44.659200	-68.009500
 44.479400	-67.952200
 43.943500	-67.975600
 43.731600	-68.054900
 43.085700	-68.048100
 42.606800	-68.180500
 42.540600	-68.378800
 41.638800	-68.447400
 41.001100	-68.589100
 40.764700	-68.753100
 40.502300	-68.720800
 39.851700	-68.828000
 39.689400	-69.034600
 39.787500	-69.604600
 39.150700	-69.721900
 39.217600	-69.884500
 38.773300	-69.989000
 39.115400	-70.163700
 39.006800	-70.205100
 38.707000	-70.189400
 38.403800	-69.998900
 38.190000	-70.025200
 38.294400	-69.965900
 38.003900	-69.856800
 38.277600	-69.778300
 38.033600	-69.714100
 37.751500	-69.752000
 37.778000	-69.680000
 37.509000	-69.688600
 37.488600	-69.760100
 37.224100	-69.737500
 37.034000	-69.895000
 36.710900	-69.628600
 36.351500	-69.607600
 36.150800	-69.708600
 36.068800	-69.635500
 35.241000	-69.740100
 35.056400	-69.643200
 35.252900	-69.548700
 35.094900	-69.507100
 35.182100	-69.279500
 34.605900	-69.065300
 34.121000	-69.149800
 33.598600	-69.057700
 34.024400	-68.860000
 34.383900	-68.809400
 34.363700	-68.716000
 33.300400	-68.664500
 32.488700	-68.912900
 32.487200	-69.081800
 33.009700	-69.493500
 32.764100	-70.017700
 31.427100	-70.230400
 29.821000	-70.312500
 28.469300	-70.697500
 27.677900	-70.727300
 27.213300	-70.836500
 27.281600	-70.987500
 26.928300	-70.919400
 26.050400	-71.048400
 24.904100	-70.933500
 24.308700	-70.745900
 24.426900	-70.547600
 24.084000	-70.399200
 23.722300	-70.404100
 23.306400	-70.824300
 22.329300	-70.770100
 22.378000	-70.694400
 21.816300	-70.634700
 22.428300	-70.617400
 22.580800	-70.538200
 21.716700	-70.225400
 21.195200	-70.571700
 21.137200	-70.838400
 20.443200	-70.927200
 19.732300	-70.881100
 19.539800	-70.951200
 18.914800	-70.733300
 19.297500	-70.380100
 19.293700	-70.247800
 19.034400	-70.179000
 18.253000	-70.322500
 18.521400	-70.501100
 18.067300	-70.545400
 16.476600	-70.452800
 16.662900	-70.220600
 16.521900	-70.126500
 15.938900	-70.189900
 15.862000	-70.384400
 14.989600	-70.282300
 13.845200	-70.353800
 13.315600	-70.266900
 12.967000	-70.039700
 12.425500	-70.073300
 13.045700	-70.225100
 12.278000	-70.388700
 11.882100	-70.778600
 11.226300	-70.766700
  9.949170	-70.445300
  9.415800	-70.107300
  9.171990	-70.070000
  8.877000	-70.193500
  9.161860	-70.378600
  8.836620	-70.352900
  8.538390	-70.475600
  7.923510	-70.476100
  7.922790	-70.190400
  7.516960	-70.179900
  7.432040	-70.332300
  7.679730	-70.517800
  7.247020	-70.507200
  7.130280	-70.565200
  6.974730	-70.519700
  6.906770	-70.574400
  6.801250	-70.525600
  6.755600	-70.606300
  5.019720	-70.635400
  3.597140	-70.857000
  2.516240	-70.900700
  0.672866	-71.216700
  0.000000	-71.492700
360.000000	-71.492700
